,Name,ID,Season,Club,AppearancesH,StartsH,SubsH,MinsH,GoalsH,AssistsH,AppearancesA,StartsA,SubsA,MinsA,GoalsA,AssistsA,Appearances,Starts,Subs,Mins,Goals,Assists,PointsWonH,PointsWonA,PointsWon,GCGoalsH,GCGoalsA,GCGoals,PenaltiesH,PenaltiesA,Penalties,OwnGoalsH,OwnGoalsA,OwnGoals
0,Artur Boruc,1000,"[2015, 2016, 2017, 2018, 2019]",AFC Bournemouth,42,42,0,3780,0,0,37,37,0,3330,0,0,79,79,0,7110,0,0,0,0,0,0,0,0,0,0,0,0,0,0
1,Artur Boruc,1000,"[2012, 2013]",Southampton FC,23,23,0,2026,0,0,26,26,0,2308,0,0,49,49,0,4334,0,0,0,0,0,0,0,0,0,0,0,0,0,0
2,Simon Francis,1001,"[2015, 2016, 2017, 2018, 2019]",AFC Bournemouth,70,67,3,5936,0,0,66,59,7,5428,0,0,136,126,10,11364,0,0,0,0,0,0,0,0,0,0,0,0,0,0
3,Steve Cook,1002,"[2015, 2016, 2017, 2018, 2019]",AFC Bournemouth,82,80,2,7153,5,0,86,84,2,7505,5,0,168,164,4,14658,10,0,3,6,9,4,4,8,0,0,0,0,0,0
4,Charlie Daniels,1003,"[2015, 2016, 2017, 2018, 2019]",AFC Bournemouth,65,62,3,5423,6,0,64,62,2,5640,3,0,129,124,5,11063,9,0,0,3,3,3,1,4,1,1,2,0,0,0
5,Adam Smith,1004,"[2015, 2016, 2017, 2018, 2019]",AFC Bournemouth,72,64,8,5895,4,0,71,63,8,5529,1,0,143,127,16,11424,5,0,0,0,0,0,1,1,0,0,0,0,0,0
6,Adam Smith,1004,[2014],Leicester City,0,0,0,0,0,0,0,0,0,0,0,0,0,0,0,0,0,0,0,0,0,0,0,0,0,0,0,0,0,0
7,Adam Smith,1004,[2011],Tottenham Hotspur,1,0,1,14,0,0,0,0,0,0,0,0,1,0,1,14,0,0,0,0,0,0,0,0,0,0,0,0,0,0
8,Dan Gosling,1005,"[2015, 2016, 2017, 2018, 2019]",AFC Bournemouth,67,47,20,4118,7,0,71,49,22,4581,5,0,138,96,42,8699,12,0,1,3,4,5,4,9,0,0,0,0,0,0
9,Dan Gosling,1005,"[2010, 2011, 2012, 2013]",Newcastle United,9,2,7,301,0,0,15,3,12,363,1,0,24,5,19,664,1,0,0,0,0,0,0,0,0,0,0,0,0,0
10,Dan Gosling,1005,"[2008, 2009]",Everton FC,11,3,8,387,3,0,10,5,5,452,1,0,21,8,13,839,4,0,0,0,0,1,0,1,0,0,0,0,0,0
11,Andrew Surman,1006,"[2015, 2016, 2017, 2018, 2019]",AFC Bournemouth,47,44,3,3969,1,0,61,53,8,4825,1,0,108,97,11,8794,2,0,0,0,0,1,1,2,0,0,0,0,0,0
12,Andrew Surman,1006,"[2011, 2012]",Norwich City,15,12,3,1066,2,0,14,13,1,1120,2,0,29,25,4,2186,4,0,0,0,0,1,2,3,0,0,0,0,0,0
13,Andrew Surman,1006,[2009],Wolverhampton Wanderers,2,1,1,98,0,0,5,2,3,218,0,0,7,3,4,316,0,0,0,0,0,0,0,0,0,0,0,0,0,0
14,Harry Arter,1007,"[2015, 2016, 2017]",AFC Bournemouth,33,31,2,2650,2,0,36,34,2,2958,1,0,69,65,4,5608,3,0,0,0,0,1,0,1,0,0,0,0,0,0
15,Harry Arter,1007,[2018],Cardiff City,14,14,0,1186,0,0,11,10,1,823,0,0,25,24,1,2009,0,0,0,0,0,0,0,0,0,0,0,0,0,0
16,Matt Ritchie,1008,[2015],AFC Bournemouth,18,15,3,1345,4,0,19,18,1,1633,0,0,37,33,4,2978,4,0,1,0,1,2,0,2,0,0,0,0,0,0
17,Matt Ritchie,1008,"[2017, 2018, 2019]",Newcastle United,46,43,3,3703,6,0,43,38,5,3365,1,0,89,81,8,7068,7,0,9,1,10,4,1,5,1,0,1,0,0,0
18,Matt Ritchie,1008,[2009],Portsmouth FC,1,0,1,2,0,0,1,1,0,80,0,0,2,1,1,82,0,0,0,0,0,0,0,0,0,0,0,0,0,0
19,Junior Stanislas,1009,"[2015, 2016, 2017, 2018, 2019]",AFC Bournemouth,48,35,13,3049,12,0,51,35,16,2900,8,0,99,70,29,5949,20,0,10,0,10,10,4,14,3,2,5,0,0,0
20,Junior Stanislas,1009,"[2008, 2009, 2010]",West Ham United,17,11,6,1067,4,0,24,11,13,1150,1,0,41,22,19,2217,5,0,4,1,5,3,1,4,0,0,0,0,0,0
21,Glenn Murray,1010,[2015],AFC Bournemouth,8,3,5,298,1,0,11,3,8,371,2,0,19,6,13,669,3,0,0,3,3,1,1,2,0,0,0,0,0,0
22,Glenn Murray,1010,"[2017, 2018, 2019]",Brighton & Hove Albion,50,34,16,2999,15,0,46,28,18,2500,11,0,96,62,34,5499,26,0,8,6,14,11,8,19,4,4,8,0,0,0
23,Glenn Murray,1010,"[2013, 2014]",Crystal Palace,17,8,9,798,2,0,14,4,10,483,6,0,31,12,19,1281,8,0,0,1,1,1,4,5,0,2,2,0,0,0
24,Eunan O'Kane,1011,[2015],AFC Bournemouth,10,2,8,362,0,0,6,4,2,387,0,0,16,6,10,749,0,0,0,0,0,0,0,0,0,0,0,0,0,0
25,Tokelo Rantie,1012,[2015],AFC Bournemouth,2,0,2,30,0,0,1,0,1,8,0,0,3,0,3,38,0,0,0,0,0,0,0,0,0,0,0,0,0,0
26,Yann Kermorgant,1013,[2015],AFC Bournemouth,5,0,5,121,0,0,2,0,2,47,0,0,7,0,7,168,0,0,0,0,0,0,0,0,0,0,0,0,0,0
27,Adam Federici,1014,"[2015, 2016]",AFC Bournemouth,2,2,0,136,0,0,6,6,0,540,0,0,8,8,0,676,0,0,0,0,0,0,0,0,0,0,0,0,0,0
28,Adam Federici,1014,"[2006, 2012]",Reading FC,12,12,0,1080,0,0,11,9,2,921,0,0,23,21,2,2001,0,0,0,0,0,0,0,0,0,0,0,0,0,0
29,Sylvain Distin,1015,[2015],AFC Bournemouth,5,5,0,450,0,0,7,4,3,392,0,0,12,9,3,842,0,0,0,0,0,0,0,0,0,0,0,0,0,0
30,Sylvain Distin,1015,"[2009, 2010, 2011, 2012, 2013, 2014]",Everton FC,86,83,3,7417,1,0,88,84,4,7642,1,0,174,167,7,15059,2,0,0,0,0,1,1,2,0,0,0,0,0,0
31,Sylvain Distin,1015,"[2002, 2003, 2004, 2005, 2006]",Manchester City,87,87,0,7812,2,0,80,80,0,7119,3,0,167,167,0,14931,5,0,0,1,1,2,2,4,0,0,0,0,0,0
32,Sylvain Distin,1015,[2001],Newcastle United,14,11,3,1032,0,0,13,8,5,820,0,0,27,19,8,1852,0,0,0,0,0,0,0,0,0,0,0,0,0,0
33,Sylvain Distin,1015,"[2007, 2008]",Portsmouth FC,36,36,0,3240,0,0,37,37,0,3286,0,0,73,73,0,6526,0,0,0,0,0,0,0,0,0,0,0,0,0,0
34,Marc Pugh,1016,"[2015, 2016, 2017, 2018]",AFC Bournemouth,35,23,12,1967,2,0,32,19,13,1686,3,0,67,42,25,3653,5,0,3,0,3,1,3,4,0,0,0,0,0,0
35,Shaun MacDonald,1017,[2015],AFC Bournemouth,0,0,0,0,0,0,3,0,3,29,0,0,3,0,3,29,0,0,0,0,0,0,0,0,0,0,0,0,0,0
36,Wayne Hennessey,1018,"[2013, 2014, 2015, 2016, 2017, 2018, 2019]",Crystal Palace,53,52,1,4725,0,0,57,56,1,5076,0,0,110,108,2,9801,0,0,0,0,0,0,0,0,0,0,0,0,0,0
37,Wayne Hennessey,1018,"[2009, 2010, 2011]",Wolverhampton Wanderers,35,35,0,3150,0,0,36,36,0,3240,0,0,71,71,0,6390,0,0,0,0,0,0,0,0,0,0,0,0,0,0
38,Joel Ward,1019,"[2013, 2014, 2015, 2016, 2017, 2018, 2019]",Crystal Palace,98,96,2,8627,3,0,98,97,1,8602,1,0,196,193,3,17229,4,0,0,3,3,1,1,2,0,0,0,0,0,0
39,Joel Ward,1019,[2009],Portsmouth FC,2,0,2,54,0,0,1,1,0,90,0,0,3,1,2,144,0,0,0,0,0,0,0,0,0,0,0,0,0,0
40,Scott Dann,1020,"[2013, 2014, 2015, 2016, 2017, 2018, 2019]",Crystal Palace,77,73,4,6581,6,0,72,66,6,5892,6,0,149,139,10,12473,12,0,1,4,5,4,4,8,0,0,0,0,0,0
41,Scott Dann,1020,"[2009, 2010]",Birmingham City,25,25,0,2250,0,0,25,25,0,2250,2,0,50,50,0,4500,2,0,0,3,3,0,1,1,0,0,0,0,0,0
42,Scott Dann,1020,[2011],Blackburn Rovers,12,12,0,1080,1,0,15,15,0,1323,0,0,27,27,0,2403,1,0,0,0,0,1,0,1,0,0,0,0,0,0
43,Pape Souar√©,1021,"[2014, 2015, 2016, 2017, 2018]",Crystal Palace,27,24,3,2174,0,0,21,20,1,1726,0,0,48,44,4,3900,0,0,0,0,0,0,0,0,0,0,0,0,0,0
44,Damien Delaney,1022,"[2013, 2014, 2015, 2016, 2017]",Crystal Palace,65,59,6,5259,1,0,65,60,5,5490,2,0,130,119,11,10749,3,0,0,0,0,0,1,1,0,0,0,0,0,0
45,Damien Delaney,1022,"[2000, 2001]",Leicester City,3,2,1,189,0,0,5,3,2,342,0,0,8,5,3,531,0,0,0,0,0,0,0,0,0,0,0,0,0,0
46,James McArthur,1023,"[2014, 2015, 2016, 2017, 2018, 2019]",Crystal Palace,100,91,9,7702,12,0,97,88,9,7716,5,0,197,179,18,15418,17,0,3,0,3,8,4,12,0,0,0,0,0,0
47,James McArthur,1023,"[2010, 2011, 2012]",Wigan Athletic,41,23,18,2337,2,0,42,22,20,2372,4,0,83,45,38,4709,6,0,0,3,3,1,2,3,0,0,0,0,0,0
48,Jordon Mutch,1024,"[2014, 2015, 2016, 2017]",Crystal Palace,12,2,10,460,0,0,19,9,10,718,0,0,31,11,20,1178,0,0,0,0,0,0,0,0,0,0,0,0,0,0
49,Jordon Mutch,1024,[2010],Birmingham City,0,0,0,0,0,0,3,3,0,244,0,0,3,3,0,244,0,0,0,0,0,0,0,0,0,0,0,0,0,0
50,Jordon Mutch,1024,[2013],Cardiff City,16,13,3,1086,3,0,19,13,6,1177,4,0,35,26,9,2263,7,0,0,3,3,2,2,4,0,0,0,0,0,0
51,Joe Ledley,1025,"[2013, 2014, 2015, 2016]",Crystal Palace,38,30,8,2677,3,0,45,38,7,3325,3,0,83,68,15,6002,6,0,0,3,3,2,1,3,0,0,0,0,0,0
52,Jason Puncheon,1026,"[2013, 2014, 2015, 2016, 2017, 2018]",Crystal Palace,78,66,12,5780,8,0,75,66,9,5863,7,0,153,132,21,11643,15,0,16,0,16,7,5,12,1,0,1,0,0,0
53,Jason Puncheon,1026,[2012],Southampton FC,16,14,2,1134,2,0,16,11,5,933,3,0,32,25,7,2067,5,0,3,2,5,2,2,4,0,0,0,0,0,0
54,Jason Puncheon,1026,[2011],Queens Park Rangers,2,0,2,15,0,0,0,0,0,0,0,0,2,0,2,15,0,0,0,0,0,0,0,0,0,0,0,0,0,0
55,Jason Puncheon,1026,[2010],Blackpool FC,6,3,3,342,2,0,5,3,2,306,1,0,11,6,5,648,3,0,0,0,0,1,1,2,0,0,0,0,0,0
56,Fraizer Campbell,1027,"[2014, 2015, 2016]",Crystal Palace,22,9,13,861,3,0,21,8,13,825,2,0,43,17,26,1686,5,0,1,1,2,2,2,4,0,0,0,0,0,0
57,Fraizer Campbell,1027,"[2009, 2010, 2011, 2012]",Sunderland AFC,27,16,11,1575,4,0,30,12,18,1359,2,0,57,28,29,2934,6,0,0,0,0,3,1,4,0,0,0,0,0,0
58,Fraizer Campbell,1027,[2013],Cardiff City,18,17,1,1418,5,0,19,15,4,1355,1,0,37,32,5,2773,6,0,0,0,0,3,0,3,0,0,0,0,0,0
59,Fraizer Campbell,1027,[2007],Manchester United,0,0,0,0,0,0,1,0,1,17,0,0,1,0,1,17,0,0,0,0,0,0,0,0,0,0,0,0,0,0
60,Fraizer Campbell,1027,[2008],Tottenham Hotspur,7,1,6,227,0,0,3,0,3,48,1,0,10,1,9,275,1,0,0,0,0,0,0,0,0,0,0,0,0,0
61,Wilfried Zaha,1028,"[2014, 2015, 2016, 2017, 2018, 2019]",Crystal Palace,101,94,7,8359,15,0,100,92,8,8018,21,0,201,186,15,16377,36,0,6,10,16,12,16,28,0,0,0,0,0,0
62,Wilfried Zaha,1028,[2013],Cardiff City,6,3,3,275,0,0,6,2,4,307,0,0,12,5,7,582,0,0,0,0,0,0,0,0,0,0,0,0,0,0
63,Yohan Cabaye,1029,"[2015, 2016, 2017]",Crystal Palace,48,44,4,3659,5,0,48,41,7,3563,4,0,96,85,11,7222,9,0,3,3,6,2,2,4,2,1,3,0,0,0
64,Yohan Cabaye,1029,"[2011, 2012, 2013]",Newcastle United,40,39,1,3195,9,0,39,37,2,3272,8,0,79,76,3,6467,17,0,3,3,6,6,5,11,1,0,1,0,0,0
65,Mile Jedinak,1030,"[2013, 2014, 2015, 2016]",Crystal Palace,47,41,6,3680,2,0,43,38,5,3414,4,0,90,79,11,7094,6,0,0,4,4,0,3,3,0,4,4,0,0,0
66,Marouane Chamakh,1031,"[2013, 2014, 2015]",Crystal Palace,32,23,9,1988,5,0,28,20,8,1728,2,0,60,43,17,3716,7,0,6,0,6,2,2,4,1,0,1,0,0,0
67,Marouane Chamakh,1031,"[2010, 2011, 2012]",Arsenal FC,21,9,12,902,4,0,18,10,8,1107,4,0,39,19,20,2009,8,0,3,0,3,2,1,3,0,0,0,0,0,0
68,Alex McCarthy,1032,[2015],Crystal Palace,4,4,0,360,0,0,3,3,0,270,0,0,7,7,0,630,0,0,0,0,0,0,0,0,0,0,0,0,0,0
69,Alex McCarthy,1032,"[2016, 2017, 2018, 2019]",Southampton FC,35,35,0,3150,0,0,36,36,0,3240,0,0,71,71,0,6390,0,0,0,0,0,0,0,0,0,0,0,0,0,0
70,Alex McCarthy,1032,[2014],Queens Park Rangers,2,1,1,146,0,0,1,1,0,90,0,0,3,2,1,236,0,0,0,0,0,0,0,0,0,0,0,0,0,0
71,Alex McCarthy,1032,[2012],Reading FC,6,6,0,540,0,0,7,7,0,630,0,0,13,13,0,1170,0,0,0,0,0,0,0,0,0,0,0,0,0,0
72,Brede Hangeland,1033,"[2014, 2015]",Crystal Palace,12,11,1,1038,0,0,9,8,1,764,2,0,21,19,2,1802,2,0,0,0,0,0,2,2,0,0,0,0,0,0
73,Brede Hangeland,1033,"[2007, 2008, 2009, 2010, 2011, 2012, 2013]",Fulham FC,106,106,0,9377,6,0,105,105,0,9335,2,0,211,211,0,18712,8,0,8,0,8,4,1,5,0,0,0,0,0,0
74,Martin Kelly,1034,"[2014, 2015, 2016, 2017, 2018, 2019]",Crystal Palace,58,49,9,4450,0,0,62,55,7,5075,0,0,120,104,16,9525,0,0,0,0,0,0,0,0,0,0,0,0,0,0
75,Martin Kelly,1034,"[2009, 2010, 2011, 2012, 2013]",Liverpool FC,20,14,6,1295,0,0,13,12,1,993,0,0,33,26,7,2288,0,0,0,0,0,0,0,0,0,0,0,0,0,0
76,Connor Wickham,1035,"[2015, 2016, 2018, 2019]",Crystal Palace,19,9,10,935,1,0,22,10,12,950,7,0,41,19,22,1885,8,0,0,1,1,1,4,5,0,1,1,0,0,0
77,Connor Wickham,1035,"[2011, 2012, 2013, 2014]",Sunderland AFC,42,23,19,2340,7,0,37,26,11,2254,4,0,79,49,30,4594,11,0,0,0,0,5,4,9,0,0,0,0,0,0
78,Asmir Begoviƒá,1036,"[2017, 2018]",AFC Bournemouth,31,31,0,2790,0,0,31,31,0,2790,0,0,62,62,0,5580,0,0,0,0,0,0,0,0,0,0,0,0,0,0
79,Asmir Begoviƒá,1036,"[2009, 2010, 2011, 2012, 2013, 2014]",Stoke City,80,80,0,7200,1,0,80,78,2,7091,0,0,160,158,2,14291,1,0,0,0,0,1,0,1,0,0,0,0,0,0
80,Asmir Begoviƒá,1036,"[2015, 2016]",Chelsea FC,9,7,2,677,0,0,10,10,0,900,0,0,19,17,2,1577,0,0,0,0,0,0,0,0,0,0,0,0,0,0
81,Asmir Begoviƒá,1036,[2008],Portsmouth FC,1,1,0,90,0,0,1,1,0,90,0,0,2,2,0,180,0,0,0,0,0,0,0,0,0,0,0,0,0,0
82,Nathan Ak√©,1037,"[2017, 2018, 2019]",AFC Bournemouth,54,54,0,4755,5,0,51,50,1,4515,3,0,105,104,1,9270,8,0,4,0,4,3,1,4,0,0,0,0,0,0
83,Nathan Ak√©,1037,"[2012, 2013, 2014, 2016]",Chelsea FC,2,2,0,180,0,0,5,0,5,38,0,0,7,2,5,218,0,0,0,0,0,0,0,0,0,0,0,0,0,0
84,Nathan Ak√©,1037,[2015],Watford FC,12,10,2,945,1,0,12,10,2,954,0,0,24,20,4,1899,1,0,0,0,0,1,0,1,0,0,0,0,0,0
85,Lewis Cook,1038,"[2016, 2017, 2018, 2019]",AFC Bournemouth,42,28,14,2653,0,0,33,23,10,2084,0,0,75,51,24,4737,0,0,0,0,0,0,0,0,0,0,0,0,0,0
86,Callum Wilson,1039,"[2015, 2016, 2017, 2018, 2019]",AFC Bournemouth,64,56,8,5027,20,0,62,53,9,4546,21,0,126,109,17,9573,41,0,4,5,9,12,15,27,2,3,5,0,0,0
87,Joshua King,1040,"[2015, 2016, 2017, 2018, 2019]",AFC Bournemouth,80,72,8,6090,25,0,81,68,13,6005,23,0,161,140,21,12095,48,0,13,5,18,18,14,32,4,8,12,0,0,0
88,Joshua King,1040,[2010],Manchester United,0,0,0,0,0,0,0,0,0,0,0,0,0,0,0,0,0,0,0,0,0,0,0,0,0,0,0,0,0,0
89,Ryan Fraser,1041,"[2016, 2017, 2018, 2019]",AFC Bournemouth,60,49,11,4488,12,0,60,49,11,4524,4,0,120,98,22,9012,16,0,7,0,7,8,1,9,0,0,0,0,0,0
90,Jordon Ibe,1042,"[2016, 2017, 2018, 2019]",AFC Bournemouth,41,20,21,1842,2,0,37,24,13,2057,1,0,78,44,34,3899,3,0,3,0,3,2,0,2,0,0,0,0,0,0
91,Jordon Ibe,1042,"[2012, 2013, 2014, 2015]",Liverpool FC,20,9,11,858,0,0,21,11,10,1011,1,0,41,20,21,1869,1,0,0,1,1,0,1,1,0,0,0,0,0,0
92,Benik Afobe,1043,"[2015, 2016, 2017]",AFC Bournemouth,32,15,17,1465,5,0,31,16,15,1459,5,0,63,31,32,2924,10,0,1,3,4,1,4,5,0,0,0,0,0,0
93,Lys Mousset,1044,"[2016, 2017, 2018]",AFC Bournemouth,30,3,27,528,2,0,28,5,23,672,1,0,58,8,50,1200,3,0,3,0,3,2,0,2,0,0,0,0,0,0
94,Lys Mousset,1044,[2019],Sheffield United,14,4,10,524,3,0,16,7,9,708,3,0,30,11,19,1232,6,0,3,1,4,1,2,3,0,0,0,0,0,0
95,Jack Simpson,1045,"[2017, 2018, 2019]",AFC Bournemouth,5,3,2,385,0,0,6,3,3,328,0,0,11,6,5,713,0,0,0,0,0,0,0,0,0,0,0,0,0,0
96,Jordan Pickford,1046,"[2017, 2018, 2019]",Everton FC,57,57,0,5130,0,0,57,57,0,5130,0,0,114,114,0,10260,0,0,0,0,0,0,0,0,0,0,0,0,0,0
97,Jordan Pickford,1046,"[2013, 2014, 2015, 2016]",Sunderland AFC,14,14,0,1260,0,0,17,17,0,1530,0,0,31,31,0,2790,0,0,0,0,0,0,0,0,0,0,0,0,0,0
98,Michael Keane,1047,"[2017, 2018, 2019]",Everton FC,45,43,2,3898,0,0,49,47,2,4189,3,0,94,90,4,8087,3,0,0,3,3,0,1,1,0,0,0,0,0,0
99,Michael Keane,1047,"[2014, 2016]",Burnley FC,25,25,0,2250,1,0,31,27,4,2494,1,0,56,52,4,4744,2,0,0,1,1,0,1,1,0,0,0,0,0,0
100,Michael Keane,1047,[2013],Manchester United,0,0,0,0,0,0,0,0,0,0,0,0,0,0,0,0,0,0,0,0,0,0,0,0,0,0,0,0,0,0
101,Phil Jagielka,1048,"[2007, 2008, 2009, 2010, 2011, 2012, 2013, 2014, 2015, 2016, 2017, 2018]",Everton FC,157,147,10,13244,9,0,161,152,9,13723,5,0,318,299,19,26967,14,0,9,4,13,8,4,12,0,0,0,0,0,0
102,Phil Jagielka,1048,"[2006, 2019]",Sheffield United,22,19,3,1744,3,0,20,19,1,1736,1,0,42,38,4,3480,4,0,6,0,6,2,1,3,1,1,2,0,0,0
103,Cuco Martina,1049,"[2017, 2019]",Everton FC,12,11,1,1020,0,0,9,9,0,810,0,0,21,20,1,1830,0,0,0,0,0,0,0,0,0,0,0,0,0,0
104,Cuco Martina,1049,"[2015, 2016]",Southampton FC,14,10,4,962,1,0,10,7,3,711,0,0,24,17,7,1673,1,0,0,0,0,1,0,1,0,0,0,0,0,0
105,Jonjoe Kenny,1050,"[2015, 2016, 2017, 2018]",Everton FC,15,11,4,1162,0,0,16,14,2,1289,0,0,31,25,6,2451,0,0,0,0,0,0,0,0,0,0,0,0,0,0
106,Morgan Schneiderlin,1051,"[2016, 2017, 2018, 2019]",Everton FC,38,31,7,2543,1,0,35,27,8,2499,0,0,73,58,15,5042,1,0,0,0,0,0,0,0,0,0,0,0,0,0
107,Morgan Schneiderlin,1051,"[2012, 2013, 2014]",Southampton FC,48,46,2,4086,6,0,47,45,2,4070,5,0,95,91,4,8156,11,0,0,0,0,5,5,10,0,0,0,0,0,0
108,Morgan Schneiderlin,1051,[2015],Manchester United,14,13,1,1142,0,0,15,12,3,1063,1,0,29,25,4,2205,1,0,0,0,0,0,1,1,0,0,0,0,0,0
109,Aaron Lennon,1052,"[2014, 2015, 2016, 2017]",Everton FC,30,21,9,1834,3,0,35,23,12,2077,4,0,65,44,21,3911,7,0,0,3,3,2,2,4,0,0,0,0,0,0
110,Aaron Lennon,1052,"[2005, 2007, 2008, 2009, 2010, 2011, 2012, 2013]",Tottenham Hotspur,114,97,17,8539,16,0,113,96,17,8483,7,0,227,193,34,17022,23,0,9,8,17,8,6,14,0,0,0,0,0,0
111,Aaron Lennon,1052,"[2018, 2019]",Burnley FC,16,7,9,713,1,0,16,11,5,990,0,0,32,18,14,1703,1,0,0,0,0,0,0,0,0,0,0,0,0,0
112,Aaron Lennon,1052,[2003],Leeds United,5,0,5,81,0,0,6,0,6,125,0,0,11,0,11,206,0,0,0,0,0,0,0,0,0,0,0,0,0,0
113,Aaron Lennon,1052,[2006],Watford FC,1,1,0,90,0,0,0,0,0,0,0,0,1,1,0,90,0,0,0,0,0,0,0,0,0,0,0,0,0,0
114,James McCarthy,1053,"[2013, 2014, 2015, 2016, 2017, 2018]",Everton FC,56,50,6,4342,4,0,52,47,5,4223,2,0,108,97,11,8565,6,0,0,0,0,3,2,5,0,0,0,0,0,0
115,James McCarthy,1053,[2019],Crystal Palace,15,7,8,787,0,0,18,9,9,882,0,0,33,16,17,1669,0,0,0,0,0,0,0,0,0,0,0,0,0,0
116,James McCarthy,1053,"[2009, 2010, 2011, 2012]",Wigan Athletic,60,59,1,5084,6,0,55,55,0,4797,1,0,115,114,1,9881,7,0,1,0,1,4,1,5,0,0,0,0,0,0
117,Idrissa Gueye,1054,"[2016, 2017, 2018]",Everton FC,48,46,2,4056,1,0,51,50,1,4236,2,0,99,96,3,8292,3,0,0,0,0,1,1,2,0,0,0,0,0,0
118,Idrissa Gueye,1054,[2015],Aston Villa,18,18,0,1592,0,0,17,17,0,1484,0,0,35,35,0,3076,0,0,0,0,0,0,0,0,0,0,0,0,0,0
119,Gylfi Sigur√∞sson,1055,"[2017, 2018, 2019]",Everton FC,50,44,6,4029,12,0,50,45,5,3929,7,0,100,89,11,7958,19,0,3,3,6,5,3,8,1,2,3,0,0,0
120,Gylfi Sigur√∞sson,1055,"[2011, 2014, 2015, 2016]",Swansea City,64,61,3,5419,12,0,60,57,3,5019,22,0,124,118,6,10438,34,0,12,7,19,11,15,26,3,3,6,0,0,0
121,Gylfi Sigur√∞sson,1055,"[2012, 2013]",Tottenham Hotspur,29,15,14,1381,6,0,29,11,18,1119,2,0,58,26,32,2500,8,0,4,1,5,4,2,6,0,0,0,0,0,0
122,Dominic Calvert-Lewin,1056,"[2016, 2017, 2018, 2019]",Everton FC,57,36,21,3332,14,0,57,36,21,3292,10,0,114,72,42,6624,24,0,4,4,8,8,7,15,0,0,0,0,0,0
123,Yannick Bolasie,1057,"[2016, 2017]",Everton FC,13,12,1,949,1,0,16,11,5,934,1,0,29,23,6,1883,2,0,0,0,0,0,1,1,0,0,0,0,0,0
124,Yannick Bolasie,1057,"[2013, 2014, 2015]",Crystal Palace,44,38,6,3366,3,0,45,39,6,3533,6,0,89,77,12,6899,9,0,0,1,1,2,2,4,0,0,0,0,0,0
125,Wayne Rooney,1058,"[2002, 2003, 2017]",Everton FC,50,37,13,3334,13,0,44,26,18,2640,12,0,94,63,31,5974,25,0,18,12,30,10,11,21,1,2,3,0,0,0
126,Wayne Rooney,1058,"[2004, 2005, 2006, 2007, 2008, 2009, 2010, 2011, 2012, 2013, 2014, 2015, 2016]",Manchester United,197,172,25,15525,101,0,194,180,14,16045,82,0,391,352,39,31570,183,0,24,22,46,48,49,97,11,9,20,0,0,0
127,Oumar Niasse,1059,"[2015, 2017, 2018, 2019]",Everton FC,17,6,11,665,6,0,18,6,12,635,2,0,35,12,23,1300,8,0,4,1,5,3,1,4,0,0,0,0,0,0
128,Oumar Niasse,1059,[2016],Hull City,9,5,4,532,4,0,8,7,1,628,0,0,17,12,5,1160,4,0,0,0,0,2,0,2,0,0,0,0,0,0
129,Joel,1060,"[2013, 2014, 2015, 2016, 2017]",Everton FC,22,19,3,1846,0,0,20,20,0,1800,0,0,42,39,3,3646,0,0,0,0,0,0,0,0,0,0,0,0,0,0
130,Joel,1060,[2012],Wigan Athletic,4,4,0,360,0,0,5,5,0,450,0,0,9,9,0,810,0,0,0,0,0,0,0,0,0,0,0,0,0,0
131,Ashley Williams,1061,"[2016, 2017]",Everton FC,30,27,3,2433,2,0,30,28,2,2563,0,0,60,55,5,4996,2,0,3,0,3,1,0,1,0,0,0,0,0,0
132,Ashley Williams,1061,"[2011, 2012, 2013, 2014, 2015]",Swansea City,92,92,0,8259,1,0,89,89,0,8010,3,0,181,181,0,16269,4,0,3,3,6,1,1,2,0,0,0,0,0,0
133,Mason Holgate,1062,"[2015, 2016, 2017, 2018, 2019]",Everton FC,33,27,6,2379,0,0,32,30,2,2638,0,0,65,57,8,5017,0,0,0,0,0,0,0,0,0,0,0,0,0,0
134,Tom Davies,1063,"[2015, 2016, 2017, 2018, 2019]",Everton FC,55,35,20,3468,4,0,50,37,13,3076,1,0,105,72,33,6544,5,0,1,0,1,2,1,3,0,0,0,0,0,0
135,Shaka Hislop,1064,"[2003, 2004]",Portsmouth FC,25,25,0,2250,0,0,22,22,0,1980,0,0,47,47,0,4230,0,0,0,0,0,0,0,0,0,0,0,0,0,0
136,Shaka Hislop,1064,"[2000, 2001, 2005]",West Ham United,24,24,0,2085,0,0,28,28,0,2520,0,0,52,52,0,4605,0,0,0,0,0,0,0,0,0,0,0,0,0,0
137,Linvoy Primus,1065,"[2003, 2004, 2005, 2006, 2008]",Portsmouth FC,57,52,5,4577,0,0,55,53,2,4680,3,0,112,105,7,9257,3,0,0,3,3,0,2,2,0,0,0,0,0,0
138,Dejan Stefanoviƒá,1066,"[2003, 2004, 2005, 2006]",Portsmouth FC,59,59,0,5156,3,0,52,51,1,4537,0,0,111,110,1,9693,3,0,0,0,0,3,0,3,0,0,0,0,0,0
139,Dejan Stefanoviƒá,1066,[2007],Fulham FC,7,7,0,630,0,0,6,6,0,540,0,0,13,13,0,1170,0,0,0,0,0,0,0,0,0,0,0,0,0,0
140,Arjan de Zeeuw,1067,"[2003, 2004]",Portsmouth FC,35,35,0,3028,3,0,32,32,0,2880,1,0,67,67,0,5908,4,0,0,3,3,1,1,2,0,0,0,0,0,0
141,Arjan de Zeeuw,1067,"[2005, 2006]",Wigan Athletic,29,29,0,2544,0,0,23,23,0,1883,0,0,52,52,0,4427,0,0,0,0,0,0,0,0,0,0,0,0,0,0
142,Nigel Quashie,1068,"[2003, 2004]",Portsmouth FC,22,19,3,1741,0,0,18,17,1,1554,1,0,40,36,4,3295,1,0,0,0,0,0,0,0,0,0,0,0,0,0
143,Nigel Quashie,1068,[2006],West Ham United,4,4,0,340,0,0,3,3,0,270,0,0,7,7,0,610,0,0,0,0,0,0,0,0,0,0,0,0,0,0
144,Nigel Quashie,1068,[2005],West Bromwich Albion,3,3,0,258,0,0,5,5,0,450,1,0,8,8,0,708,1,0,0,0,0,0,1,1,0,0,0,0,0,0
145,Matthew Taylor,1069,"[2003, 2004, 2005, 2006, 2007]",Portsmouth FC,69,54,15,5065,9,0,74,50,24,4896,7,0,143,104,39,9961,16,0,3,3,6,6,5,11,3,1,4,0,0,0
146,Matthew Taylor,1069,[2014],Burnley FC,5,4,1,309,0,0,5,3,2,260,0,0,10,7,3,569,0,0,0,0,0,0,0,0,0,0,0,0,0,0
147,Matthew Taylor,1069,"[2008, 2009, 2010]",Bolton Wanderers,51,42,9,3664,6,0,55,41,14,3600,14,0,106,83,23,7264,20,0,1,6,7,4,9,13,1,2,3,0,0,0
148,Matthew Taylor,1069,"[2012, 2013]",West Ham United,25,15,10,1468,1,0,23,15,8,1315,0,0,48,30,18,2783,1,0,0,0,0,0,0,0,0,0,0,0,0,0
149,Amdy Faye,1070,"[2003, 2004]",Portsmouth FC,24,22,2,1992,0,0,23,22,1,1818,0,0,47,44,3,3810,0,0,0,0,0,0,0,0,0,0,0,0,0,0
150,Amdy Faye,1070,[2005],Newcastle United,11,6,5,678,0,0,11,8,3,661,0,0,22,14,8,1339,0,0,0,0,0,0,0,0,0,0,0,0,0,0
151,Amdy Faye,1070,"[2008, 2009]",Stoke City,14,11,3,987,0,0,10,10,0,738,0,0,24,21,3,1725,0,0,0,0,0,0,0,0,0,0,0,0,0,0
152,Amdy Faye,1070,[2006],Charlton Athletic,13,10,3,873,0,0,15,15,0,1216,1,0,28,25,3,2089,1,0,0,3,3,0,1,1,0,0,0,0,0,0
153,Steve Stone,1071,"[2003, 2004]",Portsmouth FC,29,28,1,2411,4,0,25,22,3,1967,1,0,54,50,4,4378,5,0,4,1,5,3,1,4,0,0,0,0,0,0
154,Steve Stone,1071,"[2000, 2001]",Aston Villa,27,22,5,1943,1,0,25,21,4,1814,2,0,52,43,9,3757,3,0,0,0,0,1,0,1,0,0,0,0,0,0
155,Aleksey Smertin,1072,[2003],Portsmouth FC,12,12,0,1013,0,0,14,11,3,1054,0,0,26,23,3,2067,0,0,0,0,0,0,0,0,0,0,0,0,0,0
156,Aleksey Smertin,1072,[2005],Charlton Athletic,9,9,0,742,0,0,9,9,0,785,0,0,18,18,0,1527,0,0,0,0,0,0,0,0,0,0,0,0,0,0
157,Aleksey Smertin,1072,[2004],Chelsea FC,8,5,3,351,0,0,8,6,2,431,0,0,16,11,5,782,0,0,0,0,0,0,0,0,0,0,0,0,0,0
158,Aleksey Smertin,1072,"[2006, 2007]",Fulham FC,12,10,2,858,2,0,10,7,3,666,0,0,22,17,5,1524,2,0,3,0,3,1,0,1,0,0,0,0,0,0
159,Yakubu Ayegbeni,1073,"[2003, 2004]",Portsmouth FC,35,33,2,2933,22,0,31,30,1,2570,7,0,66,63,3,5503,29,0,11,4,15,12,7,19,6,0,6,0,0,0
160,Yakubu Ayegbeni,1073,"[2005, 2006]",Middlesbrough FC,37,34,3,3048,17,0,33,30,3,2621,8,0,70,64,6,5669,25,0,6,0,6,13,5,18,5,2,7,0,0,0
161,Yakubu Ayegbeni,1073,"[2007, 2008, 2009, 2010]",Everton FC,41,29,12,2721,15,0,40,26,14,2255,10,0,81,55,26,4976,25,0,4,0,4,10,6,16,1,0,1,0,0,0
162,Yakubu Ayegbeni,1073,[2011],Blackburn Rovers,16,15,1,1353,11,0,14,14,0,1166,6,0,30,29,1,2519,17,0,0,1,1,6,4,10,2,2,4,0,0,0
163,Lomana LuaLua,1074,"[2003, 2004, 2005, 2006]",Portsmouth FC,49,33,16,3074,11,0,38,29,9,2676,8,0,87,62,25,5750,19,0,9,4,13,7,7,14,1,0,1,0,0,0
164,Lomana LuaLua,1074,"[2000, 2001, 2002]",Newcastle United,25,4,21,737,4,0,27,8,19,928,1,0,52,12,40,1665,5,0,0,3,3,2,1,3,0,0,0,0,0,0
165,Richard Duffy,1075,[2003],Portsmouth FC,1,0,1,68,0,0,0,0,0,0,0,0,1,0,1,68,0,0,0,0,0,0,0,0,0,0,0,0,0,0
166,Teddy Sheringham,1076,[2003],Portsmouth FC,15,12,3,1104,7,0,17,13,4,1110,2,0,32,25,7,2214,9,0,0,0,0,3,2,5,1,0,1,0,0,0
167,Teddy Sheringham,1076,[2000],Manchester United,14,10,4,945,11,0,15,13,2,1062,4,0,29,23,6,2007,15,0,3,0,3,3,3,6,1,0,1,0,0,0
168,Teddy Sheringham,1076,"[2001, 2002]",Tottenham Hotspur,33,32,1,2873,12,0,36,34,2,2991,10,0,69,66,3,5864,22,0,7,3,10,8,8,16,4,2,6,0,0,0
169,Teddy Sheringham,1076,"[2005, 2006]",West Ham United,23,11,12,1200,7,0,18,8,10,775,1,0,41,19,22,1975,8,0,3,0,3,4,0,4,1,0,1,0,0,0
170,Edwin van der Sar,1077,"[2001, 2002, 2003, 2004]",Fulham FC,62,61,1,5463,0,0,55,55,0,4922,0,0,117,116,1,10385,0,0,0,0,0,0,0,0,0,0,0,0,0,0
171,Edwin van der Sar,1077,"[2005, 2006, 2007, 2008, 2009, 2010]",Manchester United,92,92,0,8280,0,0,94,94,0,8313,0,0,186,186,0,16593,0,0,0,0,0,0,0,0,0,0,0,0,0,0
172,Moritz Volz,1078,"[2003, 2004, 2005, 2006, 2007]",Fulham FC,60,55,5,4881,0,0,59,54,5,4836,2,0,119,109,10,9717,2,0,0,1,1,0,2,2,0,0,0,0,0,0
173,Martin Djetou,1079,"[2002, 2003]",Fulham FC,25,20,5,1849,1,0,21,16,5,1332,0,0,46,36,10,3181,1,0,3,0,3,1,0,1,0,0,0,0,0,0
174,Martin Djetou,1079,[2005],Bolton Wanderers,0,0,0,0,0,0,3,1,2,94,0,0,3,1,2,94,0,0,0,0,0,0,0,0,0,0,0,0,0,0
175,Alain Goma,1080,"[2001, 2002, 2003, 2004, 2005]",Fulham FC,55,55,0,4830,0,0,52,50,2,4561,0,0,107,105,2,9391,0,0,0,0,0,0,0,0,0,0,0,0,0,0
176,Alain Goma,1080,[2000],Newcastle United,9,8,1,765,0,0,10,10,0,802,1,0,19,18,1,1567,1,0,0,0,0,0,0,0,0,0,0,0,0,0
177,Carlos Bocanegra,1081,"[2003, 2004, 2005, 2006, 2007]",Fulham FC,55,49,6,4537,3,0,56,51,5,4503,5,0,111,100,11,9040,8,0,4,4,8,2,4,6,0,0,0,0,0,0
178,Ian Pearce,1082,"[2003, 2004, 2005, 2006, 2007]",Fulham FC,27,26,1,2254,1,0,28,27,1,2299,0,0,55,53,2,4553,1,0,1,0,1,1,0,1,0,0,0,0,0,0
179,Ian Pearce,1082,"[2000, 2001, 2002]",West Ham United,21,17,4,1570,3,0,26,23,3,2085,2,0,47,40,7,3655,5,0,3,1,4,2,2,4,0,0,0,0,0,0
180,Sylvain Legwinski,1083,"[2001, 2002, 2003, 2004, 2005]",Fulham FC,62,56,6,4888,7,0,54,48,6,4189,1,0,116,104,12,9077,8,0,3,0,3,4,1,5,0,0,0,0,0,0
181,Junichi Inamoto,1084,"[2002, 2003]",Fulham FC,22,12,10,1110,2,0,17,10,7,977,2,0,39,22,17,2087,4,0,0,0,0,1,1,2,0,0,0,0,0,0
182,Junichi Inamoto,1084,"[2004, 2005]",West Bromwich Albion,9,8,1,689,0,0,16,8,8,952,0,0,25,16,9,1641,0,0,0,0,0,0,0,0,0,0,0,0,0,0
183,Boa Morte,1085,"[2001, 2002, 2003, 2004, 2005, 2006]",Fulham FC,77,67,10,6138,17,0,78,71,7,6184,9,0,155,138,17,12322,26,0,8,2,10,10,5,15,0,0,0,0,0,0
184,Boa Morte,1085,"[2007, 2008, 2009, 2010]",West Ham United,34,22,12,1851,1,0,40,28,12,2389,0,0,74,50,24,4240,1,0,0,0,0,1,0,1,0,0,0,0,0,0
185,Steed Malbranque,1086,"[2001, 2002, 2003, 2004, 2005]",Fulham FC,84,78,6,6959,17,0,75,69,6,6075,15,0,159,147,12,13034,32,0,12,6,18,13,8,21,5,1,6,0,0,0
186,Steed Malbranque,1086,"[2006, 2007]",Tottenham Hotspur,30,26,4,2113,5,0,31,26,5,2236,1,0,61,52,9,4349,6,0,1,1,2,3,1,4,0,0,0,0,0,0
187,Steed Malbranque,1086,"[2008, 2009, 2010]",Sunderland AFC,50,43,7,3610,0,0,52,45,7,3337,1,0,102,88,14,6947,1,0,0,0,0,0,1,1,0,0,0,0,0,0
188,Sean Davis,1087,"[2001, 2002, 2003]",Fulham FC,40,35,5,3079,5,0,33,31,2,2743,3,0,73,66,7,5822,8,0,3,1,4,3,1,4,0,0,0,0,0,0
189,Sean Davis,1087,"[2005, 2006, 2007, 2008]",Portsmouth FC,50,46,4,3970,2,0,51,47,4,4044,1,0,101,93,8,8014,3,0,3,0,3,1,0,1,0,0,0,0,0,0
190,Sean Davis,1087,[2004],Tottenham Hotspur,8,6,2,524,0,0,9,7,2,684,0,0,17,13,4,1208,0,0,0,0,0,0,0,0,0,0,0,0,0,0
191,Sean Davis,1087,"[2009, 2010]",Bolton Wanderers,3,3,0,270,0,0,1,1,0,90,0,0,4,4,0,360,0,0,0,0,0,0,0,0,0,0,0,0,0,0
192,Brian McBride,1088,"[2003, 2004, 2005, 2006, 2007]",Fulham FC,69,52,17,4707,18,0,65,44,21,3913,14,0,134,96,38,8620,32,0,9,1,10,13,10,23,0,0,0,0,0,0
193,Brian McBride,1088,[2002],Everton FC,4,4,0,262,2,0,4,3,1,295,2,0,8,7,1,557,4,0,3,0,3,2,2,4,0,0,0,0,0,0
194,Collins John,1089,"[2003, 2004, 2005, 2006, 2007]",Fulham FC,43,21,22,1911,9,0,51,19,32,2097,11,0,94,40,54,4008,20,0,3,1,4,7,8,15,0,1,1,0,0,0
195,Thomas S√∏rensen,1090,"[2000, 2001, 2002]",Sunderland AFC,43,43,0,3828,0,0,39,39,0,3433,0,0,82,82,0,7261,0,0,0,0,0,0,0,0,0,0,0,0,0,0
196,Thomas S√∏rensen,1090,"[2008, 2009, 2010, 2011, 2012, 2013, 2014]",Stoke City,50,50,0,4383,0,0,49,48,1,4274,0,0,99,98,1,8657,0,0,0,0,0,0,0,0,0,0,0,0,0,0
197,Thomas S√∏rensen,1090,"[2003, 2004, 2005, 2006]",Aston Villa,68,68,0,6016,0,0,66,66,0,5852,0,0,134,134,0,11868,0,0,0,0,0,0,0,0,0,0,0,0,0,0
198,Stanislav Varga,1091,"[2000, 2001]",Sunderland AFC,10,7,3,674,0,0,9,9,0,739,1,0,19,16,3,1413,1,0,0,0,0,0,1,1,0,0,0,0,0,0
199,Michael Gray,1092,"[2000, 2001, 2002]",Sunderland AFC,48,48,0,4268,1,0,45,45,0,3936,1,0,93,93,0,8204,2,0,3,0,3,1,1,2,0,0,0,0,0,0
200,Michael Gray,1092,"[2003, 2005, 2006]",Blackburn Rovers,27,27,0,2333,0,0,28,27,1,2350,0,0,55,54,1,4683,0,0,0,0,0,0,0,0,0,0,0,0,0,0
201,Michael Gray,1092,[2004],Southampton FC,1,1,0,89,0,0,0,0,0,0,0,0,1,1,0,89,0,0,0,0,0,0,0,0,0,0,0,0,0,0
202,Jody Craddock,1093,"[2000, 2001, 2002]",Sunderland AFC,37,37,0,3285,0,0,43,42,1,3812,2,0,80,79,1,7097,2,0,0,0,0,0,0,0,0,0,0,0,0,0
203,Jody Craddock,1093,"[2003, 2009, 2010, 2011]",Wolverhampton Wanderers,41,40,1,3500,2,0,39,38,1,3421,5,0,80,78,2,6921,7,0,0,1,1,1,4,5,0,0,0,0,0,0
204,Darren Williams,1094,"[2000, 2001, 2002]",Sunderland AFC,33,25,8,2401,0,0,32,24,8,2356,0,0,65,49,16,4757,0,0,0,0,0,0,0,0,0,0,0,0,0,0
205,Don Hutchison,1095,[2000],Sunderland AFC,11,11,0,958,3,0,14,13,1,1194,5,0,25,24,1,2152,8,0,3,0,3,3,4,7,0,0,0,0,0,0
206,Don Hutchison,1095,"[2001, 2002]",West Ham United,16,10,6,889,1,0,16,12,4,1079,0,0,32,22,10,1968,1,0,0,0,0,1,0,1,0,0,0,0,0,0
207,Gavin McCann,1096,"[2000, 2001, 2002]",Sunderland AFC,37,36,1,3166,2,0,40,40,0,3467,2,0,77,76,1,6633,4,0,1,1,2,2,2,4,0,0,0,0,0,0
208,Gavin McCann,1096,"[2003, 2004, 2005, 2006]",Aston Villa,52,51,1,4458,1,0,53,52,1,4621,2,0,105,103,2,9079,3,0,0,1,1,0,2,2,0,0,0,0,0,0
209,Gavin McCann,1096,"[2007, 2008, 2009]",Bolton Wanderers,35,24,11,2316,0,0,38,29,9,2772,1,0,73,53,20,5088,1,0,0,3,3,0,1,1,0,0,0,0,0,0
210,Alex Rae,1097,"[2000, 2001]",Sunderland AFC,9,8,1,695,1,0,8,8,0,720,1,0,17,16,1,1415,2,0,0,3,3,1,1,2,0,0,0,0,0,0
211,Alex Rae,1097,[2003],Wolverhampton Wanderers,16,12,4,1154,2,0,17,15,2,1372,3,0,33,27,6,2526,5,0,0,0,0,2,1,3,0,0,0,0,0,0
212,Stefan Schwarz,1098,"[2000, 2001]",Sunderland AFC,18,16,2,1371,2,0,19,16,3,1423,0,0,37,32,5,2794,2,0,1,0,1,1,0,1,0,0,0,0,0,0
213,Niall Quinn,1099,"[2000, 2001, 2002]",Sunderland AFC,35,24,11,2031,7,0,35,22,13,2064,6,0,70,46,24,4095,13,0,7,6,13,5,4,9,0,0,0,0,0,0
214,Kevin Phillips,1100,"[2000, 2001, 2002]",Sunderland AFC,46,46,0,4113,15,0,47,47,0,4037,16,0,93,93,0,8150,31,0,10,2,12,7,10,17,3,1,4,0,0,0
215,Kevin Phillips,1100,[2005],Aston Villa,12,11,1,854,1,0,10,8,2,567,3,0,22,19,3,1421,4,0,0,3,3,1,2,3,0,0,0,0,0,0
216,Kevin Phillips,1100,"[2009, 2010]",Birmingham City,21,5,16,569,5,0,12,2,10,334,0,0,33,7,26,903,5,0,4,0,4,5,0,5,0,0,0,0,0,0
217,Kevin Phillips,1100,"[2003, 2004]",Southampton FC,31,24,7,2190,12,0,29,22,7,2185,11,0,60,46,14,4375,23,0,4,1,5,8,3,11,0,1,1,0,0,0
218,Kevin Phillips,1100,[2013],Crystal Palace,2,0,2,45,0,0,2,0,2,31,0,0,4,0,4,76,0,0,0,0,0,0,0,0,0,0,0,0,0,0
219,Chris Makin,1101,[2000],Sunderland AFC,9,7,2,671,0,0,8,8,0,697,0,0,17,15,2,1368,0,0,0,0,0,0,0,0,0,0,0,0,0,0
220,Chris Makin,1101,[2001],Ipswich Town,16,16,0,1241,0,0,14,14,0,1183,0,0,30,30,0,2424,0,0,0,0,0,0,0,0,0,0,0,0,0,0
221,√âmerson Thome,1102,"[2000, 2001, 2002]",Sunderland AFC,19,18,1,1658,2,0,18,18,0,1599,0,0,37,36,1,3257,2,0,4,0,4,2,0,2,0,0,0,0,0,0
222,√âmerson Thome,1102,[2003],Bolton Wanderers,14,13,1,1190,0,0,12,12,0,1069,0,0,26,25,1,2259,0,0,0,0,0,0,0,0,0,0,0,0,0,0
223,Kevin Kilbane,1103,"[2000, 2001, 2002]",Sunderland AFC,38,34,4,3019,3,0,42,38,4,3429,4,0,80,72,8,6448,7,0,0,3,3,3,3,6,0,0,0,0,0,0
224,Kevin Kilbane,1103,"[2008, 2009]",Hull City,19,14,5,1243,1,0,18,16,2,1422,0,0,37,30,7,2665,1,0,0,0,0,1,0,1,0,0,0,0,0,0
225,Kevin Kilbane,1103,"[2003, 2004, 2005]",Everton FC,52,40,12,3705,2,0,45,39,6,3469,2,0,97,79,18,7174,4,0,0,0,0,1,1,2,0,0,0,0,0,0
226,Kevin Kilbane,1103,[2007],Blackburn Rovers,0,0,0,0,0,0,1,1,0,90,0,0,1,1,0,90,0,0,0,0,0,0,0,0,0,0,0,0,0,0
227,Kevin Kilbane,1103,[2006],Wigan Athletic,15,14,1,1201,1,0,16,12,4,1157,0,0,31,26,5,2358,1,0,0,0,0,1,0,1,0,0,0,0,0,0
228,Fabien Barthez,1104,"[2000, 2001, 2002]",Manchester United,49,49,0,4281,0,0,38,38,0,3345,0,0,87,87,0,7626,0,0,0,0,0,0,0,0,0,0,0,0,0,0
229,Gary Neville,1105,"[2000, 2001, 2002, 2003, 2004, 2005, 2006, 2008, 2009, 2010]",Manchester United,113,105,8,9108,3,0,110,102,8,9195,0,0,223,207,16,18303,3,0,3,0,3,2,0,2,0,0,0,0,0,0
230,Mika√´l Silvestre,1106,"[2000, 2001, 2002, 2003, 2004, 2005, 2006, 2007]",Manchester United,110,98,12,8687,5,0,102,91,11,8004,1,0,212,189,23,16691,6,0,6,0,6,4,1,5,0,0,0,0,0,0
231,Mika√´l Silvestre,1106,"[2008, 2009]",Arsenal FC,15,13,2,1101,1,0,10,7,3,758,2,0,25,20,5,1859,3,0,0,0,0,1,1,2,0,0,0,0,0,0
232,Jaap Stam,1107,"[2000, 2001]",Manchester United,9,9,0,765,0,0,6,6,0,470,0,0,15,15,0,1235,0,0,0,0,0,0,0,0,0,0,0,0,0,0
233,Wes Brown,1108,"[2000, 2001, 2002, 2003, 2004, 2005, 2006, 2007, 2008, 2009, 2010]",Manchester United,100,87,13,7976,2,0,112,100,12,8934,1,0,212,187,25,16910,3,0,3,0,3,2,1,3,0,0,0,0,0,0
234,Wes Brown,1108,"[2011, 2013, 2014, 2015]",Sunderland AFC,37,36,1,3203,0,0,39,37,2,3296,1,0,76,73,3,6499,1,0,0,3,3,0,1,1,0,0,0,0,0,0
235,David Beckham,1109,"[2000, 2001, 2002]",Manchester United,46,38,8,3598,11,0,40,37,3,3333,15,0,86,75,11,6931,26,0,0,8,8,5,10,15,0,2,2,0,0,0
236,Ryan Giggs,1110,"[2000, 2001, 2002, 2003, 2004, 2005, 2006, 2007, 2008, 2009, 2010, 2011, 2012, 2013]",Manchester United,177,127,50,11601,20,0,196,153,43,13794,35,0,373,280,93,25395,55,0,4,14,18,12,17,29,2,0,2,0,0,0
237,Roy Keane,1111,"[2000, 2001, 2002, 2003, 2004, 2005]",Manchester United,69,63,6,5667,6,0,69,66,3,5861,3,0,138,129,9,11528,9,0,3,3,6,2,2,4,0,0,0,0,0,0
238,Paul Scholes,1112,"[2000, 2001, 2002, 2003, 2004, 2005, 2006, 2007, 2008, 2009, 2010, 2011, 2012]",Manchester United,164,136,28,12085,37,0,168,144,24,12881,29,0,332,280,52,24966,66,0,3,9,12,20,23,43,0,0,0,0,0,0
239,Andy Cole,1113,[2000],Manchester United,10,9,1,754,5,0,8,5,3,507,4,0,18,14,4,1261,9,0,0,4,4,3,3,6,0,0,0,0,0,0
240,Andy Cole,1113,"[2001, 2002, 2003]",Blackburn Rovers,38,36,2,3234,12,0,41,34,7,3277,15,0,79,70,9,6511,27,0,1,5,6,5,10,15,0,0,0,0,0,0
241,Andy Cole,1113,[2006],Portsmouth FC,10,2,8,284,2,0,8,3,5,386,1,0,18,5,13,670,3,0,1,0,1,1,0,1,0,0,0,0,0,0
242,Andy Cole,1113,[2004],Fulham FC,16,14,2,1230,7,0,13,13,0,1104,5,0,29,27,2,2334,12,0,0,3,3,4,4,8,0,1,1,0,0,0
243,Andy Cole,1113,[2005],Manchester City,12,12,0,1024,5,0,10,8,2,745,4,0,22,20,2,1769,9,0,3,3,6,2,2,4,0,0,0,0,0,0
244,Andy Cole,1113,[2007],Sunderland AFC,3,2,1,126,0,0,4,1,3,110,0,0,7,3,4,236,0,0,0,0,0,0,0,0,0,0,0,0,0,0
245,Phil Neville,1114,"[2000, 2001, 2002, 2003, 2004]",Manchester United,65,54,11,4693,3,0,65,49,16,4589,1,0,130,103,27,9282,4,0,0,0,0,2,1,3,0,0,0,0,0,0
246,Phil Neville,1114,"[2005, 2006, 2007, 2008, 2009, 2010, 2011, 2012]",Everton FC,115,113,2,10069,3,0,120,117,3,10179,1,0,235,230,5,20248,4,0,0,0,0,2,0,2,0,0,0,0,0,0
247,Nicky Butt,1115,"[2000, 2001, 2002, 2003]",Manchester United,49,37,12,3235,2,0,40,30,10,2571,3,0,89,67,22,5806,5,0,0,0,0,2,2,4,0,0,0,0,0,0
248,Nicky Butt,1115,"[2004, 2006, 2007, 2008]",Newcastle United,57,54,3,4582,1,0,57,55,2,4842,4,0,114,109,5,9424,5,0,0,4,4,1,4,5,0,0,0,0,0,0
249,Nicky Butt,1115,[2005],Birmingham City,14,12,2,1069,3,0,10,10,0,900,0,0,24,22,2,1969,3,0,3,0,3,3,0,3,0,0,0,0,0,0
250,Ole Gunnar Solskj√¶r,1116,"[2000, 2001, 2002, 2003, 2005, 2006]",Manchester United,66,38,28,3564,22,0,62,44,18,4029,22,0,128,82,46,7593,44,0,7,8,15,10,10,20,0,0,0,0,0,0
251,Kasey Keller,1117,"[2001, 2002, 2003]",Tottenham Hotspur,41,41,0,3690,0,0,43,43,0,3870,0,0,84,84,0,7560,0,0,0,0,0,0,0,0,0,0,0,0,0,0
252,Kasey Keller,1117,[2007],Fulham FC,5,5,0,450,0,0,8,8,0,720,0,0,13,13,0,1170,0,0,0,0,0,0,0,0,0,0,0,0,0,0
253,Kasey Keller,1117,[2004],Norwich City,1,1,0,90,0,0,0,0,0,0,0,0,1,1,0,90,0,0,0,0,0,0,0,0,0,0,0,0,0,0
254,Mauricio Taricco,1118,"[2000, 2001, 2002, 2003]",Tottenham Hotspur,44,42,2,3413,2,0,43,41,2,3511,0,0,87,83,4,6924,2,0,0,0,0,2,0,2,0,0,0,0,0,0
255,Ledley King,1119,"[2000, 2001, 2002, 2003, 2004, 2005, 2007, 2008, 2009, 2010, 2011]",Tottenham Hotspur,120,119,1,10423,4,0,116,116,0,10070,6,0,236,235,1,20493,10,0,0,0,0,2,4,6,0,0,0,0,0,0
256,Ledley King,1119,[2006],Watford FC,1,1,0,90,0,0,0,0,0,0,0,0,1,1,0,90,0,0,0,0,0,0,0,0,0,0,0,0,0,0
257,Anthony Gardner,1120,"[2000, 2001, 2002, 2003, 2004, 2005, 2006, 2007]",Tottenham Hotspur,50,42,8,3903,2,0,62,50,12,4669,0,0,112,92,20,8572,2,0,3,0,3,2,0,2,0,0,0,0,0,0
258,Anthony Gardner,1120,"[2008, 2009]",Hull City,16,16,0,1440,0,0,14,14,0,1260,0,0,30,30,0,2700,0,0,0,0,0,0,0,0,0,0,0,0,0,0
259,Stephen Kelly,1121,"[2003, 2004, 2005]",Tottenham Hotspur,17,14,3,1311,1,0,20,15,5,1484,0,0,37,29,8,2795,1,0,0,0,0,0,0,0,0,0,0,0,0,0
260,Stephen Kelly,1121,[2007],Birmingham City,19,19,0,1710,0,0,19,19,0,1710,0,0,38,38,0,3420,0,0,0,0,0,0,0,0,0,0,0,0,0,0
261,Stephen Kelly,1121,"[2009, 2010, 2011, 2012]",Fulham FC,20,14,6,1410,0,0,24,22,2,2039,0,0,44,36,8,3449,0,0,0,0,0,0,0,0,0,0,0,0,0,0
262,Stephen Kelly,1121,[2008],Stoke City,3,0,3,85,0,0,3,2,1,174,0,0,6,2,4,259,0,0,0,0,0,0,0,0,0,0,0,0,0,0
263,Michael Brown,1122,"[2003, 2004]",Tottenham Hotspur,19,18,1,1542,1,0,22,19,3,1646,1,0,41,37,4,3188,2,0,0,0,0,1,0,1,0,0,0,0,0,0
264,Michael Brown,1122,"[2005, 2006]",Fulham FC,20,20,0,1733,0,0,19,18,1,1540,0,0,39,38,1,3273,0,0,0,0,0,0,0,0,0,0,0,0,0,0
265,Michael Brown,1122,[2007],Blackburn Rovers,0,0,0,0,0,0,1,1,0,90,0,0,1,1,0,90,0,0,0,0,0,0,0,0,0,0,0,0,0,0
266,Michael Brown,1122,[2009],Portsmouth FC,13,12,1,1048,2,0,11,10,1,882,0,0,24,22,2,1930,2,0,0,0,0,1,0,1,0,0,0,0,0,0
267,Michael Brown,1122,[2008],Wigan Athletic,14,11,3,915,0,0,11,7,4,613,0,0,25,18,7,1528,0,0,0,0,0,0,0,0,0,0,0,0,0,0
268,Jamie Redknapp,1123,"[2002, 2003, 2004]",Tottenham Hotspur,24,20,4,1739,2,0,24,17,7,1579,2,0,48,37,11,3318,4,0,3,3,6,1,1,2,0,0,0,0,0,0
269,Jamie Redknapp,1123,[2001],Liverpool FC,2,0,2,33,0,0,2,2,0,150,1,0,4,2,2,183,1,0,0,0,0,0,1,1,0,0,0,0,0,0
270,Rohan Ricketts,1124,"[2003, 2004]",Tottenham Hotspur,16,10,6,861,1,0,14,7,7,671,0,0,30,17,13,1532,1,0,0,0,0,1,0,1,0,0,0,0,0,0
271,Simon Davies,1125,"[2000, 2001, 2002, 2003, 2004]",Tottenham Hotspur,57,50,7,4503,9,0,56,44,12,4098,4,0,113,94,19,8601,13,0,3,3,6,3,4,7,0,0,0,0,0,0
272,Simon Davies,1125,"[2006, 2007, 2008, 2009, 2010, 2011, 2012]",Fulham FC,69,59,10,5181,6,0,61,57,4,5064,7,0,130,116,14,10245,13,0,0,0,0,6,5,11,0,0,0,0,0,0
273,Simon Davies,1125,[2005],Everton FC,15,12,3,920,0,0,14,9,5,839,1,0,29,21,8,1759,1,0,0,3,3,0,1,1,0,0,0,0,0,0
274,Robbie Keane,1126,"[2002, 2003, 2004, 2005, 2007, 2009, 2010]",Tottenham Hotspur,97,78,19,6710,47,0,97,76,21,7002,28,0,194,154,40,13712,75,0,15,19,34,27,24,51,9,2,11,0,0,0
275,Robbie Keane,1126,"[2000, 2001]",Leeds United,19,11,8,1013,6,0,16,10,6,973,6,0,35,21,14,1986,12,0,4,0,4,4,3,7,1,0,1,0,0,0
276,Robbie Keane,1126,[2008],Liverpool FC,10,9,1,728,4,0,9,7,2,534,1,0,19,16,3,1262,5,0,0,1,1,1,1,2,0,0,0,0,0,0
277,Robbie Keane,1126,[2006],Watford FC,1,1,0,76,0,0,0,0,0,0,0,0,1,1,0,76,0,0,0,0,0,0,0,0,0,0,0,0,0,0
278,Robbie Keane,1126,[2011],Aston Villa,3,2,1,189,0,0,3,3,0,270,3,0,6,5,1,459,3,0,0,3,3,0,3,3,0,0,0,0,0,0
279,Jermain Defoe,1127,"[2003, 2004, 2005, 2006, 2007, 2008, 2009, 2010, 2011, 2012, 2013]",Tottenham Hotspur,139,91,48,8705,60,0,132,89,43,8340,31,0,271,180,91,17045,91,0,28,2,30,35,17,52,2,2,4,0,0,0
280,Jermain Defoe,1127,"[2000, 2001, 2002]",West Ham United,33,17,16,1833,9,0,35,20,15,2087,9,0,68,37,31,3920,18,0,5,8,13,5,8,13,0,0,0,0,0,0
281,Jermain Defoe,1127,"[2017, 2018]",AFC Bournemouth,14,7,7,642,1,0,14,4,10,464,3,0,28,11,17,1106,4,0,3,2,5,1,3,4,0,0,0,0,0,0
282,Jermain Defoe,1127,"[2014, 2015, 2016]",Sunderland AFC,45,42,3,3753,14,0,42,40,2,3577,20,0,87,82,5,7330,34,0,8,8,16,9,11,20,3,3,6,0,0,0
283,Gustavo Poyet,1128,"[2001, 2002, 2003]",Tottenham Hotspur,40,32,8,2830,12,0,41,33,8,2805,6,0,81,65,16,5635,18,0,10,0,10,8,2,10,0,0,0,0,0,0
284,Gustavo Poyet,1128,[2000],Chelsea FC,15,13,2,1151,7,0,13,8,5,775,4,0,28,21,7,1926,11,0,4,0,4,5,1,6,0,0,0,0,0,0
285,Christian Ziege,1129,"[2001, 2002, 2003]",Tottenham Hotspur,24,22,2,1903,5,0,23,22,1,1843,2,0,47,44,3,3746,7,0,0,0,0,4,1,5,0,0,0,0,0,0
286,Christian Ziege,1129,[2000],Liverpool FC,8,5,3,461,0,0,7,6,1,503,1,0,15,11,4,964,1,0,0,0,0,0,0,0,0,0,0,0,0,0
287,Fr√©d√©ric Kanout√©,1130,"[2003, 2004, 2005]",Tottenham Hotspur,30,21,9,1965,10,0,30,20,10,1889,5,0,60,41,19,3854,15,0,3,6,9,5,4,9,0,0,0,0,0,0
288,Fr√©d√©ric Kanout√©,1130,"[2000, 2001, 2002]",West Ham United,34,31,3,2623,17,0,32,30,2,2493,10,0,66,61,5,5116,27,0,7,7,14,7,8,15,0,0,0,0,0,0
289,Peter Enckelman,1131,[2003],Blackburn Rovers,1,1,0,90,0,0,1,1,0,90,0,0,2,2,0,180,0,0,0,0,0,0,0,0,0,0,0,0,0,0
290,Peter Enckelman,1131,"[2001, 2002]",Aston Villa,19,19,0,1710,0,0,21,21,0,1890,0,0,40,40,0,3600,0,0,0,0,0,0,0,0,0,0,0,0,0,0
291,Lucas Neill,1132,"[2001, 2002, 2003, 2004, 2005, 2006]",Blackburn Rovers,94,92,2,8287,3,0,89,88,1,7822,2,0,183,180,3,16109,5,0,1,0,1,2,1,3,1,0,1,0,0,0
292,Lucas Neill,1132,"[2007, 2008]",West Ham United,34,34,0,3060,0,0,33,33,0,2926,1,0,67,67,0,5986,1,0,0,0,0,0,1,1,0,0,0,0,0,0
293,Lucas Neill,1132,[2009],Everton FC,5,4,1,364,0,0,7,6,1,554,0,0,12,10,2,918,0,0,0,0,0,0,0,0,0,0,0,0,0,0
294,Craig Short,1133,"[2001, 2002, 2003, 2004]",Blackburn Rovers,39,37,2,3154,2,0,40,39,1,3401,1,0,79,76,3,6555,3,0,1,1,2,1,1,2,0,0,0,0,0,0
295,Nils-Eric Johansson,1134,"[2001, 2002, 2003, 2004]",Blackburn Rovers,42,29,13,2952,0,0,40,27,13,2647,0,0,82,56,26,5599,0,0,0,0,0,0,0,0,0,0,0,0,0,0
296,Gary Flitcroft,1135,"[2001, 2002, 2003, 2004, 2005]",Blackburn Rovers,52,48,4,4179,4,0,59,55,4,4693,2,0,111,103,8,8872,6,0,6,1,7,4,2,6,0,0,0,0,0,0
297,Tugay Kerimoƒülu,1136,"[2001, 2002, 2003, 2004, 2005, 2006, 2007, 2008]",Blackburn Rovers,121,92,29,8478,8,0,103,83,20,7318,3,0,224,175,49,15796,11,0,3,0,3,4,2,6,0,0,0,0,0,0
298,Martin Andresen,1137,[2003],Blackburn Rovers,6,6,0,454,0,0,5,5,0,407,0,0,11,11,0,861,0,0,0,0,0,0,0,0,0,0,0,0,0,0
299,Jonathan Douglas,1138,"[2002, 2003, 2004]",Blackburn Rovers,9,8,1,592,0,0,6,5,1,495,1,0,15,13,2,1087,1,0,0,0,0,0,1,1,0,0,0,0,0,0
300,Jon Stead,1139,"[2003, 2004]",Blackburn Rovers,19,14,5,1281,2,0,21,17,4,1501,6,0,40,31,9,2782,8,0,4,12,16,2,5,7,0,0,0,0,0,0
301,Jon Stead,1139,[2005],Sunderland AFC,17,12,5,1047,0,0,13,9,4,649,1,0,30,21,9,1696,1,0,0,0,0,0,1,1,0,0,0,0,0,0
302,Jon Stead,1139,[2006],Sheffield United,7,7,0,585,3,0,5,3,2,297,2,0,12,10,2,882,5,0,0,1,1,2,2,4,0,0,0,0,0,0
303,Steven Reid,1140,"[2003, 2004, 2005, 2006, 2007, 2008, 2009]",Blackburn Rovers,57,47,10,4143,3,0,54,42,12,3874,3,0,111,89,22,8017,6,0,3,3,6,1,2,3,0,0,0,0,0,0
304,Steven Reid,1140,"[2010, 2011, 2012, 2013]",West Bromwich Albion,35,29,6,2498,2,0,37,32,5,2766,0,0,72,61,11,5264,2,0,0,0,0,2,0,2,0,0,0,0,0,0
305,Steven Reid,1140,[2014],Burnley FC,3,0,3,4,0,0,4,1,3,106,0,0,7,1,6,110,0,0,0,0,0,0,0,0,0,0,0,0,0,0
306,Brett Emerton,1141,"[2003, 2004, 2005, 2006, 2007, 2008, 2009, 2010, 2011]",Blackburn Rovers,123,99,24,9357,7,0,119,102,17,8900,6,0,242,201,41,18257,13,0,3,4,7,5,3,8,0,0,0,0,0,0
307,Paul Gallagher,1142,"[2002, 2003, 2004, 2005, 2006, 2009]",Blackburn Rovers,29,8,21,882,3,0,32,11,21,1123,3,0,61,19,42,2005,6,0,1,3,4,2,2,4,0,0,0,0,0,0
308,Kelvin Davis,1143,"[2012, 2013, 2014, 2015]",Southampton FC,11,9,2,930,0,0,9,9,0,810,0,0,20,18,2,1740,0,0,0,0,0,0,0,0,0,0,0,0,0,0
309,Kelvin Davis,1143,[2005],Sunderland AFC,16,16,0,1440,0,0,17,17,0,1530,0,0,33,33,0,2970,0,0,0,0,0,0,0,0,0,0,0,0,0,0
310,Nathaniel Clyne,1144,"[2012, 2013, 2014]",Southampton FC,47,44,3,4029,1,0,47,45,2,3997,2,0,94,89,5,8026,3,0,0,1,1,1,2,3,0,0,0,0,0,0
311,Nathaniel Clyne,1144,"[2015, 2016, 2017]",Liverpool FC,37,36,1,3259,0,0,35,35,0,3119,1,0,72,71,1,6378,1,0,0,0,0,0,0,0,0,0,0,0,0,0
312,Nathaniel Clyne,1144,[2018],AFC Bournemouth,7,7,0,579,0,0,7,6,1,567,0,0,14,13,1,1146,0,0,0,0,0,0,0,0,0,0,0,0,0,0
313,Maya Yoshida,1145,"[2012, 2013, 2014, 2015, 2016, 2017, 2018, 2019]",Southampton FC,79,69,10,6364,4,0,75,66,9,6027,2,0,154,135,19,12391,6,0,3,0,3,2,2,4,0,0,0,0,0,0
314,Jos√© Fonte,1146,"[2012, 2013, 2014, 2015, 2016]",Southampton FC,79,76,3,6890,6,0,75,75,0,6644,1,0,154,151,3,13534,7,0,2,3,5,5,1,6,0,0,0,0,0,0
315,Jos√© Fonte,1146,[2017],West Ham United,4,4,0,344,0,0,4,4,0,346,0,0,8,8,0,690,0,0,0,0,0,0,0,0,0,0,0,0,0,0
316,Toby Alderweireld,1147,[2014],Southampton FC,13,13,0,1170,0,0,13,13,0,1093,1,0,26,26,0,2263,1,0,0,0,0,0,0,0,0,0,0,0,0,0
317,Toby Alderweireld,1147,"[2015, 2016, 2017, 2018, 2019]",Tottenham Hotspur,74,72,2,6465,5,0,75,75,0,6618,2,0,149,147,2,13083,7,0,3,0,3,3,1,4,0,0,0,0,0,0
318,Ryan Bertrand,1148,"[2014, 2015, 2016, 2017, 2018, 2019]",Southampton FC,91,90,1,8106,4,0,94,94,0,8456,3,0,185,184,1,16562,7,0,0,0,0,2,1,3,1,0,1,0,0,0
319,Ryan Bertrand,1148,[2013],Aston Villa,7,7,0,614,0,0,9,9,0,777,0,0,16,16,0,1391,0,0,0,0,0,0,0,0,0,0,0,0,0,0
320,Ryan Bertrand,1148,"[2010, 2011, 2012]",Chelsea FC,11,8,3,763,0,0,16,12,4,1095,0,0,27,20,7,1858,0,0,0,0,0,0,0,0,0,0,0,0,0,0
321,Steven Davis,1149,"[2012, 2013, 2014, 2015, 2016, 2017, 2018]",Southampton FC,100,86,14,7292,6,0,93,74,19,6810,6,0,193,160,33,14102,12,0,0,6,6,2,6,8,0,0,0,0,0,0
322,Steven Davis,1149,[2007],Fulham FC,12,12,0,949,0,0,10,10,0,900,0,0,22,22,0,1849,0,0,0,0,0,0,0,0,0,0,0,0,0,0
323,Steven Davis,1149,"[2004, 2005, 2006]",Aston Villa,40,33,7,2969,3,0,48,34,14,3260,2,0,88,67,21,6229,5,0,4,3,7,2,2,4,0,0,0,0,0,0
324,James Ward-Prowse,1150,"[2012, 2013, 2014, 2015, 2016, 2017, 2018, 2019]",Southampton FC,117,73,44,6867,12,0,114,78,36,7228,10,0,231,151,80,14095,22,0,7,0,7,8,5,13,3,1,4,0,0,0
325,Sadio Man√©,1151,"[2014, 2015]",Southampton FC,35,29,6,2506,14,0,32,25,7,2234,7,0,67,54,13,4740,21,0,9,5,14,7,6,13,0,0,0,0,0,0
326,Sadio Man√©,1151,"[2016, 2017, 2018, 2019]",Liverpool FC,65,62,3,5306,44,0,61,57,4,4952,19,0,126,119,7,10258,63,0,12,9,21,20,15,35,0,0,0,0,0,0
327,Graziano Pell√®,1152,"[2014, 2015]",Southampton FC,35,32,3,2901,18,0,33,28,5,2555,5,0,68,60,8,5456,23,0,3,0,3,8,2,10,0,0,0,0,0,0
328,Harrison Reed,1153,"[2013, 2014, 2015, 2016]",Southampton FC,9,3,6,287,0,0,8,3,5,256,0,0,17,6,11,543,0,0,0,0,0,0,0,0,0,0,0,0,0,0
329,Shane Long,1154,"[2014, 2015, 2016, 2017, 2018, 2019]",Southampton FC,86,41,45,4207,18,0,88,50,38,4960,9,0,174,91,83,9167,27,0,0,4,4,11,6,17,0,0,0,0,0,0
330,Shane Long,1154,"[2011, 2012, 2013]",West Bromwich Albion,42,30,12,2786,11,0,39,30,9,2594,8,0,81,60,21,5380,19,0,3,1,4,9,4,13,1,0,1,0,0,0
331,Shane Long,1154,"[2006, 2007]",Reading FC,25,8,17,766,4,0,22,7,15,698,1,0,47,15,32,1464,5,0,3,0,3,4,0,4,0,0,0,0,0,0
332,Eljero Elia,1155,[2014],Southampton FC,7,4,3,333,0,0,9,5,4,455,2,0,16,9,7,788,2,0,0,3,3,0,2,2,0,0,0,0,0,0
333,Paulo Gazzaniga,1156,"[2012, 2013, 2014, 2015]",Southampton FC,11,11,0,990,0,0,10,9,1,842,0,0,21,20,1,1832,0,0,0,0,0,0,0,0,0,0,0,0,0,0
334,Paulo Gazzaniga,1156,"[2017, 2018, 2019]",Tottenham Hotspur,9,9,0,810,0,0,13,12,1,1162,0,0,22,21,1,1972,0,0,0,0,0,0,0,0,0,0,0,0,0,0
335,Florin Gardo≈ü,1157,"[2014, 2016]",Southampton FC,5,2,3,191,0,0,6,3,3,382,0,0,11,5,6,573,0,0,0,0,0,0,0,0,0,0,0,0,0,0
336,Matt Targett,1158,"[2013, 2014, 2015, 2016, 2017, 2018]",Southampton FC,22,18,4,1543,1,0,21,18,3,1479,0,0,43,36,7,3022,1,0,0,0,0,1,0,1,0,0,0,0,0,0
337,Matt Targett,1158,[2019],Aston Villa,14,13,1,1104,1,0,14,14,0,1191,0,0,28,27,1,2295,1,0,3,0,3,1,0,1,0,0,0,0,0,0
338,Du≈°an Tadiƒá,1159,"[2014, 2015, 2016, 2017]",Southampton FC,68,59,9,4903,13,0,66,56,10,4688,8,0,134,115,19,9591,21,0,3,7,10,4,4,8,2,2,4,0,0,0
339,Hugo Lloris,1160,"[2012, 2013, 2014, 2015, 2016, 2017, 2018, 2019]",Tottenham Hotspur,133,133,0,11884,0,0,127,127,0,11293,0,0,260,260,0,23177,0,0,0,0,0,0,0,0,0,0,0,0,0,0
340,Jan Vertonghen,1161,"[2012, 2013, 2014, 2015, 2016, 2017, 2018, 2019]",Tottenham Hotspur,114,113,1,10044,2,0,118,114,4,10094,6,0,232,227,5,20138,8,0,3,3,6,2,6,8,0,0,0,0,0,0
341,Eric Dier,1162,"[2014, 2015, 2016, 2017, 2018, 2019]",Tottenham Hotspur,91,82,9,7379,7,0,83,79,4,6903,3,0,174,161,13,14282,10,0,3,3,6,5,3,8,0,0,0,0,0,0
342,Federico Fazio,1163,"[2014, 2015]",Tottenham Hotspur,9,9,0,810,0,0,11,11,0,990,0,0,20,20,0,1800,0,0,0,0,0,0,0,0,0,0,0,0,0,0
343,Ben Davies,1164,"[2014, 2015, 2016, 2017, 2018, 2019]",Tottenham Hotspur,62,47,15,4361,0,0,66,56,10,5149,3,0,128,103,25,9510,3,0,0,0,0,0,0,0,0,0,0,0,0,0
344,Ben Davies,1164,"[2012, 2013]",Swansea City,37,35,2,3178,2,0,34,30,4,2748,1,0,71,65,6,5926,3,0,0,0,0,1,1,2,0,0,0,0,0,0
345,Christian Eriksen,1165,"[2013, 2014, 2015, 2016, 2017, 2018, 2019]",Tottenham Hotspur,115,105,10,9321,27,0,111,101,10,9000,24,0,226,206,20,18321,51,0,16,17,33,15,17,32,0,0,0,0,0,0
346,Ryan Mason,1166,"[2012, 2014, 2015]",Tottenham Hotspur,26,19,7,1551,1,0,27,18,9,1573,1,0,53,37,16,3124,2,0,0,3,3,1,1,2,0,0,0,0,0,0
347,Ryan Mason,1166,[2016],Hull City,7,5,2,461,0,0,9,6,3,468,1,0,16,11,5,929,1,0,0,0,0,0,1,1,0,0,0,0,0,0
348,Nabil Bentaleb,1167,"[2013, 2014, 2015]",Tottenham Hotspur,22,19,3,1712,0,0,24,19,5,1730,0,0,46,38,8,3442,0,0,0,0,0,0,0,0,0,0,0,0,0,0
349,Nabil Bentaleb,1167,[2019],Newcastle United,6,3,3,287,0,0,6,5,1,462,0,0,12,8,4,749,0,0,0,0,0,0,0,0,0,0,0,0,0,0
350,√ârik Lamela,1168,"[2013, 2014, 2015, 2016, 2017, 2018, 2019]",Tottenham Hotspur,76,41,35,4014,7,0,78,49,29,4605,9,0,154,90,64,8619,16,0,3,4,7,2,6,8,0,0,0,0,0,0
351,Harry Kane,1169,"[2011, 2013, 2014, 2015, 2016, 2017, 2018, 2019]",Tottenham Hotspur,102,97,5,8663,68,0,104,95,9,8426,75,0,206,192,14,17089,143,0,27,17,44,35,43,78,8,12,20,0,0,0
352,Harry Kane,1169,[2012],Norwich City,2,0,2,64,0,0,1,1,0,70,0,0,3,1,2,134,0,0,0,0,0,0,0,0,0,0,0,0,0,0
353,Nacer Chadli,1170,"[2013, 2014, 2015]",Tottenham Hotspur,43,28,15,2432,8,0,45,25,20,2364,7,0,88,53,35,4796,15,0,0,1,1,4,5,9,0,0,0,0,0,0
354,Nacer Chadli,1170,"[2016, 2017]",West Bromwich Albion,17,14,3,1151,3,0,19,15,4,1242,3,0,36,29,7,2393,6,0,0,0,0,2,3,5,1,0,1,0,0,0
355,Vlad Chiriche≈ü,1171,"[2013, 2014]",Tottenham Hotspur,13,13,0,1095,0,0,14,11,3,1066,1,0,27,24,3,2161,1,0,0,0,0,0,1,1,0,0,0,0,0,0
356,Mousa Demb√©l√©,1172,"[2012, 2013, 2014, 2015, 2016, 2017, 2018]",Tottenham Hotspur,89,68,21,5938,5,0,92,69,23,5971,2,0,181,137,44,11909,7,0,0,0,0,4,2,6,0,0,0,0,0,0
357,Mousa Demb√©l√©,1172,"[2010, 2011]",Fulham FC,29,26,3,2338,4,0,31,29,2,2522,1,0,60,55,5,4860,5,0,6,0,6,3,0,3,0,0,0,0,0,0
358,Soldado,1173,"[2013, 2014]",Tottenham Hotspur,27,15,12,1417,5,0,25,14,11,1309,2,0,52,29,23,2726,7,0,12,3,15,5,1,6,3,1,4,0,0,0
359,Michel Vorm,1174,"[2014, 2015, 2016, 2017, 2018, 2019]",Tottenham Hotspur,5,4,1,446,0,0,8,7,1,685,0,0,13,11,2,1131,0,0,0,0,0,0,0,0,0,0,0,0,0,0
360,Michel Vorm,1174,"[2011, 2012, 2013]",Swansea City,47,47,0,4230,0,0,42,42,0,3749,0,0,89,89,0,7979,0,0,0,0,0,0,0,0,0,0,0,0,0,0
361,DeAndre Yedlin,1175,[2014],Tottenham Hotspur,1,0,1,11,0,0,0,0,0,0,0,0,1,0,1,11,0,0,0,0,0,0,0,0,0,0,0,0,0,0
362,DeAndre Yedlin,1175,"[2017, 2018, 2019]",Newcastle United,42,38,4,3392,1,0,37,31,6,2894,1,0,79,69,10,6286,2,0,0,0,0,1,1,2,0,0,0,0,0,0
363,DeAndre Yedlin,1175,[2015],Sunderland AFC,13,12,1,1027,0,0,10,9,1,785,0,0,23,21,2,1812,0,0,0,0,0,0,0,0,0,0,0,0,0,0
364,Andros Townsend,1176,"[2011, 2013, 2014]",Tottenham Hotspur,23,15,8,1282,2,0,19,7,12,695,1,0,42,22,20,1977,3,0,0,0,0,0,1,1,1,0,1,0,0,0
365,Andros Townsend,1176,"[2016, 2017, 2018, 2019]",Crystal Palace,66,55,11,4894,7,0,68,58,10,5070,5,0,134,113,21,9964,12,0,0,0,0,3,3,6,0,0,0,0,0,0
366,Andros Townsend,1176,[2012],Queens Park Rangers,7,7,0,569,1,0,5,5,0,450,1,0,12,12,0,1019,2,0,0,0,0,1,1,2,0,0,0,0,0,0
367,Andros Townsend,1176,[2015],Newcastle United,6,6,0,515,2,0,7,6,1,574,2,0,13,12,1,1089,4,0,3,0,3,1,0,1,0,0,0,0,0,0
368,Benjamin Stambouli,1177,[2014],Tottenham Hotspur,5,2,3,237,0,0,7,2,5,217,0,0,12,4,8,454,0,0,0,0,0,0,0,0,0,0,0,0,0,0
369,Loris Karius,1178,"[2016, 2017, 2018]",Liverpool FC,17,17,0,1530,0,0,12,12,0,1080,0,0,29,29,0,2610,0,0,0,0,0,0,0,0,0,0,0,0,0,0
370,Dejan Lovren,1179,"[2014, 2015, 2016, 2017, 2018, 2019]",Liverpool FC,63,58,5,5145,2,0,68,59,9,5231,3,0,131,117,14,10376,5,0,0,0,0,1,2,3,0,0,0,0,0,0
371,Dejan Lovren,1179,[2013],Southampton FC,17,17,0,1530,0,0,14,14,0,1258,2,0,31,31,0,2788,2,0,0,3,3,0,1,1,0,0,0,0,0,0
372,Joe Gomez,1180,"[2015, 2016, 2017, 2018, 2019]",Liverpool FC,36,29,7,2666,0,0,36,31,5,2733,0,0,72,60,12,5399,0,0,0,0,0,0,0,0,0,0,0,0,0,0
373,Andrew Robertson,1181,"[2017, 2018, 2019]",Liverpool FC,49,48,1,4307,2,0,45,44,1,3968,1,0,94,92,2,8275,3,0,0,0,0,1,1,2,0,0,0,0,0,0
374,Andrew Robertson,1181,"[2014, 2016]",Hull City,31,25,6,2234,1,0,26,23,3,2028,0,0,57,48,9,4262,1,0,0,0,0,1,0,1,0,0,0,0,0,0
375,Joel Matip,1182,"[2016, 2017, 2018, 2019]",Liverpool FC,43,37,6,3372,2,0,42,37,5,3318,2,0,85,74,11,6690,4,0,0,0,0,1,1,2,0,0,0,0,0,0
376,Georginio Wijnaldum,1183,"[2016, 2017, 2018, 2019]",Liverpool FC,70,63,7,5478,11,0,70,63,7,5482,3,0,140,126,14,10960,14,0,4,3,7,5,3,8,0,0,0,0,0,0
377,Georginio Wijnaldum,1183,[2015],Newcastle United,19,18,1,1579,11,0,19,18,1,1589,0,0,38,36,2,3168,11,0,0,0,0,4,0,4,1,0,1,0,0,0
378,Alex Oxlade-Chamberlain,1184,"[2017, 2018, 2019]",Liverpool FC,30,13,17,1324,4,0,34,18,16,1669,3,0,64,31,33,2993,7,0,0,0,0,2,1,3,0,0,0,0,0,0
379,Alex Oxlade-Chamberlain,1184,"[2011, 2012, 2013, 2014, 2015, 2016]",Arsenal FC,63,31,32,2827,7,0,64,34,30,3260,2,0,127,65,62,6087,9,0,1,0,1,3,0,3,0,0,0,0,0,0
380,Emre Can,1185,"[2014, 2015, 2016, 2017]",Liverpool FC,57,51,6,4503,4,0,57,50,7,4503,6,0,114,101,13,9006,10,0,3,3,6,3,4,7,0,0,0,0,0,0
381,Roberto Firmino,1186,"[2015, 2016, 2017, 2018, 2019]",Liverpool FC,88,78,10,6844,28,0,86,76,10,6518,29,0,174,154,20,13362,57,0,0,16,16,14,16,30,1,1,2,0,0,0
382,Mohamed Salah,1187,"[2017, 2018, 2019]",Liverpool FC,56,55,1,4828,47,0,52,49,3,4244,26,0,108,104,4,9072,73,0,10,9,19,22,13,35,4,3,7,0,0,0
383,Mohamed Salah,1187,"[2013, 2014]",Chelsea FC,6,3,3,245,2,0,7,3,4,285,0,0,13,6,7,530,2,0,0,0,0,1,0,1,0,0,0,0,0,0
384,Ragnar Klavan,1188,"[2016, 2017]",Liverpool FC,21,15,6,1412,0,0,16,14,2,1264,1,0,37,29,8,2676,1,0,0,3,3,0,1,1,0,0,0,0,0,0
385,James Milner,1189,"[2015, 2016, 2017, 2018, 2019]",Liverpool FC,75,55,20,5157,7,0,74,53,21,4920,12,0,149,108,41,10077,19,0,6,6,12,3,9,12,5,8,13,0,0,0
386,James Milner,1189,"[2010, 2011, 2012, 2013, 2014]",Manchester City,72,38,34,3712,7,0,75,51,24,4826,6,0,147,89,58,8538,13,0,1,0,1,1,3,4,1,0,1,0,0,0
387,James Milner,1189,"[2005, 2008, 2009]",Aston Villa,49,47,2,4138,6,0,44,41,3,3712,5,0,93,88,5,7850,11,0,3,3,6,3,3,6,2,1,3,0,0,0
388,James Milner,1189,"[2004, 2006, 2007]",Newcastle United,42,32,10,2893,5,0,44,34,10,3011,1,0,86,66,20,5904,6,0,0,1,1,2,1,3,0,0,0,0,0,0
389,James Milner,1189,"[2002, 2003]",Leeds United,20,11,9,1215,3,0,23,13,10,1281,2,0,43,24,19,2496,5,0,1,3,4,1,2,3,0,0,0,0,0,0
390,Adam Lallana,1190,"[2014, 2015, 2016, 2017, 2018, 2019]",Liverpool FC,67,45,22,3893,12,0,60,36,24,3380,6,0,127,81,46,7273,18,0,0,4,4,6,5,11,0,0,0,0,0,0
391,Adam Lallana,1190,"[2012, 2013]",Southampton FC,34,33,1,2700,7,0,34,30,4,2636,5,0,68,63,5,5336,12,0,4,1,5,5,2,7,0,0,0,0,0,0
392,Simon Mignolet,1191,"[2013, 2014, 2015, 2016, 2017, 2018]",Liverpool FC,77,77,0,6930,0,0,77,76,1,6914,0,0,154,153,1,13844,0,0,0,0,0,0,0,0,0,0,0,0,0,0
393,Simon Mignolet,1191,"[2010, 2011, 2012]",Sunderland AFC,44,44,0,3922,0,0,46,46,0,4140,0,0,90,90,0,8062,0,0,0,0,0,0,0,0,0,0,0,0,0,0
394,Trent Alexander-Arnold,1192,"[2016, 2017, 2018, 2019]",Liverpool FC,48,42,6,3778,3,0,45,40,5,3607,3,0,93,82,11,7385,6,0,0,0,0,1,1,2,0,0,0,0,0,0
395,Danny Ings,1193,"[2015, 2017]",Liverpool FC,7,2,5,253,1,0,7,4,3,351,2,0,14,6,8,604,3,0,0,0,0,1,2,3,0,0,0,0,0,0
396,Danny Ings,1193,[2014],Burnley FC,18,18,0,1593,5,0,17,17,0,1442,6,0,35,35,0,3035,11,0,4,6,10,3,5,8,1,0,1,0,0,0
397,Danny Ings,1193,"[2018, 2019]",Southampton FC,32,29,3,2381,13,0,30,26,4,2102,16,0,62,55,7,4483,29,0,5,3,8,9,11,20,2,2,4,0,0,0
398,Dominic Solanke,1194,[2017],Liverpool FC,10,2,8,255,1,0,11,3,8,328,0,0,21,5,16,583,1,0,0,0,0,0,0,0,0,0,0,0,0,0
399,Dominic Solanke,1194,"[2018, 2019]",AFC Bournemouth,17,9,8,939,2,0,25,10,15,1045,1,0,42,19,23,1984,3,0,0,0,0,1,1,2,0,0,0,0,0,0
400,Dominic Solanke,1194,"[2014, 2016]",Chelsea FC,0,0,0,0,0,0,0,0,0,0,0,0,0,0,0,0,0,0,0,0,0,0,0,0,0,0,0,0,0,0
401,Ederson,1195,"[2017, 2018, 2019]",Manchester City,54,54,0,4815,0,0,54,54,0,4860,0,0,108,108,0,9675,0,0,0,0,0,0,0,0,0,0,0,0,0,0
402,Kyle Walker,1196,"[2017, 2018, 2019]",Manchester City,45,42,3,3758,2,0,48,47,1,4159,0,0,93,89,4,7917,2,0,6,0,6,2,0,2,0,0,0,0,0,0
403,Kyle Walker,1196,"[2011, 2012, 2013, 2014, 2015, 2016]",Tottenham Hotspur,90,88,2,7746,4,0,90,90,0,7898,0,0,180,178,2,15644,4,0,3,0,3,2,0,2,0,0,0,0,0,0
404,Kyle Walker,1196,[2010],Aston Villa,7,7,0,618,1,0,8,8,0,720,0,0,15,15,0,1338,1,0,0,0,0,1,0,1,0,0,0,0,0,0
405,John Stones,1197,"[2016, 2017, 2018, 2019]",Manchester City,43,36,7,3152,0,0,42,35,7,3049,0,0,85,71,14,6201,0,0,0,0,0,0,0,0,0,0,0,0,0,0
406,John Stones,1197,"[2012, 2013, 2014, 2015]",Everton FC,41,35,6,3133,1,0,36,34,2,3060,0,0,77,69,8,6193,1,0,0,0,0,0,0,0,0,0,0,0,0,0
407,Fabian Delph,1198,"[2015, 2016, 2017, 2018]",Manchester City,29,19,10,1772,4,0,28,20,8,1672,0,0,57,39,18,3444,4,0,0,0,0,1,0,1,0,0,0,0,0,0
408,Fabian Delph,1198,"[2009, 2010, 2011, 2012, 2013, 2014]",Aston Villa,57,49,8,4418,2,0,55,48,7,4323,1,0,112,97,15,8741,3,0,3,3,6,2,1,3,0,0,0,0,0,0
409,Fabian Delph,1198,[2019],Everton FC,8,7,1,630,0,0,8,6,2,579,0,0,16,13,3,1209,0,0,0,0,0,0,0,0,0,0,0,0,0,0
410,Nicol√°s Otamendi,1199,"[2015, 2016, 2017, 2018, 2019]",Manchester City,67,63,4,5554,6,0,68,60,8,5533,2,0,135,123,12,11087,8,0,0,3,3,2,1,3,0,0,0,0,0,0
411,ƒ∞lkay G√ºndoƒüan,1200,"[2016, 2017, 2018, 2019]",Manchester City,51,33,18,3224,9,0,50,35,15,3144,6,0,101,68,33,6368,15,0,0,0,0,3,0,3,1,1,2,0,0,0
412,Kevin De Bruyne,1201,"[2015, 2016, 2017, 2018, 2019]",Manchester City,74,66,8,5732,25,0,77,67,10,5925,11,0,151,133,18,11657,36,0,0,3,3,9,7,16,2,0,2,0,0,0
413,Kevin De Bruyne,1201,[2013],Chelsea FC,2,1,1,72,0,0,1,1,0,60,0,0,3,2,1,132,0,0,0,0,0,0,0,0,0,0,0,0,0,0
414,Fernandinho,1202,"[2013, 2014, 2015, 2016, 2017, 2018, 2019]",Manchester City,110,96,14,8783,13,0,113,105,8,9231,5,0,223,201,22,18014,18,0,3,0,3,3,3,6,0,0,0,0,0,0
415,Raheem Sterling,1203,"[2015, 2016, 2017, 2018, 2019]",Manchester City,78,69,9,6067,40,0,85,72,13,6321,28,0,163,141,22,12388,68,0,7,9,16,17,10,27,0,1,1,0,0,0
416,Raheem Sterling,1203,"[2011, 2012, 2013, 2014]",Liverpool FC,51,40,11,3691,10,0,44,37,7,3356,8,0,95,77,18,7047,18,0,3,3,6,6,3,9,0,0,0,0,0,0
417,Kun Ag√ºero,1204,"[2011, 2012, 2013, 2014, 2015, 2016, 2017, 2018, 2019]",Manchester City,135,117,18,9846,104,0,128,111,17,9460,76,0,263,228,35,19306,180,0,11,23,34,44,45,89,18,8,26,0,0,0
418,Leroy San√©,1205,"[2016, 2017, 2018, 2019]",Manchester City,47,38,9,3361,12,0,42,29,13,2637,13,0,89,67,22,5998,25,0,3,0,3,5,6,11,0,0,0,0,0,0
419,Danilo,1206,"[2017, 2018]",Manchester City,16,10,6,1002,2,0,18,12,6,1146,2,0,34,22,12,2148,4,0,0,0,0,1,2,3,0,0,0,0,0,0
420,Bernardo Silva,1207,"[2017, 2018, 2019]",Manchester City,53,34,19,3205,10,0,51,35,16,3193,9,0,104,69,35,6398,19,0,3,0,3,3,4,7,0,0,0,0,0,0
421,Claudio Bravo,1208,"[2016, 2017, 2018, 2019]",Manchester City,15,14,1,1294,0,0,14,13,1,1246,0,0,29,27,2,2540,0,0,0,0,0,0,0,0,0,0,0,0,0,0
422,Eliaquim Mangala,1209,"[2014, 2015, 2017]",Manchester City,27,26,1,2315,0,0,30,25,5,2383,0,0,57,51,6,4698,0,0,0,0,0,0,0,0,0,0,0,0,0,0
423,Oleksandr Zinchenko,1210,"[2017, 2018, 2019]",Manchester City,20,18,2,1528,0,0,20,14,6,1370,0,0,40,32,8,2898,0,0,0,0,0,0,0,0,0,0,0,0,0,0
424,David Silva,1211,"[2010, 2011, 2012, 2013, 2014, 2015, 2016, 2017, 2018, 2019]",Manchester City,160,145,15,12109,36,0,148,135,13,11785,22,0,308,280,28,23894,58,0,9,1,10,15,12,27,0,0,0,0,0,0
425,Brahim D√≠az,1212,[2017],Manchester City,3,0,3,22,0,0,2,0,2,28,0,0,5,0,5,50,0,0,0,0,0,0,0,0,0,0,0,0,0,0
426,M√°rton F√ºl√∂p,1213,"[2007, 2008, 2009]",Sunderland AFC,19,19,0,1710,0,0,20,19,1,1733,0,0,39,38,1,3443,0,0,0,0,0,0,0,0,0,0,0,0,0,0
427,M√°rton F√ºl√∂p,1213,[2011],West Bromwich Albion,1,1,0,90,0,0,0,0,0,0,0,0,1,1,0,90,0,0,0,0,0,0,0,0,0,0,0,0,0,0
428,Nayron Nosworthy,1214,"[2005, 2007, 2008, 2009]",Sunderland AFC,42,38,4,3367,0,0,41,36,5,3369,0,0,83,74,9,6736,0,0,0,0,0,0,0,0,0,0,0,0,0,0
429,Danny Collins,1215,"[2005, 2007, 2008]",Sunderland AFC,47,45,2,4048,1,0,46,43,3,4026,2,0,93,88,5,8074,3,0,0,0,0,1,1,2,0,0,0,0,0,0
430,Danny Collins,1215,"[2009, 2010, 2011]",Stoke City,24,21,3,1932,0,0,26,24,2,2177,0,0,50,45,5,4109,0,0,0,0,0,0,0,0,0,0,0,0,0,0
431,Jonny Evans,1216,[2007],Sunderland AFC,8,8,0,707,0,0,6,6,0,540,0,0,14,14,0,1247,0,0,0,0,0,0,0,0,0,0,0,0,0,0
432,Jonny Evans,1216,"[2008, 2009, 2010, 2011, 2012, 2013, 2014]",Manchester United,65,61,4,5472,2,0,65,61,4,5307,2,0,130,122,8,10779,4,0,0,0,0,2,2,4,0,0,0,0,0,0
433,Jonny Evans,1216,"[2015, 2016, 2017]",West Bromwich Albion,43,42,1,3692,4,0,46,44,2,3812,1,0,89,86,3,7504,5,0,3,0,3,3,1,4,0,0,0,0,0,0
434,Jonny Evans,1216,"[2018, 2019]",Leicester City,31,31,0,2784,1,0,31,28,3,2597,1,0,62,59,3,5381,2,0,0,0,0,1,0,1,0,0,0,0,0,0
435,Carlos Edwards,1217,"[2007, 2008]",Sunderland AFC,19,9,10,907,0,0,16,8,8,723,0,0,35,17,18,1630,0,0,0,0,0,0,0,0,0,0,0,0,0,0
436,Dean Whitehead,1218,"[2005, 2007, 2008]",Sunderland AFC,47,44,3,4030,3,0,50,48,2,4328,1,0,97,92,5,8358,4,0,0,0,0,2,1,3,2,0,2,0,0,0
437,Dean Whitehead,1218,"[2009, 2010, 2011, 2012]",Stoke City,64,46,18,4434,1,0,68,54,14,5158,2,0,132,100,32,9592,3,0,3,3,6,1,2,3,0,0,0,0,0,0
438,Dean Whitehead,1218,[2017],Huddersfield Town,3,0,3,55,0,0,1,0,1,12,0,0,4,0,4,67,0,0,0,0,0,0,0,0,0,0,0,0,0,0
439,Grant Leadbitter,1219,"[2005, 2007, 2008, 2009]",Sunderland AFC,35,17,18,1907,3,0,31,21,10,1931,1,0,66,38,28,3838,4,0,0,0,0,2,1,3,0,0,0,0,0,0
440,Grant Leadbitter,1219,[2016],Middlesbrough FC,8,3,5,340,0,0,5,4,1,367,1,0,13,7,6,707,1,0,0,0,0,0,1,1,0,0,0,0,0,0
441,Andy Reid,1220,"[2007, 2008, 2009]",Sunderland AFC,36,29,7,2519,4,0,29,19,10,1832,0,0,65,48,17,4351,4,0,3,0,3,2,0,2,0,0,0,0,0,0
442,Andy Reid,1220,"[2004, 2005]",Tottenham Hotspur,14,9,5,844,1,0,12,11,1,842,0,0,26,20,6,1686,1,0,0,0,0,0,0,0,0,0,0,0,0,0
443,Andy Reid,1220,[2010],Blackpool FC,4,2,2,181,0,0,1,0,1,9,0,0,5,2,3,190,0,0,0,0,0,0,0,0,0,0,0,0,0,0
444,Andy Reid,1220,[2006],Charlton Athletic,8,8,0,660,1,0,8,7,1,548,1,0,16,15,1,1208,2,0,1,0,1,1,1,2,0,0,0,0,0,0
445,Ross Wallace,1221,[2007],Sunderland AFC,10,10,0,760,1,0,11,8,3,737,1,0,21,18,3,1497,2,0,0,0,0,0,0,0,0,0,0,0,0,0
446,Ross Wallace,1221,[2014],Burnley FC,5,0,5,38,0,0,10,1,9,190,1,0,15,1,14,228,1,0,0,1,1,0,1,1,0,0,0,0,0,0
447,Kenwyne Jones,1222,"[2007, 2008, 2009]",Sunderland AFC,48,44,4,3853,16,0,45,37,8,3402,10,0,93,81,12,7255,26,0,8,1,9,12,8,20,1,0,1,0,0,0
448,Kenwyne Jones,1222,"[2010, 2011, 2012, 2013]",Stoke City,45,29,16,2742,9,0,43,28,15,2450,4,0,88,57,31,5192,13,0,2,1,3,8,3,11,0,0,0,0,0,0
449,Kenwyne Jones,1222,[2004],Southampton FC,1,0,1,1,0,0,1,1,0,46,0,0,2,1,1,47,0,0,0,0,0,0,0,0,0,0,0,0,0,0
450,Dwight Yorke,1223,"[2007, 2008]",Sunderland AFC,13,11,2,801,0,0,14,10,4,752,1,0,27,21,6,1553,1,0,0,0,0,0,0,0,0,0,0,0,0,0
451,Dwight Yorke,1223,"[2000, 2001]",Manchester United,17,12,5,1100,8,0,15,7,8,839,1,0,32,19,13,1939,9,0,0,0,0,5,0,5,0,0,0,0,0,0
452,Dwight Yorke,1223,"[2002, 2003]",Blackburn Rovers,27,19,8,1634,4,0,28,20,8,1959,8,0,55,39,16,3593,12,0,3,8,11,3,8,11,0,1,1,0,0,0
453,Dwight Yorke,1223,[2004],Birmingham City,8,2,6,335,2,0,5,2,3,184,0,0,13,4,9,519,2,0,1,0,1,2,0,2,0,0,0,0,0,0
454,Liam Miller,1224,"[2007, 2008]",Sunderland AFC,12,7,5,723,0,0,14,9,5,903,1,0,26,16,10,1626,1,0,0,1,1,0,1,1,0,0,0,0,0,0
455,Liam Miller,1224,"[2004, 2005]",Manchester United,5,2,3,159,0,0,4,1,3,107,0,0,9,3,6,266,0,0,0,0,0,0,0,0,0,0,0,0,0,0
456,Roy O‚ÄôDonovan,1225,[2007],Sunderland AFC,10,2,8,247,0,0,6,2,4,177,0,0,16,4,12,424,0,0,0,0,0,0,0,0,0,0,0,0,0,0
457,Michael Chopra,1226,"[2007, 2008]",Sunderland AFC,19,11,8,1008,4,0,19,10,9,1129,4,0,38,21,17,2137,8,0,3,3,6,3,3,6,0,1,1,0,0,0
458,Michael Chopra,1226,"[2002, 2003, 2004, 2005]",Newcastle United,13,5,8,562,0,0,8,2,6,187,1,0,21,7,14,749,1,0,0,0,0,0,1,1,0,0,0,0,0,0
459,≈Åukasz Fabia≈Ñski,1227,"[2007, 2008, 2009, 2010, 2011, 2012, 2013]",Arsenal FC,14,13,1,1161,0,0,18,18,0,1620,0,0,32,31,1,2781,0,0,0,0,0,0,0,0,0,0,0,0,0,0
460,≈Åukasz Fabia≈Ñski,1227,"[2014, 2015, 2016, 2017]",Swansea City,73,73,0,6570,0,0,76,76,0,6840,0,0,149,149,0,13410,0,0,0,0,0,0,0,0,0,0,0,0,0,0
461,≈Åukasz Fabia≈Ñski,1227,"[2018, 2019]",West Ham United,32,32,0,2880,0,0,31,31,0,2659,0,0,63,63,0,5539,0,0,0,0,0,0,0,0,0,0,0,0,0,0
462,Philippe Senderos,1228,"[2004, 2005, 2006, 2007]",Arsenal FC,28,24,4,2121,3,0,33,27,6,2520,1,0,61,51,10,4641,4,0,0,0,0,1,1,2,0,0,0,0,0,0
463,Philippe Senderos,1228,[2014],Aston Villa,4,4,0,360,0,0,4,3,1,272,0,0,8,7,1,632,0,0,0,0,0,0,0,0,0,0,0,0,0,0
464,Philippe Senderos,1228,"[2010, 2011, 2012, 2013]",Fulham FC,31,29,2,2618,1,0,26,25,1,2190,1,0,57,54,3,4808,2,0,3,0,3,1,0,1,0,0,0,0,0,0
465,Philippe Senderos,1228,[2009],Everton FC,1,0,1,1,0,0,1,1,0,90,0,0,2,1,1,91,0,0,0,0,0,0,0,0,0,0,0,0,0,0
466,Johan Djourou,1229,"[2005, 2006, 2007, 2008, 2009, 2010, 2011, 2012]",Arsenal FC,41,37,4,3334,0,0,43,33,10,2896,1,0,84,70,14,6230,1,0,0,0,0,0,0,0,0,0,0,0,0,0
467,Ga√´l Clichy,1230,"[2003, 2004, 2005, 2006, 2007, 2008, 2009, 2010]",Arsenal FC,91,83,8,7565,0,0,90,80,10,7262,1,0,181,163,18,14827,1,0,0,0,0,0,0,0,0,0,0,0,0,0
468,Ga√´l Clichy,1230,"[2011, 2012, 2013, 2014, 2015, 2016]",Manchester City,69,63,6,5726,1,0,69,68,1,6059,1,0,138,131,7,11785,2,0,0,0,0,1,0,1,0,0,0,0,0,0
469,Emmanuel Ebou√©,1231,"[2004, 2005, 2006, 2007, 2008, 2009, 2010]",Arsenal FC,70,51,19,4532,2,0,60,43,17,3894,2,0,130,94,36,8426,4,0,0,0,0,0,1,1,1,0,1,0,0,0
470,Denilson,1232,"[2006, 2007, 2008, 2009, 2010]",Arsenal FC,50,36,14,3323,4,0,45,32,13,2841,3,0,95,68,27,6164,7,0,0,0,0,3,2,5,0,0,0,0,0,0
471,Alex Song,1233,"[2005, 2007, 2008, 2009, 2010, 2011]",Arsenal FC,67,57,10,5029,4,0,68,62,6,5580,3,0,135,119,16,10609,7,0,3,0,3,2,0,2,0,0,0,0,0,0
472,Alex Song,1233,"[2014, 2015]",West Ham United,18,18,0,1478,0,0,22,15,7,1429,0,0,40,33,7,2907,0,0,0,0,0,0,0,0,0,0,0,0,0,0
473,Alex Song,1233,[2006],Charlton Athletic,6,6,0,445,0,0,6,6,0,540,0,0,12,12,0,985,0,0,0,0,0,0,0,0,0,0,0,0,0,0
474,Gilberto Silva,1234,"[2002, 2003, 2004, 2005, 2006, 2007]",Arsenal FC,84,74,10,6614,12,0,81,74,7,6727,5,0,165,148,17,13341,17,0,3,0,3,7,2,9,5,0,5,0,0,0
475,Emmanuel Adebayor,1235,"[2005, 2006, 2007, 2008]",Arsenal FC,53,44,9,4026,21,0,49,40,9,3624,25,0,102,84,18,7650,46,0,3,9,12,10,12,22,4,1,5,0,0,0
476,Emmanuel Adebayor,1235,"[2011, 2012, 2013, 2014]",Tottenham Hotspur,50,39,11,3687,17,0,42,40,2,3438,18,0,92,79,13,7125,35,0,3,7,10,9,11,20,1,3,4,0,0,0
477,Emmanuel Adebayor,1235,"[2009, 2010]",Manchester City,18,14,4,1298,8,0,16,13,3,1154,7,0,34,27,7,2452,15,0,3,3,6,4,5,9,0,1,1,0,0,0
478,Emmanuel Adebayor,1235,[2015],Crystal Palace,5,3,2,274,1,0,7,4,3,345,0,0,12,7,5,619,1,0,0,0,0,1,0,1,0,0,0,0,0,0
479,Nicklas Bendtner,1236,"[2007, 2008, 2009, 2010, 2013]",Arsenal FC,51,18,33,2036,11,0,56,23,33,2548,13,0,107,41,66,4584,24,0,14,3,17,9,8,17,0,1,1,0,0,0
480,Nicklas Bendtner,1236,[2011],Sunderland AFC,14,14,0,1151,4,0,14,11,3,1080,4,0,28,25,3,2231,8,0,3,0,3,3,3,6,0,1,1,0,0,0
481,Theo Walcott,1237,"[2006, 2007, 2008, 2009, 2010, 2011, 2012, 2013, 2014, 2015, 2016, 2017]",Arsenal FC,145,93,52,8526,37,0,123,75,48,6975,28,0,268,168,100,15501,65,0,1,7,8,16,20,36,0,0,0,0,0,0
482,Theo Walcott,1237,"[2018, 2019]",Everton FC,33,23,10,1811,4,0,29,18,11,1608,3,0,62,41,21,3419,7,0,1,3,4,3,3,6,0,0,0,0,0,0
483,Armand Traor√©,1238,"[2007, 2009]",Arsenal FC,6,5,1,450,0,0,6,5,1,456,0,0,12,10,2,906,0,0,0,0,0,0,0,0,0,0,0,0,0,0
484,Armand Traor√©,1238,"[2011, 2012, 2014]",Queens Park Rangers,31,25,6,2194,0,0,34,24,10,2299,0,0,65,49,16,4493,0,0,0,0,0,0,0,0,0,0,0,0,0,0
485,Armand Traor√©,1238,[2008],Portsmouth FC,11,7,4,649,1,0,8,7,1,624,0,0,19,14,5,1273,1,0,0,0,0,0,0,0,0,0,0,0,0,0
486,Mark Randall,1239,"[2007, 2008]",Arsenal FC,0,0,0,0,0,0,2,0,2,17,0,0,2,0,2,17,0,0,0,0,0,0,0,0,0,0,0,0,0,0
487,Fraser Forster,1240,"[2014, 2015, 2016, 2017, 2018, 2019]",Southampton FC,55,55,0,4874,0,0,52,52,0,4680,0,0,107,107,0,9554,0,0,0,0,0,0,0,0,0,0,0,0,0,0
488,Fraser Forster,1240,[2011],Newcastle United,0,0,0,0,0,0,0,0,0,0,0,0,0,0,0,0,0,0,0,0,0,0,0,0,0,0,0,0,0,0
489,Virgil van Dijk,1241,"[2015, 2016, 2017]",Southampton FC,34,34,0,3025,4,0,33,32,1,2883,0,0,67,66,1,5908,4,0,1,0,1,3,0,3,0,0,0,0,0,0
490,Virgil van Dijk,1241,"[2018, 2019]",Liverpool FC,38,38,0,3385,6,0,38,38,0,3420,3,0,76,76,0,6805,9,0,0,0,0,2,2,4,0,0,0,0,0,0
491,Jordy Clasie,1242,"[2015, 2016]",Southampton FC,18,15,3,1145,0,0,20,17,3,1403,1,0,38,32,6,2548,1,0,0,3,3,0,1,1,0,0,0,0,0,0
492,Oriol Romeu,1243,"[2015, 2016, 2017, 2018, 2019]",Southampton FC,81,64,17,5698,2,0,78,67,11,5885,2,0,159,131,28,11583,4,0,1,0,1,2,2,4,0,0,0,0,0,0
493,Oriol Romeu,1243,"[2011, 2012]",Chelsea FC,10,6,4,558,0,0,12,9,3,632,0,0,22,15,7,1190,0,0,0,0,0,0,0,0,0,0,0,0,0,0
494,Nathan Redmond,1244,"[2016, 2017, 2018, 2019]",Southampton FC,66,60,6,5310,7,0,72,62,10,5619,11,0,138,122,16,10929,18,0,1,0,1,6,6,12,0,0,0,0,0,0
495,Nathan Redmond,1244,"[2013, 2015]",Norwich City,35,24,11,2288,4,0,34,23,11,2205,3,0,69,47,22,4493,7,0,3,0,3,2,1,3,0,0,0,0,0,0
496,Nathan Redmond,1244,[2010],Birmingham City,0,0,0,0,0,0,0,0,0,0,0,0,0,0,0,0,0,0,0,0,0,0,0,0,0,0,0,0,0,0
497,Charlie Austin,1245,"[2015, 2016, 2017, 2018]",Southampton FC,38,18,20,1645,10,0,33,16,17,1511,6,0,71,34,37,3156,16,0,12,4,16,8,5,13,2,1,3,0,0,0
498,Charlie Austin,1245,[2014],Queens Park Rangers,19,19,0,1689,10,0,16,16,0,1394,8,0,35,35,0,3083,18,0,9,0,9,6,5,11,1,2,3,0,0,0
499,Sam McQueen,1246,"[2014, 2016, 2017]",Southampton FC,9,3,6,387,0,0,11,3,8,363,0,0,20,6,14,750,0,0,0,0,0,0,0,0,0,0,0,0,0,0
500,Jay Rodriguez,1247,"[2012, 2013, 2015, 2016]",Southampton FC,52,28,24,2794,11,0,52,38,14,3186,15,0,104,66,38,5980,26,0,1,5,6,4,12,16,0,0,0,0,0,0
501,Jay Rodriguez,1247,[2017],West Bromwich Albion,18,15,3,1354,4,0,19,16,3,1470,3,0,37,31,6,2824,7,0,1,3,4,4,3,7,1,0,1,0,0,0
502,Jay Rodriguez,1247,[2019],Burnley FC,19,9,10,927,3,0,17,11,6,1080,5,0,36,20,16,2007,8,0,3,7,10,1,4,5,1,0,1,0,0,0
503,Pierre-Emile H√∏jbjerg,1248,"[2016, 2017, 2018, 2019]",Southampton FC,53,46,7,4159,2,0,56,48,8,4342,2,0,109,94,15,8501,4,0,0,3,3,2,1,3,0,0,0,0,0,0
504,Tom Heaton,1249,"[2014, 2016, 2017, 2018]",Burnley FC,49,49,0,4356,0,0,47,47,0,4230,0,0,96,96,0,8586,0,0,0,0,0,0,0,0,0,0,0,0,0,0
505,Tom Heaton,1249,[2019],Aston Villa,10,10,0,900,0,0,10,10,0,895,0,0,20,20,0,1795,0,0,0,0,0,0,0,0,0,0,0,0,0,0
506,Matthew Lowton,1250,"[2016, 2017, 2018, 2019]",Burnley FC,48,47,1,4274,0,0,52,50,2,4538,0,0,100,97,3,8812,0,0,0,0,0,0,0,0,0,0,0,0,0,0
507,Matthew Lowton,1250,"[2012, 2013, 2014]",Aston Villa,33,31,2,2737,1,0,38,31,7,2854,1,0,71,62,9,5591,2,0,0,0,0,1,1,2,0,0,0,0,0,0
508,Ben Mee,1251,"[2014, 2016, 2017, 2018, 2019]",Burnley FC,81,80,1,7164,1,0,85,85,0,7650,3,0,166,165,1,14814,4,0,0,4,4,1,2,3,0,0,0,0,0,0
509,Stephen Ward,1252,"[2014, 2016, 2017, 2018]",Burnley FC,39,38,1,3318,1,0,38,37,1,3229,1,0,77,75,2,6547,2,0,0,0,0,0,0,0,0,0,0,0,0,0
510,Stephen Ward,1252,"[2009, 2010, 2011]",Wolverhampton Wanderers,47,42,5,3774,2,0,47,41,6,3652,2,0,94,83,11,7426,4,0,0,6,6,1,2,3,0,0,0,0,0,0
511,Dean Marney,1253,"[2014, 2016, 2017]",Burnley FC,23,23,0,1944,1,0,18,18,0,1514,0,0,41,41,0,3458,1,0,0,0,0,1,0,1,0,0,0,0,0,0
512,Dean Marney,1253,"[2008, 2009]",Hull City,21,20,1,1734,1,0,26,21,5,1907,0,0,47,41,6,3641,1,0,0,0,0,0,0,0,0,0,0,0,0,0
513,Dean Marney,1253,"[2003, 2004]",Tottenham Hotspur,4,1,3,133,2,0,4,3,1,258,0,0,8,4,4,391,2,0,0,0,0,1,0,1,0,0,0,0,0,0
514,Jeff Hendrick,1254,"[2016, 2017, 2018, 2019]",Burnley FC,59,53,6,4374,5,0,63,54,9,4753,4,0,122,107,15,9127,9,0,6,4,10,5,4,9,0,0,0,0,0,0
515,Steven Defour,1255,"[2016, 2017, 2018]",Burnley FC,28,25,3,1975,1,0,23,21,2,1565,1,0,51,46,5,3540,2,0,0,0,0,1,0,1,0,0,0,0,0,0
516,J√≥hann Gu√∞mundsson,1256,"[2016, 2017, 2018, 2019]",Burnley FC,54,34,20,3410,4,0,42,33,9,2793,3,0,96,67,29,6203,7,0,1,0,1,2,2,4,0,0,0,0,0,0
517,Sam Vokes,1257,"[2014, 2016, 2017, 2018]",Burnley FC,49,23,26,2342,9,0,53,20,33,2170,8,0,102,43,59,4512,17,0,4,6,10,8,6,14,0,2,2,0,0,0
518,Sam Vokes,1257,"[2009, 2010, 2011]",Wolverhampton Wanderers,6,0,6,78,0,0,5,0,5,54,0,0,11,0,11,132,0,0,0,0,0,0,0,0,0,0,0,0,0,0
519,George Boyd,1258,"[2014, 2016]",Burnley FC,34,33,1,2921,5,0,37,35,2,2938,2,0,71,68,3,5859,7,0,6,1,7,3,1,4,0,0,0,0,0,0
520,George Boyd,1258,[2013],Hull City,15,6,9,703,2,0,14,3,11,496,0,0,29,9,20,1199,2,0,3,0,3,1,0,1,0,0,0,0,0,0
521,Michael Kightly,1259,"[2014, 2016]",Burnley FC,11,5,6,511,0,0,11,6,5,544,1,0,22,11,11,1055,1,0,0,0,0,0,1,1,0,0,0,0,0,0
522,Michael Kightly,1259,[2012],Stoke City,14,8,6,729,1,0,8,6,2,467,2,0,22,14,8,1196,3,0,0,0,0,1,1,2,0,0,0,0,0,0
523,Michael Kightly,1259,"[2009, 2010, 2011]",Wolverhampton Wanderers,18,9,9,943,2,0,13,9,4,857,1,0,31,18,13,1800,3,0,0,0,0,2,1,3,0,0,0,0,0,0
524,Aiden O‚ÄôNeill,1260,"[2016, 2017]",Burnley FC,1,0,1,1,0,0,2,0,2,82,0,0,3,0,3,83,0,0,0,0,0,0,0,0,0,0,0,0,0,0
525,Patrick Bamford,1261,[2016],Burnley FC,2,0,2,11,0,0,4,0,4,23,0,0,6,0,6,34,0,0,0,0,0,0,0,0,0,0,0,0,0,0
526,Patrick Bamford,1261,[2015],Norwich City,2,1,1,79,0,0,5,1,4,157,0,0,7,2,5,236,0,0,0,0,0,0,0,0,0,0,0,0,0,0
527,Paul Robinson,1262,[2016],Burnley FC,1,1,0,90,0,0,2,2,0,180,0,0,3,3,0,270,0,0,0,0,0,0,0,0,0,0,0,0,0,0
528,Paul Robinson,1262,"[2005, 2006, 2007]",Tottenham Hotspur,50,50,0,4500,1,0,48,48,0,4320,0,0,98,98,0,8820,1,0,0,0,0,0,0,0,0,0,0,0,0,0
529,Paul Robinson,1262,"[2004, 2008]",West Bromwich Albion,31,29,2,2561,0,0,34,34,0,3002,1,0,65,63,2,5563,1,0,0,1,1,0,1,1,0,0,0,0,0,0
530,Paul Robinson,1262,"[2000, 2002, 2003]",Leeds United,41,40,1,3619,0,0,41,41,0,3690,0,0,82,81,1,7309,0,0,0,0,0,0,0,0,0,0,0,0,0,0
531,Paul Robinson,1262,[2010],Bolton Wanderers,18,18,0,1620,0,0,17,17,0,1530,0,0,35,35,0,3150,0,0,0,0,0,0,0,0,0,0,0,0,0,0
532,Paul Robinson,1262,[2009],Wigan Athletic,1,1,0,90,0,0,0,0,0,0,0,0,1,1,0,90,0,0,0,0,0,0,0,0,0,0,0,0,0,0
533,Paul Robinson,1262,[2011],Blackburn Rovers,18,18,0,1620,0,0,16,16,0,1440,0,0,34,34,0,3060,0,0,0,0,0,0,0,0,0,0,0,0,0,0
534,Jon Flanagan,1263,[2016],Burnley FC,3,2,1,187,0,0,3,1,2,172,0,0,6,3,3,359,0,0,0,0,0,0,0,0,0,0,0,0,0,0
535,Jon Flanagan,1263,"[2010, 2011, 2013, 2015, 2017]",Liverpool FC,20,20,0,1674,0,0,20,20,0,1651,1,0,40,40,0,3325,1,0,0,0,0,0,0,0,0,0,0,0,0,0
536,James Tarkowski,1264,"[2016, 2017, 2018, 2019]",Burnley FC,64,55,9,5088,3,0,59,53,6,4764,2,0,123,108,15,9852,5,0,3,0,3,3,0,3,0,0,0,0,0,0
537,Scott Arfield,1265,"[2014, 2016, 2017]",Burnley FC,42,35,7,3174,4,0,44,39,5,3473,1,0,86,74,12,6647,5,0,6,0,6,4,1,5,0,0,0,0,0,0
538,Gomes,1266,"[2008, 2009, 2010, 2011, 2013]",Tottenham Hotspur,48,48,0,4320,0,0,44,44,0,3886,0,0,92,92,0,8206,0,0,0,0,0,0,0,0,0,0,0,0,0,0
539,Gomes,1266,"[2015, 2016, 2017, 2018, 2019]",Watford FC,50,50,0,4476,0,0,50,50,0,4389,0,0,100,100,0,8865,0,0,0,0,0,0,0,0,0,0,0,0,0,0
540,Michael Dawson,1267,"[2004, 2005, 2006, 2007, 2008, 2009, 2010, 2011, 2012, 2013]",Tottenham Hotspur,117,113,4,10087,3,0,114,103,11,9229,4,0,231,216,15,19316,7,0,0,2,2,2,3,5,0,0,0,0,0,0
541,Michael Dawson,1267,"[2014, 2016]",Hull City,24,22,2,1990,4,0,26,25,1,2165,0,0,50,47,3,4155,4,0,7,0,7,4,0,4,0,0,0,0,0,0
542,Vedran ƒÜorluka,1268,"[2008, 2009, 2010, 2011]",Tottenham Hotspur,39,37,2,3300,0,0,39,36,3,3252,1,0,78,73,5,6552,1,0,0,1,1,0,1,1,0,0,0,0,0,0
543,Vedran ƒÜorluka,1268,[2007],Manchester City,18,18,0,1540,0,0,17,16,1,1432,0,0,35,34,1,2972,0,0,0,0,0,0,0,0,0,0,0,0,0,0
544,Beno√Æt Assou-Ekotto,1269,"[2007, 2008, 2009, 2010, 2011, 2012]",Tottenham Hotspur,74,71,3,6196,4,0,64,63,1,5504,0,0,138,134,4,11700,4,0,0,0,0,3,0,3,0,0,0,0,0,0
545,Beno√Æt Assou-Ekotto,1269,[2006],Watford FC,1,1,0,90,0,0,0,0,0,0,0,0,1,1,0,90,0,0,0,0,0,0,0,0,0,0,0,0,0,0
546,Tom Huddlestone,1270,"[2005, 2006, 2007, 2008, 2009, 2010, 2011, 2012]",Tottenham Hotspur,81,59,22,5725,6,0,60,42,18,4030,2,0,141,101,40,9755,8,0,3,3,6,2,1,3,0,0,0,0,0,0
547,Tom Huddlestone,1270,"[2013, 2014, 2016]",Hull City,49,44,5,3916,2,0,49,44,5,3865,1,0,98,88,10,7781,3,0,0,0,0,1,1,2,1,0,1,0,0,0
548,Wilson Palacios,1271,"[2008, 2009, 2010]",Tottenham Hotspur,29,27,2,2219,0,0,34,27,7,2335,1,0,63,54,9,4554,1,0,0,0,0,0,0,0,0,0,0,0,0,0
549,Wilson Palacios,1271,"[2011, 2012, 2013, 2014]",Stoke City,15,2,13,283,0,0,24,13,11,1171,0,0,39,15,24,1454,0,0,0,0,0,0,0,0,0,0,0,0,0,0
550,Wilson Palacios,1271,[2007],Wigan Athletic,9,9,0,810,0,0,7,7,0,604,0,0,16,16,0,1414,0,0,0,0,0,0,0,0,0,0,0,0,0,0
551,Luka Modriƒá,1272,"[2008, 2009, 2010, 2011]",Tottenham Hotspur,63,62,1,5423,7,0,61,59,2,5126,6,0,124,121,3,10549,13,0,4,0,4,4,3,7,0,1,1,0,0,0
552,Peter Crouch,1273,"[2009, 2010]",Tottenham Hotspur,36,20,16,2002,7,0,34,19,15,1967,5,0,70,39,31,3969,12,0,0,6,6,5,3,8,0,0,0,0,0,0
553,Peter Crouch,1273,"[2011, 2012, 2013, 2014, 2015, 2016, 2017]",Stoke City,102,69,33,6407,25,0,99,68,31,6259,19,0,201,137,64,12666,44,0,17,14,31,17,17,34,0,0,0,0,0,0
554,Peter Crouch,1273,[2008],Portsmouth FC,19,19,0,1686,7,0,19,19,0,1674,3,0,38,38,0,3360,10,0,3,1,4,6,2,8,0,0,0,0,0,0
555,Peter Crouch,1273,"[2001, 2002, 2003]",Aston Villa,18,10,8,830,1,0,18,10,8,905,5,0,36,20,16,1735,6,0,1,3,4,1,3,4,0,0,0,0,0,0
556,Peter Crouch,1273,"[2005, 2006, 2007]",Liverpool FC,48,31,17,2534,13,0,37,24,13,2038,9,0,85,55,30,4572,22,0,7,0,7,7,4,11,0,0,0,0,0,0
557,Peter Crouch,1273,[2018],Burnley FC,4,0,4,56,0,0,2,0,2,30,0,0,6,0,6,86,0,0,0,0,0,0,0,0,0,0,0,0,0,0
558,Peter Crouch,1273,[2004],Southampton FC,13,9,4,903,7,0,11,7,4,725,5,0,24,16,8,1628,12,0,1,0,1,3,2,5,0,0,0,0,0,0
559,Gareth Bale,1274,"[2007, 2008, 2009, 2010, 2011, 2012]",Tottenham Hotspur,69,65,4,5721,20,0,75,69,6,6078,23,0,144,134,10,11799,43,0,12,10,22,11,12,23,0,0,0,0,0,0
560,Jermaine Jenas,1275,"[2006, 2007, 2008, 2009, 2010, 2011]",Tottenham Hotspur,50,40,10,3677,10,0,70,60,10,5437,5,0,120,100,20,9114,15,0,4,3,7,5,3,8,0,0,0,0,0,0
561,Jermaine Jenas,1275,"[2001, 2002, 2003, 2004, 2005]",Newcastle United,53,39,14,3759,5,0,52,42,10,3931,4,0,105,81,24,7690,9,0,3,4,7,2,4,6,0,0,0,0,0,0
562,Jermaine Jenas,1275,[2012],Queens Park Rangers,6,3,3,346,1,0,6,5,1,465,1,0,12,8,4,811,2,0,0,0,0,0,1,1,0,0,0,0,0,0
563,Niko Kranjƒçar,1276,"[2009, 2010, 2011]",Tottenham Hotspur,23,14,9,1232,6,0,25,15,10,1368,3,0,48,29,19,2600,9,0,3,6,9,2,3,5,0,0,0,0,0,0
564,Niko Kranjƒçar,1276,"[2006, 2007, 2008]",Portsmouth FC,37,23,14,2454,4,0,41,34,7,3137,5,0,78,57,21,5591,9,0,1,3,4,2,3,5,0,0,0,0,0,0
565,Niko Kranjƒçar,1276,[2014],Queens Park Rangers,8,2,6,268,1,0,14,9,5,846,1,0,22,11,11,1114,2,0,1,0,1,1,0,1,0,0,0,0,0,0
566,Robert Green,1277,"[2006, 2007, 2008, 2009, 2010]",West Ham United,89,89,0,7994,0,0,85,85,0,7650,0,0,174,174,0,15644,0,0,0,0,0,0,0,0,0,0,0,0,0,0
567,Robert Green,1277,[2004],Norwich City,18,18,0,1620,0,0,19,19,0,1683,0,0,37,37,0,3303,0,0,0,0,0,0,0,0,0,0,0,0,0,0
568,Robert Green,1277,"[2012, 2014]",Queens Park Rangers,26,26,0,2284,0,0,26,24,2,2220,0,0,52,50,2,4504,0,0,0,0,0,0,0,0,0,0,0,0,0,0
569,Robert Green,1277,[2017],Huddersfield Town,0,0,0,0,0,0,0,0,0,0,0,0,0,0,0,0,0,0,0,0,0,0,0,0,0,0,0,0,0,0
570,Radoslav Kov√°ƒç,1278,"[2008, 2009, 2010]",West Ham United,26,19,7,1738,2,0,27,23,4,1885,1,0,53,42,11,3623,3,0,0,0,0,1,1,2,0,0,0,0,0,0
571,Matthew Upson,1279,"[2006, 2007, 2008, 2009, 2010]",West Ham United,68,68,0,5726,1,0,61,61,0,5295,3,0,129,129,0,11021,4,0,3,0,3,1,2,3,0,0,0,0,0,0
572,Matthew Upson,1279,"[2002, 2003, 2004, 2005]",Birmingham City,53,53,0,4768,3,0,50,50,0,4407,0,0,103,103,0,9175,3,0,0,0,0,2,0,2,0,0,0,0,0,0
573,Matthew Upson,1279,[2014],Leicester City,1,1,0,90,0,0,4,4,0,285,0,0,5,5,0,375,0,0,0,0,0,0,0,0,0,0,0,0,0,0
574,Matthew Upson,1279,"[2011, 2012]",Stoke City,8,6,2,619,2,0,7,5,2,490,0,0,15,11,4,1109,2,0,0,0,0,1,0,1,0,0,0,0,0,0
575,Matthew Upson,1279,"[2000, 2001]",Arsenal FC,6,5,1,464,0,0,10,5,5,436,0,0,16,10,6,900,0,0,0,0,0,0,0,0,0,0,0,0,0,0
576,H√©rita Ilunga,1280,"[2008, 2009, 2010]",West Ham United,32,31,1,2616,0,0,29,29,0,2493,0,0,61,60,1,5109,0,0,0,0,0,0,0,0,0,0,0,0,0,0
577,James Tomkins,1281,"[2007, 2008, 2009, 2010, 2012, 2013, 2014, 2015]",West Ham United,75,68,7,6039,2,0,89,80,9,7229,2,0,164,148,16,13268,4,0,0,3,3,0,1,1,0,0,0,0,0,0
578,James Tomkins,1281,"[2016, 2017, 2018, 2019]",Crystal Palace,48,47,1,4095,4,0,51,50,1,4418,4,0,99,97,2,8513,8,0,0,0,0,1,3,4,0,0,0,0,0,0
579,Scott Parker,1282,"[2007, 2008, 2009, 2010]",West Ham United,59,56,3,4856,5,0,48,47,1,4099,4,0,107,103,4,8955,9,0,3,3,6,3,3,6,0,0,0,0,0,0
580,Scott Parker,1282,"[2000, 2001, 2002, 2003]",Charlton Athletic,51,49,2,4123,5,0,49,44,5,3860,3,0,100,93,7,7983,8,0,3,3,6,4,2,6,0,0,0,0,0,0
581,Scott Parker,1282,"[2005, 2006]",Newcastle United,29,28,1,2438,3,0,25,25,0,2208,1,0,54,53,1,4646,4,0,0,0,0,2,1,3,0,0,0,0,0,0
582,Scott Parker,1282,"[2011, 2012]",Tottenham Hotspur,22,19,3,1662,0,0,28,24,4,2181,0,0,50,43,7,3843,0,0,0,0,0,0,0,0,0,0,0,0,0,0
583,Scott Parker,1282,[2013],Fulham FC,15,14,1,1158,1,0,14,13,1,1161,1,0,29,27,2,2319,2,0,0,3,3,1,1,2,0,0,0,0,0,0
584,Scott Parker,1282,[2004],Chelsea FC,3,1,2,112,0,0,1,0,1,13,0,0,4,1,3,125,0,0,0,0,0,0,0,0,0,0,0,0,0,0
585,Julien Faubert,1283,"[2007, 2008, 2009, 2010]",West Ham United,37,31,6,2749,1,0,31,26,5,2320,0,0,68,57,11,5069,1,0,0,0,0,0,0,0,0,0,0,0,0,0
586,Valon Behrami,1284,"[2008, 2009, 2010]",West Ham United,29,27,2,2268,2,0,28,26,2,2215,2,0,57,53,4,4483,4,0,0,3,3,2,1,3,0,0,0,0,0,0
587,Valon Behrami,1284,"[2015, 2016]",Watford FC,26,22,4,1852,0,0,22,18,4,1491,0,0,48,40,8,3343,0,0,0,0,0,0,0,0,0,0,0,0,0,0
588,Jack Collison,1285,"[2007, 2008, 2009, 2010, 2012, 2013]",West Ham United,36,22,14,2007,3,0,37,26,11,2474,4,0,73,48,25,4481,7,0,3,3,6,3,3,6,0,0,0,0,0,0
589,Guillermo Franco,1286,[2009],West Ham United,13,9,4,782,2,0,10,7,3,589,3,0,23,16,7,1371,5,0,0,0,0,0,2,2,0,0,0,0,0,0
590,Alessandro Diamanti,1287,"[2009, 2010]",West Ham United,14,10,4,1005,6,0,14,8,6,826,1,0,28,18,10,1831,7,0,1,0,1,5,1,6,4,0,4,0,0,0
591,Alessandro Diamanti,1287,[2015],Watford FC,2,0,2,50,0,0,1,0,1,14,0,0,3,0,3,64,0,0,0,0,0,0,0,0,0,0,0,0,0,0
592,Jonathan Spector,1288,"[2006, 2007, 2008, 2009, 2010]",West Ham United,47,32,15,3352,0,0,52,32,20,3194,1,0,99,64,35,6546,1,0,0,0,0,0,1,1,0,0,0,0,0,0
593,Jonathan Spector,1288,[2005],Charlton Athletic,9,6,3,538,0,0,11,7,4,708,0,0,20,13,7,1246,0,0,0,0,0,0,0,0,0,0,0,0,0,0
594,Jonathan Spector,1288,[2004],Manchester United,2,1,1,96,0,0,1,1,0,75,0,0,3,2,1,171,0,0,0,0,0,0,0,0,0,0,0,0,0,0
595,Luis Jim√©nez,1289,[2009],West Ham United,6,3,3,331,1,0,5,3,2,324,0,0,11,6,5,655,1,0,0,0,0,0,0,0,1,0,1,0,0,0
596,Nigel Martyn,1290,"[2000, 2001, 2002]",Leeds United,25,25,0,2231,0,0,26,26,0,2340,0,0,51,51,0,4571,0,0,0,0,0,0,0,0,0,0,0,0,0,0
597,Nigel Martyn,1290,"[2003, 2004, 2005]",Everton FC,43,42,1,3845,0,0,38,38,0,3330,0,0,81,80,1,7175,0,0,0,0,0,0,0,0,0,0,0,0,0,0
598,Ian Harte,1291,"[2000, 2001, 2002, 2003]",Leeds United,49,46,3,4208,8,0,51,47,4,4323,8,0,100,93,7,8531,16,0,0,3,3,3,6,9,2,3,5,0,0,0
599,Ian Harte,1291,[2012],Reading FC,10,9,1,824,0,0,6,6,0,537,0,0,16,15,1,1361,0,0,0,0,0,0,0,0,0,0,0,0,0,0
600,Ian Harte,1291,[2007],Sunderland AFC,3,1,2,114,0,0,5,2,3,194,0,0,8,3,5,308,0,0,0,0,0,0,0,0,0,0,0,0,0,0
601,Danny Mills,1292,"[2000, 2001, 2002]",Leeds United,35,34,1,3024,0,0,38,37,1,3300,2,0,73,71,2,6324,2,0,0,0,0,0,1,1,0,0,0,0,0,0
602,Danny Mills,1292,"[2004, 2005, 2006]",Manchester City,28,25,3,2221,1,0,17,16,1,1360,0,0,45,41,4,3581,1,0,0,0,0,1,0,1,0,0,0,0,0,0
603,Danny Mills,1292,[2003],Middlesbrough FC,15,15,0,1343,0,0,12,12,0,1070,0,0,27,27,0,2413,0,0,0,0,0,0,0,0,0,0,0,0,0,0
604,Danny Mills,1292,[2007],Derby County,1,1,0,90,0,0,1,1,0,32,0,0,2,2,0,122,0,0,0,0,0,0,0,0,0,0,0,0,0,0
605,Dominic Matteo,1293,"[2000, 2001, 2002, 2003]",Leeds United,48,48,0,4154,2,0,53,53,0,4649,0,0,101,101,0,8803,2,0,3,0,3,2,0,2,0,0,0,0,0,0
606,Dominic Matteo,1293,"[2004, 2005]",Blackburn Rovers,18,17,1,1487,0,0,15,13,2,1166,0,0,33,30,3,2653,0,0,0,0,0,0,0,0,0,0,0,0,0,0
607,Rio Ferdinand,1294,"[2000, 2001]",Leeds United,22,22,0,1980,0,0,24,24,0,2160,2,0,46,46,0,4140,2,0,0,0,0,0,1,1,0,0,0,0,0,0
608,Rio Ferdinand,1294,"[2002, 2003, 2004, 2005, 2006, 2007, 2008, 2009, 2010, 2011, 2012, 2013]",Manchester United,150,147,3,13086,6,0,158,154,4,13768,1,0,308,301,7,26854,7,0,6,0,6,3,0,3,0,0,0,0,0,0
609,Rio Ferdinand,1294,[2014],Queens Park Rangers,4,4,0,360,0,0,7,7,0,630,0,0,11,11,0,990,0,0,0,0,0,0,0,0,0,0,0,0,0,0
610,Olivier Dacourt,1295,"[2000, 2001, 2002]",Leeds United,24,22,2,1780,1,0,29,27,2,2213,2,0,53,49,4,3993,3,0,3,1,4,1,2,3,0,0,0,0,0,0
611,Olivier Dacourt,1295,[2008],Fulham FC,5,0,5,62,0,0,4,0,4,83,0,0,9,0,9,145,0,0,0,0,0,0,0,0,0,0,0,0,0,0
612,Harry Kewell,1296,"[2000, 2001, 2002]",Leeds United,36,34,2,2887,12,0,34,30,4,2748,12,0,70,64,6,5635,24,0,6,0,6,7,7,14,0,0,0,0,0,0
613,Harry Kewell,1296,"[2003, 2004, 2005, 2006, 2007]",Liverpool FC,44,42,2,3492,7,0,46,36,10,3427,5,0,90,78,12,6919,12,0,7,0,7,5,2,7,1,0,1,0,0,0
614,Lee Bowyer,1297,"[2000, 2001]",Leeds United,25,24,1,2148,7,0,29,29,0,2572,7,0,54,53,1,4720,14,0,0,9,9,4,5,9,0,0,0,0,0,0
615,Lee Bowyer,1297,"[2009, 2010]",Birmingham City,35,31,4,2630,4,0,29,27,2,2427,5,0,64,58,6,5057,9,0,10,3,13,4,3,7,0,0,0,0,0,0
616,Lee Bowyer,1297,"[2003, 2004, 2005]",Newcastle United,38,25,13,2214,5,0,38,33,5,2896,1,0,76,58,18,5110,6,0,0,0,0,4,1,5,0,0,0,0,0,0
617,Lee Bowyer,1297,"[2002, 2006, 2007, 2008]",West Ham United,28,23,5,1989,2,0,22,20,2,1614,2,0,50,43,7,3603,4,0,1,0,1,2,1,3,0,0,0,0,0,0
618,Eirik Bakke,1298,"[2000, 2001, 2002, 2003]",Leeds United,46,35,11,3234,4,0,42,36,6,3096,2,0,88,71,17,6330,6,0,0,0,0,3,2,5,0,0,0,0,0,0
619,Eirik Bakke,1298,[2005],Aston Villa,7,5,2,386,0,0,7,3,4,299,0,0,14,8,6,685,0,0,0,0,0,0,0,0,0,0,0,0,0,0
620,Mark Viduka,1299,"[2000, 2001, 2002, 2003]",Leeds United,57,55,2,4827,34,0,60,58,2,5169,25,0,117,113,4,9996,59,0,8,13,21,19,15,34,2,3,5,0,0,0
621,Mark Viduka,1299,"[2004, 2005, 2006]",Middlesbrough FC,37,30,7,2611,17,0,35,26,9,2246,8,0,72,56,16,4857,25,0,9,4,13,11,6,17,0,0,0,0,0,0
622,Mark Viduka,1299,"[2007, 2008]",Newcastle United,18,13,5,1147,6,0,20,12,8,1118,1,0,38,25,13,2265,7,0,1,0,1,5,1,6,0,0,0,0,0,0
623,Alan Smith,1300,"[2000, 2001, 2002, 2003]",Leeds United,54,47,7,4301,18,0,56,52,4,4540,9,0,110,99,11,8841,27,0,6,4,10,9,7,16,1,0,1,0,0,0
624,Alan Smith,1300,"[2004, 2005, 2006]",Manchester United,31,20,11,1871,3,0,29,22,7,2025,4,0,60,42,18,3896,7,0,1,1,2,2,3,5,0,0,0,0,0,0
625,Alan Smith,1300,"[2007, 2008, 2010, 2011]",Newcastle United,22,15,7,1369,0,0,29,21,8,1927,0,0,51,36,15,3296,0,0,0,0,0,0,0,0,0,0,0,0,0,0
626,Jason Wilcox,1301,"[2000, 2001, 2002, 2003]",Leeds United,25,16,9,1409,0,0,30,15,15,1617,1,0,55,31,24,3026,1,0,0,0,0,0,0,0,0,0,0,0,0,0
627,Tim Flowers,1302,"[2000, 2001]",Leicester City,15,14,1,1282,0,0,11,11,0,931,0,0,26,25,1,2213,0,0,0,0,0,0,0,0,0,0,0,0,0,0
628,Tim Flowers,1302,[2002],Manchester City,0,0,0,0,0,0,0,0,0,0,0,0,0,0,0,0,0,0,0,0,0,0,0,0,0,0,0,0,0,0
629,Gary Rowett,1303,"[2000, 2001]",Leicester City,24,22,2,2044,2,0,25,25,0,2181,0,0,49,47,2,4225,2,0,3,0,3,2,0,2,0,0,0,0,0,0
630,Gary Rowett,1303,"[2002, 2003]",Charlton Athletic,7,7,0,630,1,0,6,6,0,456,0,0,13,13,0,1086,1,0,1,0,1,1,0,1,0,0,0,0,0,0
631,Andy Impey,1304,"[2000, 2001, 2003]",Leicester City,36,30,6,2678,0,0,36,29,7,2688,0,0,72,59,13,5366,0,0,0,0,0,0,0,0,0,0,0,0,0,0
632,Frank Sinclair,1305,"[2000, 2001, 2003]",Leicester City,35,32,3,2692,1,0,30,25,5,2301,0,0,65,57,8,4993,1,0,0,0,0,0,0,0,0,0,0,0,0,0
633,Callum Davidson,1306,"[2000, 2001, 2003]",Leicester City,35,31,4,2631,0,0,35,30,5,2592,1,0,70,61,9,5223,1,0,0,0,0,0,1,1,0,0,0,0,0,0
634,Junior Lewis,1307,"[2000, 2001]",Leicester City,9,8,1,763,0,0,12,11,1,1020,0,0,21,19,2,1783,0,0,0,0,0,0,0,0,0,0,0,0,0,0
635,Lee Marshall,1308,"[2000, 2001]",Leicester City,21,17,4,1520,0,0,23,19,4,1827,0,0,44,36,8,3347,0,0,0,0,0,0,0,0,0,0,0,0,0,0
636,Lee Marshall,1308,[2002],West Bromwich Albion,4,2,2,204,1,0,5,2,3,192,0,0,9,4,5,396,1,0,0,0,0,0,0,0,0,0,0,0,0,0
637,Robbie Savage,1309,"[2000, 2001]",Leicester City,36,36,0,3233,3,0,31,31,0,2702,1,0,67,67,0,5935,4,0,3,3,6,2,1,3,1,0,1,0,0,0
638,Robbie Savage,1309,"[2005, 2006, 2007]",Blackburn Rovers,33,32,1,2802,0,0,33,32,1,2772,1,0,66,64,2,5574,1,0,0,0,0,0,1,1,0,0,0,0,0,0
639,Robbie Savage,1309,"[2002, 2003, 2004]",Birmingham City,41,41,0,3604,4,0,40,40,0,3491,7,0,81,81,0,7095,11,0,0,0,0,2,4,6,2,2,4,0,0,0
640,Matthew Jones,1310,"[2000, 2001]",Leicester City,8,6,2,499,1,0,13,10,3,798,0,0,21,16,5,1297,1,0,0,0,0,1,0,1,0,0,0,0,0,0
641,Ade Akinbiyi,1311,"[2000, 2001]",Leicester City,29,25,4,2122,9,0,29,24,5,2149,2,0,58,49,9,4271,11,0,3,0,3,7,1,8,0,0,0,0,0,0
642,Ade Akinbiyi,1311,[2006],Sheffield United,2,1,1,94,0,0,1,1,0,90,0,0,3,2,1,184,0,0,0,0,0,0,0,0,0,0,0,0,0,0
643,Dean Sturridge,1312,"[2000, 2001]",Leicester City,11,10,1,755,3,0,11,10,1,703,3,0,22,20,2,1458,6,0,1,0,1,3,2,5,0,0,0,0,0,0
644,Dean Sturridge,1312,[2003],Wolverhampton Wanderers,1,0,1,30,0,0,4,2,2,169,0,0,5,2,3,199,0,0,0,0,0,0,0,0,0,0,0,0,0,0
645,Stefan Oakes,1313,"[2000, 2001]",Leicester City,17,11,6,1005,0,0,16,9,7,970,1,0,33,20,13,1975,1,0,0,0,0,0,0,0,0,0,0,0,0,0
646,Trevor Benjamin,1314,"[2000, 2001, 2003]",Leicester City,15,4,11,452,0,0,21,9,12,918,1,0,36,13,23,1370,1,0,0,0,0,0,0,0,0,0,0,0,0,0
647,Russell Hoult,1315,"[2002, 2004, 2005]",West Bromwich Albion,36,36,0,3240,0,0,37,36,1,3201,0,0,73,72,1,6441,0,0,0,0,0,0,0,0,0,0,0,0,0,0
648,Riccardo Scimeca,1316,"[2004, 2005]",West Bromwich Albion,18,14,4,1298,0,0,17,15,2,1354,0,0,35,29,6,2652,0,0,0,0,0,0,0,0,0,0,0,0,0,0
649,Riccardo Scimeca,1316,[2003],Leicester City,14,14,0,1260,0,0,15,14,1,1275,1,0,29,28,1,2535,1,0,0,0,0,0,0,0,0,0,0,0,0,0
650,Darren Moore,1317,"[2002, 2004, 2005]",West Bromwich Albion,26,22,4,1800,1,0,23,19,4,1849,1,0,49,41,8,3649,2,0,3,3,6,1,1,2,0,0,0,0,0,0
651,Darren Moore,1317,[2007],Derby County,15,14,1,1130,0,0,16,15,1,1337,0,0,31,29,2,2467,0,0,0,0,0,0,0,0,0,0,0,0,0,0
652,Darren Purse,1318,[2004],West Bromwich Albion,11,11,0,990,0,0,12,12,0,1080,0,0,23,23,0,2070,0,0,0,0,0,0,0,0,0,0,0,0,0,0
653,Darren Purse,1318,"[2002, 2003]",Birmingham City,14,14,0,1249,1,0,15,14,1,1261,0,0,29,28,1,2510,1,0,0,0,0,1,0,1,0,0,0,0,0,0
654,Cosmin Contra,1319,[2004],West Bromwich Albion,4,4,0,273,0,0,1,1,0,75,0,0,5,5,0,348,0,0,0,0,0,0,0,0,0,0,0,0,0,0
655,Neil Clement,1320,"[2002, 2004, 2005]",West Bromwich Albion,50,48,2,4339,5,0,51,49,2,4502,2,0,101,97,4,8841,7,0,1,0,1,4,2,6,0,0,0,0,0,0
656,Jonathan Greening,1321,"[2004, 2005, 2008]",West Bromwich Albion,52,52,0,4560,3,0,53,49,4,4482,1,0,105,101,4,9042,4,0,0,0,0,2,1,3,0,0,0,0,0,0
657,Jonathan Greening,1321,"[2001, 2002, 2003]",Middlesbrough FC,49,46,3,4059,3,0,47,42,5,3699,1,0,96,88,8,7758,4,0,0,3,3,1,1,2,0,0,0,0,0,0
658,Jonathan Greening,1321,"[2009, 2010]",Fulham FC,15,10,5,906,1,0,18,11,7,1121,0,0,33,21,12,2027,1,0,3,0,3,1,0,1,0,0,0,0,0,0
659,Jonathan Greening,1321,[2000],Manchester United,6,3,3,253,0,0,1,0,1,20,0,0,7,3,4,273,0,0,0,0,0,0,0,0,0,0,0,0,0,0
660,Andy Johnson,1322,"[2002, 2004, 2005]",West Bromwich Albion,32,31,1,2636,1,0,29,28,1,2492,0,0,61,59,2,5128,1,0,1,0,1,1,0,1,0,0,0,0,0,0
661,Andy Johnson,1322,[2012],Queens Park Rangers,2,1,1,45,0,0,1,1,0,90,0,0,3,2,1,135,0,0,0,0,0,0,0,0,0,0,0,0,0,0
662,Andy Johnson,1322,"[2008, 2009, 2010, 2011]",Fulham FC,39,30,9,2765,9,0,42,30,12,2804,4,0,81,60,21,5569,13,0,0,2,2,4,4,8,0,0,0,0,0,0
663,Andy Johnson,1322,"[2006, 2007]",Everton FC,29,24,5,2174,9,0,30,26,4,2205,8,0,59,50,9,4379,17,0,7,3,10,6,5,11,0,1,1,0,0,0
664,Andy Johnson,1322,[2014],Crystal Palace,0,0,0,0,0,0,0,0,0,0,0,0,0,0,0,0,0,0,0,0,0,0,0,0,0,0,0,0,0,0
665,Zolt√°n Gera,1323,"[2004, 2005, 2011, 2012, 2013]",West Bromwich Albion,44,33,11,2869,7,0,41,31,10,2647,5,0,85,64,21,5516,12,0,3,1,4,4,5,9,0,0,0,0,0,0
666,Zolt√°n Gera,1323,"[2008, 2009, 2010]",Fulham FC,42,23,19,2282,3,0,38,21,17,1974,2,0,80,44,36,4256,5,0,0,0,0,1,2,3,0,0,0,0,0,0
667,Nwankwo Kanu,1324,"[2004, 2005]",West Bromwich Albion,24,17,7,1573,6,0,27,20,7,1857,1,0,51,37,14,3430,7,0,1,0,1,4,1,5,0,0,0,0,0,0
668,Nwankwo Kanu,1324,"[2006, 2007, 2008, 2009]",Portsmouth FC,56,29,27,2925,12,0,45,25,20,2434,5,0,101,54,47,5359,17,0,9,3,12,6,2,8,0,0,0,0,0,0
669,Nwankwo Kanu,1324,"[2000, 2001, 2002, 2003]",Arsenal FC,37,18,19,1682,6,0,38,16,22,1843,6,0,75,34,41,3525,12,0,3,0,3,2,4,6,0,0,0,0,0,0
670,Robert Earnshaw,1325,"[2004, 2005]",West Bromwich Albion,21,12,9,1085,3,0,22,10,12,1049,9,0,43,22,21,2134,12,0,1,2,3,2,7,9,0,2,2,0,0,0
671,Robert Earnshaw,1325,[2007],Derby County,13,3,10,500,1,0,9,4,5,431,0,0,22,7,15,931,1,0,0,0,0,0,0,0,0,0,0,0,0,0
672,Geoff Horsfield,1326,"[2004, 2005]",West Bromwich Albion,28,16,12,1477,5,0,19,12,7,1010,2,0,47,28,19,2487,7,0,0,0,0,3,1,4,0,0,0,0,0,0
673,Geoff Horsfield,1326,"[2002, 2003]",Birmingham City,17,10,7,966,4,0,17,7,10,791,1,0,34,17,17,1757,5,0,3,0,3,2,0,2,0,0,0,0,0,0
674,Rob Hulse,1327,[2004],West Bromwich Albion,2,0,2,48,0,0,3,0,3,37,0,0,5,0,5,85,0,0,0,0,0,0,0,0,0,0,0,0,0,0
675,Rob Hulse,1327,[2006],Sheffield United,14,13,1,1186,6,0,13,13,0,1087,2,0,27,26,1,2273,8,0,0,3,3,4,2,6,0,0,0,0,0,0
676,Rob Hulse,1327,[2011],Queens Park Rangers,1,0,1,16,0,0,1,1,0,54,0,0,2,1,1,70,0,0,0,0,0,0,0,0,0,0,0,0,0,0
677,Mark Schwarzer,1328,"[2000, 2001, 2002, 2003, 2004, 2005, 2006, 2007]",Middlesbrough FC,130,130,0,11700,0,0,120,120,0,10800,0,0,250,250,0,22500,0,0,0,0,0,0,0,0,0,0,0,0,0,0
678,Mark Schwarzer,1328,[2013],Chelsea FC,2,2,0,180,0,0,2,2,0,180,0,0,4,4,0,360,0,0,0,0,0,0,0,0,0,0,0,0,0,0
679,Mark Schwarzer,1328,"[2008, 2009, 2010, 2011, 2012]",Fulham FC,81,81,0,7290,0,0,84,84,0,7560,0,0,165,165,0,14850,0,0,0,0,0,0,0,0,0,0,0,0,0,0
680,Mark Schwarzer,1328,"[2014, 2015]",Leicester City,2,2,0,180,0,0,4,4,0,360,0,0,6,6,0,540,0,0,0,0,0,0,0,0,0,0,0,0,0,0
681,Franck Queudrue,1329,"[2001, 2002, 2003, 2004, 2005]",Middlesbrough FC,76,75,1,6465,5,0,70,66,4,5832,6,0,146,141,5,12297,11,0,7,3,10,5,2,7,0,0,0,0,0,0
682,Franck Queudrue,1329,[2006],Fulham FC,13,13,0,1125,0,0,14,13,1,1210,1,0,27,26,1,2335,1,0,0,1,1,0,1,1,0,0,0,0,0,0
683,Franck Queudrue,1329,"[2007, 2009]",Birmingham City,11,10,1,914,0,0,11,10,1,832,0,0,22,20,2,1746,0,0,0,0,0,0,0,0,0,0,0,0,0,0
684,Chris Riggott,1330,"[2002, 2003, 2004, 2005, 2006, 2007, 2008]",Middlesbrough FC,46,42,4,3751,3,0,51,48,3,4206,2,0,97,90,7,7957,5,0,0,0,0,3,1,4,0,0,0,0,0,0
685,Chris Riggott,1330,"[2000, 2001]",Derby County,33,32,1,2804,0,0,29,29,0,2581,3,0,62,61,1,5385,3,0,0,0,0,0,1,1,0,0,0,0,0,0
686,Gareth Southgate,1331,"[2001, 2002, 2003, 2004, 2005]",Middlesbrough FC,79,79,0,7110,4,0,77,77,0,6849,0,0,156,156,0,13959,4,0,4,0,4,2,0,2,0,0,0,0,0,0
687,Gareth Southgate,1331,[2000],Aston Villa,17,17,0,1464,1,0,13,13,0,1109,1,0,30,30,0,2573,2,0,0,0,0,1,1,2,0,0,0,0,0,0
688,Tony McMahon,1332,"[2004, 2005, 2007, 2008]",Middlesbrough FC,14,13,1,1141,0,0,16,15,1,1167,0,0,30,28,2,2308,0,0,0,0,0,0,0,0,0,0,0,0,0,0
689,George Boateng,1333,"[2002, 2003, 2004, 2005, 2006, 2007]",Middlesbrough FC,90,86,4,7779,5,0,88,87,1,7707,2,0,178,173,5,15486,7,0,4,0,4,4,1,5,0,0,0,0,0,0
690,George Boateng,1333,"[2008, 2009]",Hull City,26,23,3,1947,1,0,26,24,2,2066,0,0,52,47,5,4013,1,0,0,0,0,0,0,0,0,0,0,0,0,0
691,George Boateng,1333,"[2000, 2001]",Aston Villa,34,32,2,2827,0,0,33,31,2,2753,2,0,67,63,4,5580,2,0,0,0,0,0,1,1,0,0,0,0,0,0
692,Ray Parlour,1334,"[2004, 2005]",Middlesbrough FC,23,21,2,1881,0,0,23,22,1,1884,0,0,46,43,3,3765,0,0,0,0,0,0,0,0,0,0,0,0,0,0
693,Ray Parlour,1334,"[2000, 2001, 2002, 2003]",Arsenal FC,48,36,12,3223,4,0,54,45,9,4000,0,0,102,81,21,7223,4,0,0,0,0,1,0,1,0,0,0,0,0,0
694,Stewart Downing,1335,"[2001, 2002, 2003, 2004, 2005, 2006, 2007, 2008, 2016]",Middlesbrough FC,108,87,21,8180,12,0,101,92,9,8274,6,0,209,179,30,16454,18,0,1,2,3,6,5,11,2,0,2,0,0,0
695,Stewart Downing,1335,"[2009, 2010]",Aston Villa,31,31,0,2735,7,0,29,27,2,2458,2,0,60,58,2,5193,9,0,3,0,3,5,2,7,0,0,0,0,0,0
696,Stewart Downing,1335,"[2011, 2012]",Liverpool FC,32,27,5,2364,2,0,33,26,7,2305,1,0,65,53,12,4669,3,0,0,0,0,1,1,2,0,0,0,0,0,0
697,Stewart Downing,1335,"[2013, 2014]",West Ham United,34,33,1,2951,4,0,35,33,2,2875,3,0,69,66,3,5826,7,0,0,2,2,1,2,3,0,0,0,0,0,0
698,Boudewijn Zenden,1336,"[2003, 2004]",Middlesbrough FC,32,32,0,2760,3,0,34,34,0,2954,6,0,66,66,0,5714,9,0,1,6,7,2,5,7,0,0,0,0,0,0
699,Boudewijn Zenden,1336,"[2009, 2010]",Sunderland AFC,23,3,20,579,1,0,24,8,16,1039,3,0,47,11,36,1618,4,0,0,0,0,0,2,2,0,0,0,0,0,0
700,Boudewijn Zenden,1336,"[2001, 2002]",Chelsea FC,24,16,8,1288,3,0,18,8,10,867,1,0,42,24,18,2155,4,0,0,0,0,2,0,2,0,0,0,0,0,0
701,Boudewijn Zenden,1336,"[2005, 2006]",Liverpool FC,12,8,4,675,2,0,11,6,5,585,0,0,23,14,9,1260,2,0,0,0,0,1,0,1,0,0,0,0,0,0
702,Jimmy Floyd Hasselbaink,1337,"[2004, 2005]",Middlesbrough FC,31,24,7,2180,12,0,27,24,3,2158,11,0,58,48,10,4338,23,0,7,0,7,7,6,13,1,0,1,0,0,0
703,Jimmy Floyd Hasselbaink,1337,"[2000, 2001, 2002, 2003]",Chelsea FC,66,58,8,5137,44,0,67,58,9,4981,26,0,133,116,17,10118,70,0,17,15,32,26,17,43,10,2,12,0,0,0
704,Jimmy Floyd Hasselbaink,1337,[2006],Charlton Athletic,14,6,8,683,1,0,11,5,6,426,1,0,25,11,14,1109,2,0,0,0,0,1,1,2,0,0,0,0,0,0
705,Doriva,1338,"[2002, 2003, 2004, 2005]",Middlesbrough FC,37,27,10,2457,0,0,42,29,13,2690,0,0,79,56,23,5147,0,0,0,0,0,0,0,0,0,0,0,0,0,0
706,Bernt Haas,1339,[2001],Sunderland AFC,12,12,0,1056,0,0,14,14,0,1231,0,0,26,26,0,2287,0,0,0,0,0,0,0,0,0,0,0,0,0,0
707,Bernt Haas,1339,[2004],West Bromwich Albion,4,4,0,333,0,0,6,5,1,423,0,0,10,9,1,756,0,0,0,0,0,0,0,0,0,0,0,0,0,0
708,George McCartney,1340,"[2000, 2001, 2002, 2005, 2008, 2009]",Sunderland AFC,43,34,9,2997,0,0,54,43,11,3954,0,0,97,77,20,6951,0,0,0,0,0,0,0,0,0,0,0,0,0,0
709,George McCartney,1340,"[2006, 2007, 2012, 2013]",West Ham United,49,43,6,3941,1,0,43,39,4,3365,0,0,92,82,10,7306,1,0,0,0,0,1,0,1,0,0,0,0,0,0
710,Julio Arca,1341,"[2000, 2001, 2002, 2005]",Sunderland AFC,40,34,6,3148,3,0,38,33,5,2797,1,0,78,67,11,5945,4,0,0,0,0,3,0,3,0,0,0,0,0,0
711,Julio Arca,1341,"[2006, 2007, 2008]",Middlesbrough FC,35,29,6,2522,3,0,27,25,2,2004,1,0,62,54,8,4526,4,0,1,0,1,2,1,3,0,0,0,0,0,0
712,Lilian Laslandes,1342,[2001],Sunderland AFC,6,3,3,267,0,0,5,1,4,118,0,0,11,4,7,385,0,0,0,0,0,0,0,0,0,0,0,0,0,0
713,Brad Friedel,1343,"[2001, 2002, 2003, 2004, 2005, 2006, 2007]",Blackburn Rovers,129,129,0,11566,0,0,123,123,0,11070,1,0,252,252,0,22636,1,0,0,0,0,0,0,0,0,0,0,0,0,0
714,Brad Friedel,1343,"[2008, 2009, 2010]",Aston Villa,54,54,0,4860,0,0,52,52,0,4680,0,0,106,106,0,9540,0,0,0,0,0,0,0,0,0,0,0,0,0,0
715,Brad Friedel,1343,"[2011, 2012, 2013, 2014]",Tottenham Hotspur,25,25,0,2250,0,0,25,25,0,2250,0,0,50,50,0,4500,0,0,0,0,0,0,0,0,0,0,0,0,0,0
716,Stig Inge Bj√∏rnebye,1344,[2001],Blackburn Rovers,9,9,0,779,0,0,12,12,0,892,0,0,21,21,0,1671,0,0,0,0,0,0,0,0,0,0,0,0,0,0
717,Martin Taylor,1345,"[2001, 2002, 2003]",Blackburn Rovers,31,24,7,2316,2,0,29,24,5,2235,0,0,60,48,12,4551,2,0,0,0,0,1,0,1,0,0,0,0,0,0
718,Martin Taylor,1345,"[2004, 2005, 2007]",Birmingham City,19,18,1,1616,0,0,14,13,1,1152,0,0,33,31,2,2768,0,0,0,0,0,0,0,0,0,0,0,0,0,0
719,Henning Berg,1346,"[2001, 2002]",Blackburn Rovers,24,24,0,2016,1,0,22,21,1,1887,1,0,46,45,1,3903,2,0,0,0,0,0,1,1,0,0,0,0,0,0
720,Henning Berg,1346,[2000],Manchester United,0,0,0,0,0,0,1,0,1,45,0,0,1,0,1,45,0,0,0,0,0,0,0,0,0,0,0,0,0,0
721,Alan Mahon,1347,"[2001, 2002, 2003]",Blackburn Rovers,9,5,4,530,1,0,9,6,3,518,0,0,18,11,7,1048,1,0,0,0,0,1,0,1,0,0,0,0,0,0
722,Alan Mahon,1347,[2005],Wigan Athletic,3,2,1,172,0,0,3,3,0,210,1,0,6,5,1,382,1,0,0,0,0,0,0,0,0,0,0,0,0,0
723,Damien Duff,1348,"[2001, 2002]",Blackburn Rovers,28,28,0,2390,10,0,27,26,1,2333,6,0,55,54,1,4723,16,0,3,0,3,7,3,10,0,0,0,0,0,0
724,Damien Duff,1348,"[2009, 2010, 2011, 2012, 2013]",Fulham FC,62,55,7,4632,8,0,66,54,12,4765,6,0,128,109,19,9397,14,0,7,1,8,6,2,8,0,0,0,0,0,0
725,Damien Duff,1348,"[2003, 2004, 2005]",Chelsea FC,41,29,12,2703,7,0,40,34,6,2772,7,0,81,63,18,5475,14,0,6,1,7,4,3,7,0,0,0,0,0,0
726,Damien Duff,1348,"[2006, 2007, 2008]",Newcastle United,35,27,8,2446,1,0,31,31,0,2637,3,0,66,58,8,5083,4,0,3,1,4,1,3,4,0,0,0,0,0,0
727,Marcus Bent,1349,"[2001, 2007]",Blackburn Rovers,4,0,4,100,0,0,5,2,3,203,0,0,9,2,7,303,0,0,0,0,0,0,0,0,0,0,0,0,0,0
728,Marcus Bent,1349,[2004],Everton FC,19,15,4,1318,3,0,17,16,1,1309,3,0,36,31,5,2627,6,0,7,1,8,3,1,4,0,0,0,0,0,0
729,Marcus Bent,1349,"[2005, 2006]",Charlton Athletic,20,15,5,1098,0,0,23,14,9,1365,3,0,43,29,14,2463,3,0,0,1,1,0,1,1,0,0,0,0,0,0
730,Marcus Bent,1349,[2003],Leicester City,16,13,3,1144,2,0,17,15,2,1350,7,0,33,28,5,2494,9,0,1,0,1,2,3,5,0,0,0,0,0,0
731,Marcus Bent,1349,[2010],Wolverhampton Wanderers,0,0,0,0,0,0,3,0,3,13,0,0,3,0,3,13,0,0,0,0,0,0,0,0,0,0,0,0,0,0
732,Matt Jansen,1350,"[2001, 2002, 2003, 2004, 2005]",Blackburn Rovers,36,22,14,2100,8,0,32,21,11,1822,6,0,68,43,25,3922,14,0,4,2,6,5,5,10,0,0,0,0,0,0
733,Keith Gillespie,1351,"[2001, 2002]",Blackburn Rovers,27,16,11,1669,2,0,27,13,14,1427,1,0,54,29,25,3096,3,0,0,0,0,2,1,3,0,0,0,0,0,0
734,Keith Gillespie,1351,[2006],Sheffield United,15,13,2,1175,2,0,16,14,2,1241,0,0,31,27,4,2416,2,0,3,0,3,2,0,2,0,0,0,0,0,0
735,Keith Gillespie,1351,[2003],Leicester City,6,5,1,386,0,0,6,2,4,232,0,0,12,7,5,618,0,0,0,0,0,0,0,0,0,0,0,0,0,0
736,Jason McAteer,1352,[2001],Blackburn Rovers,2,1,1,111,0,0,2,0,2,41,0,0,4,1,3,152,0,0,0,0,0,0,0,0,0,0,0,0,0,0
737,Jason McAteer,1352,[2002],Sunderland AFC,4,4,0,303,0,0,5,5,0,405,1,0,9,9,0,708,1,0,0,3,3,0,1,1,0,0,0,0,0,0
738,Mark Hughes,1353,[2001],Blackburn Rovers,8,0,8,169,0,0,12,3,9,437,1,0,20,3,17,606,1,0,0,0,0,0,1,1,0,0,0,0,0,0
739,Mark Hughes,1353,"[2000, 2006]",Everton FC,6,3,3,220,0,0,4,3,1,231,0,0,10,6,4,451,0,0,0,0,0,0,0,0,0,0,0,0,0,0
740,Costel Pantilimon,1354,"[2011, 2012, 2013]",Manchester City,4,4,0,360,0,0,3,3,0,270,0,0,7,7,0,630,0,0,0,0,0,0,0,0,0,0,0,0,0,0
741,Costel Pantilimon,1354,"[2014, 2015]",Sunderland AFC,22,22,0,1980,0,0,23,23,0,2070,0,0,45,45,0,4050,0,0,0,0,0,0,0,0,0,0,0,0,0,0
742,Costel Pantilimon,1354,"[2016, 2017]",Watford FC,1,0,1,24,0,0,1,0,1,57,0,0,2,0,2,81,0,0,0,0,0,0,0,0,0,0,0,0,0,0
743,Pablo Zabaleta,1355,"[2008, 2009, 2010, 2011, 2012, 2013, 2014, 2015, 2016]",Manchester City,117,104,13,9440,7,0,112,98,14,8947,2,0,229,202,27,18387,9,0,3,0,3,6,0,6,0,0,0,0,0,0
744,Pablo Zabaleta,1355,"[2017, 2018, 2019]",West Ham United,38,36,2,3194,0,0,36,31,5,2868,0,0,74,67,7,6062,0,0,0,0,0,0,0,0,0,0,0,0,0,0
745,Mart√≠n Demichelis,1356,"[2013, 2014, 2015]",Manchester City,40,35,5,3206,2,0,38,30,8,2796,1,0,78,65,13,6002,3,0,0,1,1,0,1,1,0,0,0,0,0,0
746,Matija Nastasiƒá,1357,"[2012, 2013]",Manchester City,15,14,1,1204,1,0,19,18,1,1646,0,0,34,32,2,2850,1,0,0,0,0,0,0,0,0,0,0,0,0,0
747,Samir Nasri,1358,"[2011, 2012, 2013, 2014, 2015, 2016]",Manchester City,61,47,14,4261,13,0,68,52,16,4398,5,0,129,99,30,8659,18,0,10,0,10,7,1,8,0,0,0,0,0,0
748,Samir Nasri,1358,"[2008, 2009, 2010]",Arsenal FC,43,42,1,3470,10,0,41,35,6,3125,8,0,84,77,7,6595,18,0,6,0,6,7,4,11,1,0,1,0,0,0
749,Samir Nasri,1358,[2018],West Ham United,2,1,1,102,0,0,3,2,1,144,0,0,5,3,2,246,0,0,0,0,0,0,0,0,0,0,0,0,0,0
750,Yaya Tour√©,1359,"[2010, 2011, 2012, 2013, 2014, 2015, 2016, 2017]",Manchester City,118,108,10,9348,28,0,112,103,9,8894,31,0,230,211,19,18242,59,0,12,7,19,10,17,27,6,5,11,0,0,0
751,√Ålvaro Negredo,1360,[2013],Manchester City,18,12,6,985,7,0,14,9,5,739,2,0,32,21,11,1724,9,0,3,0,3,5,0,5,0,0,0,0,0,0
752,√Ålvaro Negredo,1360,[2016],Middlesbrough FC,19,18,1,1571,6,0,17,15,2,1309,3,0,36,33,3,2880,9,0,1,0,1,5,3,8,2,0,2,0,0,0
753,Jes√∫s Navas,1361,"[2013, 2014, 2015, 2016]",Manchester City,60,40,20,3728,3,0,63,37,26,3631,1,0,123,77,46,7359,4,0,0,0,0,2,1,3,0,0,0,0,0,0
754,Edin D≈æeko,1362,"[2010, 2011, 2012, 2013, 2014]",Manchester City,62,34,28,3332,18,0,68,40,28,3778,32,0,130,74,56,7110,50,0,9,12,21,11,16,27,0,0,0,0,0,0
755,Joe Hart,1363,"[2006, 2007, 2008, 2010, 2011, 2012, 2013, 2014, 2015, 2016]",Manchester City,135,135,0,12110,0,0,129,129,0,11539,0,0,264,264,0,23649,0,0,0,0,0,0,0,0,0,0,0,0,0,0
756,Joe Hart,1363,[2009],Birmingham City,18,18,0,1620,0,0,18,18,0,1620,0,0,36,36,0,3240,0,0,0,0,0,0,0,0,0,0,0,0,0,0
757,Joe Hart,1363,"[2018, 2019]",Burnley FC,9,9,0,810,0,0,10,10,0,900,0,0,19,19,0,1710,0,0,0,0,0,0,0,0,0,0,0,0,0,0
758,Joe Hart,1363,[2017],West Ham United,9,9,0,810,0,0,10,10,0,900,0,0,19,19,0,1710,0,0,0,0,0,0,0,0,0,0,0,0,0,0
759,Micah Richards,1364,"[2005, 2006, 2007, 2008, 2009, 2010, 2011, 2012, 2013]",Manchester City,89,84,5,7232,3,0,87,78,9,6763,3,0,176,162,14,13995,6,0,3,1,4,1,3,4,0,0,0,0,0,0
760,Micah Richards,1364,[2015],Aston Villa,12,12,0,1031,1,0,12,11,1,1015,0,0,24,23,1,2046,1,0,0,0,0,1,0,1,0,0,0,0,0,0
761,Joleon Lescott,1365,"[2009, 2010, 2011, 2012, 2013]",Manchester City,58,50,8,4694,5,0,48,41,7,3678,2,0,106,91,15,8372,7,0,0,3,3,2,2,4,0,0,0,0,0,0
762,Joleon Lescott,1365,[2015],Aston Villa,15,15,0,1306,2,0,15,15,0,1325,1,0,30,30,0,2631,3,0,3,0,3,2,1,3,0,0,0,0,0,0
763,Joleon Lescott,1365,"[2006, 2007, 2008]",Everton FC,55,53,2,4855,7,0,51,49,2,4490,7,0,106,102,4,9345,14,0,3,3,6,6,5,11,0,0,0,0,0,0
764,Joleon Lescott,1365,[2014],West Bromwich Albion,17,17,0,1530,0,0,17,17,0,1530,1,0,34,34,0,3060,1,0,0,0,0,0,1,1,0,0,0,0,0,0
765,Joleon Lescott,1365,[2016],Sunderland AFC,0,0,0,0,0,0,2,1,1,123,0,0,2,1,1,123,0,0,0,0,0,0,0,0,0,0,0,0,0,0
766,Aleksandar Kolarov,1366,"[2010, 2011, 2012, 2013, 2014, 2015, 2016]",Manchester City,81,69,12,6140,6,0,84,60,24,5751,5,0,165,129,36,11891,11,0,1,0,1,2,2,4,0,0,0,0,0,0
767,John Ruddy,1367,"[2011, 2012, 2013, 2015]",Norwich City,58,58,0,5220,0,0,59,59,0,5302,0,0,117,117,0,10522,0,0,0,0,0,0,0,0,0,0,0,0,0,0
768,John Ruddy,1367,"[2018, 2019]",Wolverhampton Wanderers,1,1,0,90,0,0,0,0,0,0,0,0,1,1,0,90,0,0,0,0,0,0,0,0,0,0,0,0,0,0
769,John Ruddy,1367,[2005],Everton FC,1,0,1,80,0,0,0,0,0,0,0,0,1,0,1,80,0,0,0,0,0,0,0,0,0,0,0,0,0,0
770,Russell Martin,1368,"[2011, 2012, 2013, 2015]",Norwich City,60,58,2,5365,5,0,65,61,4,5492,3,0,125,119,6,10857,8,0,1,1,2,2,2,4,0,0,0,0,0,0
771,Steven Whittaker,1369,"[2012, 2013, 2015]",Norwich City,14,12,2,1082,1,0,27,24,3,2108,2,0,41,36,5,3190,3,0,0,0,0,1,1,2,0,0,0,0,0,0
772,S√©bastien Bassong,1370,"[2012, 2013, 2015]",Norwich City,48,48,0,4268,2,0,45,43,2,3861,2,0,93,91,2,8129,4,0,0,1,1,2,1,3,0,0,0,0,0,0
773,S√©bastien Bassong,1370,"[2009, 2010, 2011]",Tottenham Hotspur,19,14,5,1374,1,0,25,18,7,1878,1,0,44,32,12,3252,2,0,3,0,3,1,1,2,0,0,0,0,0,0
774,S√©bastien Bassong,1370,[2008],Newcastle United,14,13,1,1140,0,0,16,13,3,1293,0,0,30,26,4,2433,0,0,0,0,0,0,0,0,0,0,0,0,0,0
775,Michael Turner,1371,"[2012, 2013]",Norwich City,24,24,0,2053,1,0,24,23,1,2116,2,0,48,47,1,4169,3,0,0,1,1,1,2,3,0,0,0,0,0,0
776,Michael Turner,1371,"[2009, 2010, 2011]",Sunderland AFC,35,35,0,3098,1,0,33,32,1,2881,0,0,68,67,1,5979,1,0,0,0,0,0,0,0,0,0,0,0,0,0
777,Michael Turner,1371,[2008],Hull City,19,19,0,1710,3,0,19,19,0,1710,1,0,38,38,0,3420,4,0,3,0,3,3,1,4,0,0,0,0,0,0
778,Martin Olsson,1372,"[2013, 2015]",Norwich City,29,25,4,2299,1,0,28,28,0,2434,0,0,57,53,4,4733,1,0,3,0,3,1,0,1,0,0,0,0,0,0
779,Martin Olsson,1372,"[2016, 2017]",Swansea City,25,25,0,2168,2,0,26,25,1,2239,0,0,51,50,1,4407,2,0,0,0,0,1,0,1,0,0,0,0,0,0
780,Martin Olsson,1372,"[2007, 2008, 2009, 2010, 2011]",Blackburn Rovers,42,36,6,3352,2,0,46,37,9,3553,0,0,88,73,15,6905,2,0,3,0,3,2,0,2,0,0,0,0,0,0
781,Bradley Johnson,1373,"[2011, 2012, 2013, 2015]",Norwich City,50,45,5,4015,3,0,51,46,5,3940,3,0,101,91,10,7955,6,0,3,0,3,2,1,3,0,0,0,0,0,0
782,Jonny Howson,1374,"[2011, 2012, 2013, 2015]",Norwich City,51,42,9,3830,4,0,53,47,6,4202,4,0,104,89,15,8032,8,0,3,6,9,3,3,6,0,0,0,0,0,0
783,Leroy Fer,1375,[2013],Norwich City,14,14,0,1248,1,0,15,14,1,1225,2,0,29,28,1,2473,3,0,0,0,0,0,0,0,0,0,0,0,0,0
784,Leroy Fer,1375,[2014],Queens Park Rangers,14,13,1,1148,4,0,15,14,1,1219,2,0,29,27,2,2367,6,0,3,0,3,4,2,6,0,0,0,0,0,0
785,Leroy Fer,1375,"[2015, 2016, 2017]",Swansea City,29,23,6,2004,4,0,36,28,8,2554,3,0,65,51,14,4558,7,0,0,3,3,3,2,5,0,0,0,0,0,0
786,Anthony Pilkington,1376,"[2011, 2012, 2013]",Norwich City,36,30,6,2489,8,0,39,28,11,2472,6,0,75,58,17,4961,14,0,3,0,3,4,6,10,0,0,0,0,0,0
787,Gary Hooper,1377,"[2013, 2015]",Norwich City,18,11,7,1040,5,0,16,11,5,990,1,0,34,22,12,2030,6,0,4,0,4,4,1,5,1,0,1,0,0,0
788,Johan Elmander,1378,[2013],Norwich City,13,9,4,712,0,0,16,7,9,774,1,0,29,16,13,1486,1,0,0,0,0,0,0,0,0,0,0,0,0,0
789,Johan Elmander,1378,"[2008, 2009, 2010]",Bolton Wanderers,45,40,5,3409,5,0,46,41,5,3336,13,0,91,81,10,6745,18,0,0,1,1,1,4,5,0,0,0,0,0,0
790,Josh Murphy,1379,[2013],Norwich City,3,0,3,31,0,0,6,0,6,100,0,0,9,0,9,131,0,0,0,0,0,0,0,0,0,0,0,0,0,0
791,Josh Murphy,1379,[2018],Cardiff City,17,14,3,1123,2,0,12,8,4,702,1,0,29,22,7,1825,3,0,0,0,0,2,0,2,0,0,0,0,0,0
792,Mark Bunn,1380,"[2012, 2013]",Norwich City,12,12,0,1005,0,0,11,10,1,908,0,0,23,22,1,1913,0,0,0,0,0,0,0,0,0,0,0,0,0,0
793,Mark Bunn,1380,[2015],Aston Villa,5,5,0,450,0,0,5,5,0,450,0,0,10,10,0,900,0,0,0,0,0,0,0,0,0,0,0,0,0,0
794,Mark Bunn,1380,"[2010, 2011]",Blackburn Rovers,2,2,0,180,0,0,4,3,1,314,0,0,6,5,1,494,0,0,0,0,0,0,0,0,0,0,0,0,0,0
795,Javi Garrido,1381,"[2012, 2013]",Norwich City,22,22,0,1959,0,0,18,18,0,1596,0,0,40,40,0,3555,0,0,0,0,0,0,0,0,0,0,0,0,0,0
796,Javi Garrido,1381,"[2007, 2008, 2009]",Manchester City,26,20,6,1845,1,0,22,18,4,1589,1,0,48,38,10,3434,2,0,0,0,0,0,0,0,0,0,0,0,0,0
797,Ryan Bennett,1382,"[2011, 2012, 2013, 2015]",Norwich City,28,23,5,2244,2,0,32,28,4,2635,0,0,60,51,9,4879,2,0,3,0,3,2,0,2,0,0,0,0,0,0
798,Ryan Bennett,1382,"[2018, 2019]",Wolverhampton Wanderers,25,22,3,1914,1,0,20,19,1,1751,0,0,45,41,4,3665,1,0,0,0,0,0,0,0,0,0,0,0,0,0
799,Wes Hoolahan,1383,"[2011, 2012, 2013, 2015]",Norwich City,58,48,10,4264,8,0,54,40,14,3260,4,0,112,88,24,7524,12,0,4,1,5,5,4,9,1,0,1,0,0,0
800,Luciano Becchio,1384,"[2012, 2013]",Norwich City,8,2,6,212,0,0,5,0,5,11,0,0,13,2,11,223,0,0,0,0,0,0,0,0,0,0,0,0,0,0
801,David James,1385,"[2006, 2007, 2008, 2009]",Portsmouth FC,65,65,0,5850,0,0,68,68,0,6104,0,0,133,133,0,11954,0,0,0,0,0,0,0,0,0,0,0,0,0,0
802,David James,1385,"[2001, 2002]",West Ham United,29,29,0,2610,0,0,29,29,0,2610,0,0,58,58,0,5220,0,0,0,0,0,0,0,0,0,0,0,0,0,0
803,David James,1385,"[2003, 2004, 2005]",Manchester City,46,46,0,4140,0,0,39,39,0,3510,0,0,85,85,0,7650,0,0,0,0,0,0,0,0,0,0,0,0,0,0
804,David James,1385,[2000],Aston Villa,19,19,0,1710,0,0,17,17,0,1530,0,0,36,36,0,3240,0,0,0,0,0,0,0,0,0,0,0,0,0,0
805,Glen Johnson,1386,"[2006, 2007, 2008]",Portsmouth FC,42,42,0,3780,2,0,41,40,1,3554,2,0,83,82,1,7334,4,0,0,0,0,2,0,2,0,0,0,0,0,0
806,Glen Johnson,1386,"[2009, 2010, 2011, 2012, 2013, 2014]",Liverpool FC,78,76,2,6738,4,0,82,78,4,6867,4,0,160,154,6,13605,8,0,3,3,6,2,3,5,0,0,0,0,0,0
807,Glen Johnson,1386,"[2015, 2016, 2017]",Stoke City,32,29,3,2562,0,0,25,24,1,2129,0,0,57,53,4,4691,0,0,0,0,0,0,0,0,0,0,0,0,0,0
808,Glen Johnson,1386,[2002],West Ham United,6,6,0,540,0,0,8,7,1,657,0,0,14,13,1,1197,0,0,0,0,0,0,0,0,0,0,0,0,0,0
809,Glen Johnson,1386,"[2003, 2004, 2005]",Chelsea FC,19,16,3,1369,2,0,20,18,2,1587,1,0,39,34,5,2956,3,0,0,3,3,1,1,2,0,0,0,0,0,0
810,No√© Pamarot,1387,"[2005, 2006, 2007, 2008]",Portsmouth FC,28,23,5,2024,1,0,37,27,10,2421,2,0,65,50,15,4445,3,0,0,0,0,0,2,2,0,0,0,0,0,0
811,No√© Pamarot,1387,[2004],Tottenham Hotspur,11,11,0,971,0,0,12,12,0,981,1,0,23,23,0,1952,1,0,0,3,3,0,1,1,0,0,0,0,0,0
812,Sol Campbell,1388,"[2006, 2007, 2008]",Portsmouth FC,45,45,0,4006,1,0,49,49,0,4410,1,0,94,94,0,8416,2,0,0,0,0,1,1,2,0,0,0,0,0,0
813,Sol Campbell,1388,"[2001, 2002, 2003, 2004, 2005, 2009]",Arsenal FC,68,68,0,6065,5,0,76,73,3,6631,3,0,144,141,3,12696,8,0,0,3,3,4,1,5,0,0,0,0,0,0
814,Sol Campbell,1388,[2000],Tottenham Hotspur,10,10,0,900,1,0,9,9,0,810,1,0,19,19,0,1710,2,0,3,0,3,1,1,2,0,0,0,0,0,0
815,Sol Campbell,1388,[2010],Newcastle United,2,2,0,180,0,0,5,2,3,226,0,0,7,4,3,406,0,0,0,0,0,0,0,0,0,0,0,0,0,0
816,Gary O'Neil,1389,"[2003, 2004, 2005, 2006]",Portsmouth FC,46,45,1,3961,6,0,51,49,2,4297,5,0,97,94,3,8258,11,0,6,1,7,5,4,9,0,0,0,0,0,0
817,Gary O'Neil,1389,"[2007, 2008]",Middlesbrough FC,24,24,0,2099,1,0,31,29,2,2567,3,0,55,53,2,4666,4,0,0,0,0,0,3,3,0,0,0,0,0,0
818,Gary O'Neil,1389,[2015],Norwich City,13,10,3,963,0,0,14,9,5,845,0,0,27,19,8,1808,0,0,0,0,0,0,0,0,0,0,0,0,0,0
819,Gary O'Neil,1389,"[2010, 2012]",West Ham United,17,12,5,981,1,0,15,12,3,1053,0,0,32,24,8,2034,1,0,0,0,0,0,0,0,0,0,0,0,0,0
820,Pedro Mendes,1390,"[2005, 2006, 2007]",Portsmouth FC,29,28,1,2355,4,0,29,25,4,2175,1,0,58,53,5,4530,5,0,3,0,3,3,0,3,0,0,0,0,0,0
821,Pedro Mendes,1390,[2004],Tottenham Hotspur,12,10,2,935,1,0,12,12,0,1015,0,0,24,22,2,1950,1,0,0,0,0,0,0,0,0,0,0,0,0,0
822,Benjani,1391,"[2005, 2006, 2007]",Portsmouth FC,35,32,3,2626,11,0,34,29,5,2453,8,0,69,61,8,5079,19,0,4,0,4,8,4,12,0,0,0,0,0,0
823,Benjani,1391,[2008],Manchester City,4,4,0,314,0,0,3,2,1,161,1,0,7,6,1,475,1,0,0,0,0,0,1,1,0,0,0,0,0,0
824,Benjani,1391,[2010],Blackburn Rovers,11,5,6,468,3,0,7,1,6,194,0,0,18,6,12,662,3,0,0,0,0,1,0,1,0,0,0,0,0,0
825,Benjani,1391,[2009],Sunderland AFC,5,1,4,91,0,0,3,0,3,31,0,0,8,1,7,122,0,0,0,0,0,0,0,0,0,0,0,0,0,0
826,Pascal Chimbonda,1392,"[2006, 2007]",Tottenham Hotspur,32,31,1,2720,2,0,31,31,0,2769,1,0,63,62,1,5489,3,0,0,1,1,1,1,2,0,0,0,0,0,0
827,Pascal Chimbonda,1392,"[2005, 2009]",Wigan Athletic,19,19,0,1620,1,0,19,19,0,1710,1,0,38,38,0,3330,2,0,3,0,3,1,1,2,0,0,0,0,0,0
828,Pascal Chimbonda,1392,[2010],Blackburn Rovers,2,0,2,48,0,0,4,3,1,314,0,0,6,3,3,362,0,0,0,0,0,0,0,0,0,0,0,0,0,0
829,Pascal Chimbonda,1392,[2008],Sunderland AFC,7,7,0,630,0,0,6,6,0,540,0,0,13,13,0,1170,0,0,0,0,0,0,0,0,0,0,0,0,0,0
830,Young-Pyo Lee,1393,"[2005, 2006, 2007]",Tottenham Hotspur,35,34,1,3035,0,0,33,32,1,2806,0,0,68,66,2,5841,0,0,0,0,0,0,0,0,0,0,0,0,0,0
831,Calum Davenport,1394,"[2004, 2005, 2006]",Tottenham Hotspur,8,5,3,461,0,0,7,4,3,378,1,0,15,9,6,839,1,0,0,0,0,0,1,1,0,0,0,0,0,0
832,Calum Davenport,1394,[2008],Sunderland AFC,4,4,0,343,0,0,4,3,1,344,0,0,8,7,1,687,0,0,0,0,0,0,0,0,0,0,0,0,0,0
833,Calum Davenport,1394,[2000],Coventry City,1,0,1,45,0,0,0,0,0,0,0,0,1,0,1,45,0,0,0,0,0,0,0,0,0,0,0,0,0,0
834,Teemu Tainio,1395,"[2005, 2006, 2007]",Tottenham Hotspur,31,22,9,1756,2,0,28,25,3,2053,1,0,59,47,12,3809,3,0,0,0,0,1,1,2,0,0,0,0,0,0
835,Teemu Tainio,1395,[2008],Sunderland AFC,11,9,2,695,0,0,10,9,1,740,0,0,21,18,3,1435,0,0,0,0,0,0,0,0,0,0,0,0,0,0
836,Teemu Tainio,1395,[2009],Birmingham City,2,2,0,151,0,0,4,3,1,210,0,0,6,5,1,361,0,0,0,0,0,0,0,0,0,0,0,0,0,0
837,Hossam Ghaly,1396,[2006],Tottenham Hotspur,9,5,4,538,1,0,11,11,0,824,0,0,20,16,4,1362,1,0,0,0,0,0,0,0,0,0,0,0,0,0
838,Hossam Ghaly,1396,[2007],Derby County,7,6,1,538,0,0,8,7,1,569,0,0,15,13,2,1107,0,0,0,0,0,0,0,0,0,0,0,0,0,0
839,Dimitar Berbatov,1397,"[2006, 2007]",Tottenham Hotspur,33,32,1,2835,16,0,34,29,5,2691,11,0,67,61,6,5526,27,0,0,3,3,11,8,19,0,1,1,0,0,0
840,Dimitar Berbatov,1397,"[2008, 2009, 2010, 2011]",Manchester United,52,42,10,3759,35,0,55,39,16,3527,14,0,107,81,26,7286,49,0,9,9,18,13,7,20,2,0,2,0,0,0
841,Dimitar Berbatov,1397,"[2012, 2013]",Fulham FC,26,26,0,2288,10,0,25,24,1,2128,9,0,51,50,1,4416,19,0,6,3,9,7,6,13,3,3,6,0,0,0
842,Danny Murphy,1398,[2006],Tottenham Hotspur,6,2,4,246,1,0,5,3,2,312,1,0,11,5,6,558,2,0,0,0,0,1,0,1,0,0,0,0,0,0
843,Danny Murphy,1398,"[2007, 2008, 2009, 2010, 2011]",Fulham FC,83,80,3,6808,14,0,79,74,5,6388,4,0,162,154,8,13196,18,0,5,3,8,10,3,13,10,2,12,0,0,0
844,Danny Murphy,1398,"[2000, 2002, 2003]",Liverpool FC,44,30,14,2938,6,0,44,33,11,3111,10,0,88,63,25,6049,16,0,0,12,12,4,8,12,2,3,5,0,0,0
845,Danny Murphy,1398,"[2004, 2005]",Charlton Athletic,28,27,1,2377,3,0,26,25,1,2189,4,0,54,52,2,4566,7,0,1,0,1,1,3,4,0,1,1,0,0,0
846,Danny Murphy,1398,[2001],West Ham United,1,1,0,59,0,0,0,0,0,0,0,0,1,1,0,59,0,0,0,0,0,0,0,0,0,0,0,0,0,0
847,Danny Rose,1399,[2012],Sunderland AFC,14,14,0,1207,0,0,13,11,2,1043,1,0,27,25,2,2250,1,0,0,0,0,0,1,1,0,0,0,0,0,0
848,Danny Rose,1399,"[2009, 2010, 2011, 2013, 2014, 2015, 2016, 2017, 2018, 2019]",Tottenham Hotspur,83,74,9,6520,7,0,73,64,9,5705,1,0,156,138,18,12225,8,0,7,3,10,5,1,6,0,0,0,0,0,0
849,Matt Kilgallon,1400,"[2009, 2011, 2012]",Sunderland AFC,10,8,2,820,0,0,13,13,0,1097,0,0,23,21,2,1917,0,0,0,0,0,0,0,0,0,0,0,0,0,0
850,Matt Kilgallon,1400,"[2002, 2003]",Leeds United,6,4,2,366,1,0,4,3,1,271,1,0,10,7,3,637,2,0,0,0,0,1,0,1,0,0,0,0,0,0
851,Matt Kilgallon,1400,[2006],Sheffield United,2,2,0,180,0,0,4,4,0,360,0,0,6,6,0,540,0,0,0,0,0,0,0,0,0,0,0,0,0,0
852,Carlos Cu√©llar,1401,"[2012, 2013]",Sunderland AFC,15,15,0,1287,0,0,15,15,0,1314,1,0,30,30,0,2601,1,0,0,0,0,0,1,1,0,0,0,0,0,0
853,Carlos Cu√©llar,1401,"[2008, 2009, 2010, 2011]",Aston Villa,47,42,5,3853,2,0,42,40,2,3454,0,0,89,82,7,7307,2,0,0,0,0,1,0,1,0,0,0,0,0,0
854,Sebastian Larsson,1402,"[2011, 2012, 2013, 2014, 2015, 2016]",Sunderland AFC,86,72,14,6399,5,0,90,79,11,6648,7,0,176,151,25,13047,12,0,3,5,8,4,6,10,0,0,0,0,0,0
855,Sebastian Larsson,1402,"[2007, 2009, 2010]",Birmingham City,51,45,6,3907,6,0,52,44,8,3979,8,0,103,89,14,7886,14,0,2,4,6,4,5,9,0,1,1,0,0,0
856,Sebastian Larsson,1402,[2005],Arsenal FC,2,1,1,117,0,0,1,1,0,90,0,0,3,2,1,207,0,0,0,0,0,0,0,0,0,0,0,0,0,0
857,Craig Gardner,1403,"[2011, 2012, 2013]",Sunderland AFC,43,30,13,2940,7,0,38,31,7,2825,4,0,81,61,20,5765,11,0,1,0,1,3,3,6,3,2,5,0,0,0
858,Craig Gardner,1403,"[2005, 2006, 2007, 2008]",Aston Villa,28,17,11,1579,2,0,30,15,15,1332,3,0,58,32,26,2911,5,0,3,0,3,2,2,4,0,0,0,0,0,0
859,Craig Gardner,1403,"[2009, 2010]",Birmingham City,20,17,3,1547,7,0,22,18,4,1627,2,0,42,35,7,3174,9,0,6,0,6,5,1,6,1,0,1,0,0,0
860,Craig Gardner,1403,"[2014, 2015, 2016]",West Bromwich Albion,41,25,16,2429,3,0,37,27,10,2502,3,0,78,52,26,4931,6,0,3,1,4,3,2,5,0,0,0,0,0,0
861,Jack Colback,1404,"[2009, 2010, 2011, 2012, 2013]",Sunderland AFC,57,48,9,4457,2,0,58,45,13,4047,2,0,115,93,22,8504,4,0,0,1,1,2,1,3,0,0,0,0,0,0
862,Jack Colback,1404,"[2014, 2015]",Newcastle United,33,33,0,2884,4,0,31,30,1,2641,1,0,64,63,1,5525,5,0,0,1,1,3,1,4,0,0,0,0,0,0
863,Adam Johnson,1405,"[2012, 2013, 2014, 2015]",Sunderland AFC,61,49,12,4330,10,0,61,48,13,4280,9,0,122,97,25,8610,19,0,7,3,10,7,4,11,1,2,3,0,0,0
864,Adam Johnson,1405,"[2009, 2010, 2011]",Manchester City,35,25,10,2271,7,0,38,14,24,1574,4,0,73,39,34,3845,11,0,6,1,7,3,2,5,0,0,0,0,0,0
865,Adam Johnson,1405,"[2005, 2006, 2007, 2008]",Middlesbrough FC,35,13,22,1442,1,0,34,11,23,1179,1,0,69,24,45,2621,2,0,0,0,0,0,1,1,0,0,0,0,0,0
866,St√©phane Sess√®gnon,1406,"[2010, 2011, 2012]",Sunderland AFC,42,41,1,3626,10,0,43,42,1,3640,7,0,85,83,2,7266,17,0,5,0,5,5,2,7,1,0,1,0,0,0
867,St√©phane Sess√®gnon,1406,"[2013, 2014, 2015]",West Bromwich Albion,41,33,8,2741,5,0,38,31,7,2745,3,0,79,64,15,5486,8,0,0,0,0,4,3,7,0,0,0,0,0,0
868,James McClean,1407,"[2011, 2012]",Sunderland AFC,30,22,8,2098,5,0,29,22,7,2078,2,0,59,44,15,4176,7,0,0,3,3,3,1,4,0,0,0,0,0,0
869,James McClean,1407,"[2015, 2016, 2017]",West Bromwich Albion,51,25,26,2517,2,0,48,30,18,2813,2,0,99,55,44,5330,4,0,1,1,2,1,2,3,0,0,0,0,0,0
870,Steven Fletcher,1408,"[2012, 2013, 2014, 2015]",Sunderland AFC,47,36,11,3159,8,0,47,36,11,3250,15,0,94,72,22,6409,23,0,3,3,6,5,11,16,0,0,0,0,0,0
871,Steven Fletcher,1408,[2009],Burnley FC,17,17,0,1417,4,0,18,18,0,1454,4,0,35,35,0,2871,8,0,0,0,0,3,1,4,0,0,0,0,0,0
872,Steven Fletcher,1408,"[2010, 2011]",Wolverhampton Wanderers,31,23,8,2021,11,0,30,18,12,1724,11,0,61,41,20,3745,22,0,4,2,6,6,7,13,0,1,1,0,0,0
873,Phil Bardsley,1409,"[2007, 2008, 2009, 2010, 2011, 2012, 2013]",Sunderland AFC,88,77,11,6797,5,0,85,76,9,6803,2,0,173,153,20,13600,7,0,3,3,6,4,2,6,0,0,0,0,0,0
874,Phil Bardsley,1409,"[2014, 2015, 2016]",Stoke City,24,22,2,1839,0,0,27,25,2,2230,0,0,51,47,4,4069,0,0,0,0,0,0,0,0,0,0,0,0,0,0
875,Phil Bardsley,1409,"[2017, 2018, 2019]",Burnley FC,28,28,0,2476,0,0,25,25,0,2212,0,0,53,53,0,4688,0,0,0,0,0,0,0,0,0,0,0,0,0,0
876,Phil Bardsley,1409,[2006],Aston Villa,7,7,0,617,0,0,6,6,0,530,0,0,13,13,0,1147,0,0,0,0,0,0,0,0,0,0,0,0,0,0
877,Phil Bardsley,1409,[2005],Manchester United,4,1,3,148,0,0,4,2,2,155,0,0,8,3,5,303,0,0,0,0,0,0,0,0,0,0,0,0,0,0
878,Keiren Westwood,1410,"[2011, 2012, 2013]",Sunderland AFC,10,9,1,848,0,0,9,9,0,763,0,0,19,18,1,1611,0,0,0,0,0,0,0,0,0,0,0,0,0,0
879,Titus Bramble,1411,"[2010, 2011, 2012]",Sunderland AFC,26,21,5,1978,1,0,21,21,0,1890,0,0,47,42,5,3868,1,0,0,0,0,1,0,1,0,0,0,0,0,0
880,Titus Bramble,1411,"[2002, 2003, 2004, 2005, 2006]",Newcastle United,56,52,4,4738,3,0,43,38,5,3554,0,0,99,90,9,8292,3,0,3,0,3,2,0,2,0,0,0,0,0,0
881,Titus Bramble,1411,"[2008, 2009]",Wigan Athletic,33,33,0,2919,2,0,35,35,0,3147,1,0,68,68,0,6066,3,0,0,1,1,2,1,3,0,0,0,0,0,0
882,Titus Bramble,1411,[2007],Blackburn Rovers,0,0,0,0,0,0,1,1,0,90,0,0,1,1,0,90,0,0,0,0,0,0,0,0,0,0,0,0,0,0
883,Titus Bramble,1411,"[2000, 2001]",Ipswich Town,24,22,2,2023,1,0,18,16,2,1492,0,0,42,38,4,3515,1,0,3,0,3,1,0,1,0,0,0,0,0,0
884,David Vaughan,1412,"[2011, 2012, 2013]",Sunderland AFC,22,12,10,1114,1,0,26,13,13,1253,2,0,48,25,23,2367,3,0,0,0,0,1,0,1,0,0,0,0,0,0
885,David Vaughan,1412,[2010],Blackpool FC,17,17,0,1530,1,0,18,18,0,1620,1,0,35,35,0,3150,2,0,0,0,0,1,1,2,0,0,0,0,0,0
886,James McFadden,1413,[2012],Sunderland AFC,1,0,1,2,0,0,2,0,2,33,0,0,3,0,3,35,0,0,0,0,0,0,0,0,0,0,0,0,0,0
887,James McFadden,1413,"[2003, 2004, 2005, 2006, 2011]",Everton FC,50,24,26,2185,4,0,51,25,26,2502,5,0,101,49,52,4687,9,0,3,3,6,3,3,6,0,0,0,0,0,0
888,James McFadden,1413,"[2007, 2009, 2010]",Birmingham City,27,25,2,2023,6,0,25,20,5,1830,3,0,52,45,7,3853,9,0,7,4,11,5,3,8,3,1,4,0,0,0
889,Vincent Kompany,1414,"[2008, 2009, 2010, 2011, 2012, 2013, 2014, 2015, 2016, 2017, 2018]",Manchester City,129,121,8,10771,10,0,134,130,4,11450,8,0,263,251,12,22221,18,0,6,0,6,4,4,8,0,0,0,0,0,0
890,Kolo Tour√©,1415,"[2009, 2010, 2011, 2012]",Manchester City,42,36,6,3299,2,0,39,33,6,2938,0,0,81,69,12,6237,2,0,0,0,0,2,0,2,0,0,0,0,0,0
891,Kolo Tour√©,1415,"[2013, 2014, 2015]",Liverpool FC,23,17,6,1675,0,0,23,14,9,1333,1,0,46,31,15,3008,1,0,0,0,0,0,0,0,0,0,0,0,0,0
892,Kolo Tour√©,1415,"[2002, 2003, 2004, 2005, 2006, 2007, 2008]",Arsenal FC,112,100,12,8977,3,0,108,99,9,8847,6,0,220,199,21,17824,9,0,1,1,2,2,4,6,0,0,0,0,0,0
893,Javi Garc√≠a,1416,"[2012, 2013]",Manchester City,23,13,10,1245,0,0,30,18,12,1780,2,0,53,31,22,3025,2,0,0,1,1,0,1,1,0,0,0,0,0,0
894,Carlos T√©vez,1417,"[2009, 2010, 2011, 2012]",Manchester City,58,51,7,4437,38,0,54,45,9,3880,21,0,112,96,16,8317,59,0,16,5,21,18,12,30,11,1,12,0,0,0
895,Carlos T√©vez,1417,"[2007, 2008]",Manchester United,32,24,8,2329,12,0,31,25,6,2212,7,0,63,49,14,4541,19,0,3,8,11,3,6,9,0,0,0,0,0,0
896,Carlos T√©vez,1417,[2006],West Ham United,14,10,4,871,5,0,12,9,3,827,2,0,26,19,7,1698,7,0,0,3,3,2,2,4,0,1,1,0,0,0
897,Gareth Barry,1418,"[2009, 2010, 2011, 2012]",Manchester City,61,56,5,5018,2,0,70,66,4,5746,4,0,131,122,9,10764,6,0,3,1,4,2,3,5,0,0,0,0,0,0
898,Gareth Barry,1418,"[2000, 2001, 2002, 2003, 2004, 2005, 2006, 2007, 2008]",Aston Villa,142,138,4,12207,18,0,145,143,2,12353,20,0,287,281,6,24560,38,0,7,4,11,12,11,23,8,10,18,0,0,0
899,Gareth Barry,1418,"[2013, 2014, 2015, 2016]",Everton FC,62,55,7,5005,3,0,69,65,4,5620,1,0,131,120,11,10625,4,0,0,3,3,2,1,3,0,0,0,0,0,0
900,Gareth Barry,1418,[2017],West Bromwich Albion,13,12,1,1020,1,0,12,10,2,906,0,0,25,22,3,1926,1,0,0,0,0,0,0,0,0,0,0,0,0,0
901,Karim Rekik,1419,"[2011, 2012]",Manchester City,1,1,0,84,0,0,0,0,0,0,0,0,1,1,0,84,0,0,0,0,0,0,0,0,0,0,0,0,0,0
902,Scott Sinclair,1420,[2012],Manchester City,6,1,5,98,0,0,5,1,4,92,0,0,11,2,9,190,0,0,0,0,0,0,0,0,0,0,0,0,0,0
903,Scott Sinclair,1420,"[2014, 2015]",Aston Villa,17,12,5,1021,3,0,19,12,7,1038,0,0,36,24,12,2059,3,0,0,0,0,3,0,3,1,0,1,0,0,0
904,Scott Sinclair,1420,[2009],Wigan Athletic,8,0,8,138,0,0,10,1,9,205,1,0,18,1,17,343,1,0,0,0,0,0,0,0,0,0,0,0,0,0
905,Scott Sinclair,1420,[2011],Swansea City,19,18,1,1596,7,0,19,17,2,1526,1,0,38,35,3,3122,8,0,1,0,1,6,1,7,4,0,4,0,0,0
906,Scott Sinclair,1420,"[2006, 2007, 2008]",Chelsea FC,3,1,2,72,0,0,2,0,2,21,0,0,5,1,4,93,0,0,0,0,0,0,0,0,0,0,0,0,0,0
907,Scott Sinclair,1420,[2013],West Bromwich Albion,3,3,0,190,0,0,5,1,4,111,0,0,8,4,4,301,0,0,0,0,0,0,0,0,0,0,0,0,0,0
908,Abdul Razak,1421,"[2010, 2011, 2012]",Manchester City,5,0,5,14,0,0,0,0,0,0,0,0,5,0,5,14,0,0,0,0,0,0,0,0,0,0,0,0,0,0
909,Aly Cissokho,1422,[2013],Liverpool FC,7,6,1,555,0,0,8,6,2,536,0,0,15,12,3,1091,0,0,0,0,0,0,0,0,0,0,0,0,0,0
910,Aly Cissokho,1422,"[2014, 2015]",Aston Villa,22,21,1,1920,0,0,21,21,0,1833,0,0,43,42,1,3753,0,0,0,0,0,0,0,0,0,0,0,0,0,0
911,Martin ≈†krtel,1423,"[2007, 2008, 2009, 2010, 2011, 2012, 2013, 2014, 2015]",Liverpool FC,120,115,5,10410,9,0,122,118,4,10600,7,0,242,233,9,21010,16,0,1,0,1,5,5,10,0,0,0,0,0,0
912,Steven Gerrard,1424,"[2000, 2002, 2003, 2004, 2005, 2006, 2007, 2008, 2009, 2010, 2011, 2012, 2013, 2014]",Liverpool FC,222,208,14,18534,66,0,207,196,11,17533,50,0,429,404,25,36067,116,0,29,20,49,40,29,69,16,15,31,0,0,0
913,Steven Gerrard,1424,[2001],West Ham United,1,0,1,45,0,0,0,0,0,0,0,0,1,0,1,45,0,0,0,0,0,0,0,0,0,0,0,0,0,0
914,Coutinho,1425,"[2012, 2013, 2014, 2015, 2016, 2017]",Liverpool FC,79,72,7,6012,19,0,72,64,8,5389,22,0,151,136,15,11401,41,0,9,3,12,11,14,25,0,0,0,0,0,0
915,Jordan Henderson,1426,"[2011, 2012, 2013, 2014, 2015, 2016, 2017, 2018, 2019]",Liverpool FC,133,112,21,9993,12,0,135,116,19,10312,14,0,268,228,40,20305,26,0,6,3,9,8,3,11,0,1,1,0,0,0
916,Jordan Henderson,1426,"[2008, 2009, 2010]",Sunderland AFC,34,28,6,2589,3,0,36,31,5,2769,1,0,70,59,11,5358,4,0,3,0,3,2,1,3,0,0,0,0,0,0
917,Luis Su√°rez,1427,"[2010, 2011, 2012, 2013]",Liverpool FC,56,54,2,4849,35,0,54,53,1,4727,34,0,110,107,3,9576,69,0,6,2,8,13,10,23,0,0,0,0,0,0
918,Daniel Sturridge,1428,"[2013, 2014, 2015, 2016, 2018]",Liverpool FC,46,28,18,2584,23,0,47,27,20,2690,16,0,93,55,38,5274,39,0,12,6,18,8,11,19,0,0,0,0,0,0
919,Daniel Sturridge,1428,[2017],West Bromwich Albion,2,1,1,78,0,0,4,1,3,38,0,0,6,2,4,116,0,0,0,0,0,0,0,0,0,0,0,0,0,0
920,Daniel Sturridge,1428,[2010],Bolton Wanderers,7,6,1,557,5,0,5,5,0,420,3,0,12,11,1,977,8,0,3,1,4,3,3,6,0,0,0,0,0,0
921,Daniel Sturridge,1428,"[2009, 2011, 2012]",Chelsea FC,23,13,10,1193,5,0,27,18,9,1526,8,0,50,31,19,2719,13,0,0,1,1,3,4,7,0,0,0,0,0,0
922,Daniel Sturridge,1428,"[2006, 2007, 2008]",Manchester City,12,3,9,361,3,0,8,2,6,248,2,0,20,5,15,609,5,0,0,1,1,1,1,2,1,0,1,0,0,0
923,Lucas Leiva,1429,"[2007, 2008, 2009, 2010, 2011, 2012, 2013, 2014, 2015, 2016]",Liverpool FC,118,88,30,7885,1,0,129,106,23,9473,0,0,247,194,53,17358,1,0,0,0,0,0,0,0,0,0,0,0,0,0
924,Joe Allen,1430,"[2012, 2013, 2014, 2015]",Liverpool FC,46,25,21,2481,3,0,45,35,10,3080,1,0,91,60,31,5561,4,0,1,0,1,2,1,3,0,0,0,0,0,0
925,Joe Allen,1430,"[2016, 2017]",Stoke City,36,35,1,3024,7,0,35,34,1,2964,1,0,71,69,2,5988,8,0,3,1,4,5,1,6,0,0,0,0,0,0
926,Joe Allen,1430,[2011],Swansea City,17,14,3,1329,2,0,19,17,2,1571,2,0,36,31,5,2900,4,0,0,0,0,1,0,1,0,0,0,0,0,0
927,Brad Jones,1431,"[2010, 2011, 2012, 2013, 2014]",Liverpool FC,5,5,0,450,0,0,6,5,1,440,0,0,11,10,1,890,0,0,0,0,0,0,0,0,0,0,0,0,0,0
928,Brad Jones,1431,"[2004, 2005, 2006, 2007, 2008]",Middlesbrough FC,17,17,0,1530,0,0,16,16,0,1440,0,0,33,33,0,2970,0,0,0,0,0,0,0,0,0,0,0,0,0,0
929,Luis Alberto,1432,[2013],Liverpool FC,6,0,6,80,0,0,3,0,3,53,0,0,9,0,9,133,0,0,0,0,0,0,0,0,0,0,0,0,0,0
930,Iago Aspas,1433,[2013],Liverpool FC,8,4,4,255,0,0,6,1,5,123,0,0,14,5,9,378,0,0,0,0,0,0,0,0,0,0,0,0,0,0
931,Victor Moses,1434,[2013],Liverpool FC,9,2,7,239,0,0,10,4,6,404,1,0,19,6,13,643,1,0,0,0,0,0,1,1,0,0,0,0,0,0
932,Victor Moses,1434,"[2009, 2010, 2011]",Wigan Athletic,37,23,14,2285,5,0,36,23,13,2174,3,0,73,46,27,4459,8,0,3,1,4,3,3,6,0,0,0,0,0,0
933,Victor Moses,1434,[2015],West Ham United,9,5,4,450,0,0,12,8,4,532,1,0,21,13,8,982,1,0,0,0,0,0,1,1,0,0,0,0,0,0
934,Victor Moses,1434,"[2012, 2016, 2017, 2018]",Chelsea FC,37,26,11,2356,4,0,49,39,10,3318,3,0,86,65,21,5674,7,0,3,3,6,1,2,3,0,0,0,0,0,0
935,Victor Moses,1434,[2014],Stoke City,9,9,0,741,2,0,10,10,0,714,1,0,19,19,0,1455,3,0,0,3,3,2,1,3,0,1,1,0,0,0
936,Brad Guzan,1435,"[2008, 2010, 2011, 2012, 2013, 2014, 2015]",Aston Villa,71,70,1,6352,0,0,72,71,1,6415,0,0,143,141,2,12767,0,0,0,0,0,0,0,0,0,0,0,0,0,0
937,Brad Guzan,1435,[2016],Middlesbrough FC,5,5,0,450,0,0,5,5,0,450,0,0,10,10,0,900,0,0,0,0,0,0,0,0,0,0,0,0,0,0
938,Ron Vlaar,1436,"[2012, 2013, 2014]",Aston Villa,39,39,0,3396,1,0,40,39,1,3448,1,0,79,78,1,6844,2,0,0,1,1,1,1,2,0,0,0,0,0,0
939,Ciaran Clark,1437,"[2009, 2010, 2011, 2012, 2013, 2014, 2015]",Aston Villa,63,55,8,5200,4,0,69,62,7,5592,3,0,132,117,15,10792,7,0,0,1,1,2,3,5,0,0,0,0,0,0
940,Ciaran Clark,1437,"[2017, 2018, 2019]",Newcastle United,23,20,3,1847,3,0,22,22,0,1944,4,0,45,42,3,3791,7,0,3,0,3,1,2,3,0,0,0,0,0,0
941,Leandro Bacuna,1438,"[2013, 2014, 2015]",Aston Villa,46,33,13,3109,4,0,39,32,7,2885,2,0,85,65,20,5994,6,0,0,0,0,3,1,4,0,0,0,0,0,0
942,Leandro Bacuna,1438,[2018],Cardiff City,6,2,4,302,0,0,5,2,3,252,0,0,11,4,7,554,0,0,0,0,0,0,0,0,0,0,0,0,0,0
943,Karim El Ahmadi,1439,"[2012, 2013, 2014]",Aston Villa,26,19,7,1620,2,0,25,19,6,1739,1,0,51,38,13,3359,3,0,0,0,0,1,0,1,0,0,0,0,0,0
944,Ashley Westwood,1440,"[2012, 2013, 2014, 2015]",Aston Villa,60,58,2,5052,3,0,63,60,3,5304,2,0,123,118,5,10356,5,0,0,1,1,1,2,3,0,0,0,0,0,0
945,Ashley Westwood,1440,"[2016, 2017, 2018, 2019]",Burnley FC,47,43,4,3872,1,0,50,41,9,3757,3,0,97,84,13,7629,4,0,3,0,3,1,3,4,0,0,0,0,0,0
946,Andreas Weimann,1441,"[2010, 2011, 2012, 2013, 2014]",Aston Villa,57,43,14,3739,12,0,55,38,17,3417,5,0,112,81,31,7156,17,0,6,3,9,8,4,12,0,0,0,0,0,0
947,Gabriel Agbonlahor,1442,"[2005, 2006, 2007, 2008, 2009, 2010, 2011, 2012, 2013, 2014, 2015]",Aston Villa,150,136,14,12105,33,0,164,148,16,13191,40,0,314,284,30,25296,73,0,2,35,37,18,26,44,0,0,0,0,0,0
948,Christian Benteke,1443,"[2012, 2013, 2014]",Aston Villa,46,42,4,3788,24,0,42,39,3,3508,18,0,88,81,7,7296,42,0,13,6,19,17,11,28,4,2,6,0,0,0
949,Christian Benteke,1443,"[2016, 2017, 2018, 2019]",Crystal Palace,56,42,14,3833,6,0,51,40,11,3612,15,0,107,82,25,7445,21,0,1,10,11,2,14,16,1,2,3,0,0,0
950,Christian Benteke,1443,[2015],Liverpool FC,13,7,6,732,4,0,16,7,9,785,5,0,29,14,15,1517,9,0,7,6,13,4,2,6,0,1,1,0,0,0
951,Antonio Luna,1444,[2013],Aston Villa,10,10,0,833,0,0,7,6,1,549,1,0,17,16,1,1382,1,0,0,0,0,0,0,0,0,0,0,0,0,0
952,Yacouba Sylla,1445,"[2012, 2013]",Aston Villa,12,7,5,672,0,0,10,5,5,473,0,0,22,12,10,1145,0,0,0,0,0,0,0,0,0,0,0,0,0,0
953,Grant Holt,1446,[2013],Aston Villa,6,1,5,169,1,0,4,2,2,207,0,0,10,3,7,376,1,0,0,0,0,1,0,1,0,0,0,0,0,0
954,Grant Holt,1446,"[2011, 2012]",Norwich City,36,26,10,2468,14,0,34,26,8,2356,9,0,70,52,18,4824,23,0,14,1,15,11,7,18,3,0,3,0,0,0
955,Jed Steer,1447,"[2013, 2014, 2019]",Aston Villa,1,1,0,90,0,0,1,1,0,8,0,0,2,2,0,98,0,0,0,0,0,0,0,0,0,0,0,0,0,0
956,Jed Steer,1447,"[2011, 2012]",Norwich City,0,0,0,0,0,0,0,0,0,0,0,0,0,0,0,0,0,0,0,0,0,0,0,0,0,0,0,0,0,0
957,Marc Albrighton,1448,"[2009, 2010, 2011, 2012, 2013]",Aston Villa,49,25,24,2704,3,0,36,22,14,1988,4,0,85,47,38,4692,7,0,0,0,0,1,4,5,0,0,0,0,0,0
958,Marc Albrighton,1448,"[2014, 2015, 2016, 2017, 2018, 2019]",Leicester City,83,68,15,5763,7,0,87,62,25,5521,3,0,170,130,40,11284,10,0,0,0,0,2,2,4,0,0,0,0,0,0
959,Gary Gardner,1449,"[2011, 2012, 2013]",Aston Villa,4,2,2,212,0,0,12,3,9,412,0,0,16,5,11,624,0,0,0,0,0,0,0,0,0,0,0,0,0,0
960,Nicklas Helenius,1450,[2013],Aston Villa,2,0,2,20,0,0,1,0,1,30,0,0,3,0,3,50,0,0,0,0,0,0,0,0,0,0,0,0,0,0
961,Laurent Blanc,1451,"[2001, 2002]",Manchester United,23,22,1,1950,0,0,23,20,3,1844,1,0,46,42,4,3794,1,0,0,0,0,0,0,0,0,0,0,0,0,0
962,Juan Sebasti√°n Ver√≥n,1452,"[2001, 2002]",Manchester United,30,26,4,2135,4,0,19,17,2,1490,3,0,49,43,6,3625,7,0,0,0,0,3,3,6,0,0,0,0,0,0
963,Juan Sebasti√°n Ver√≥n,1452,[2003],Chelsea FC,6,4,2,393,0,0,1,1,0,90,1,0,7,5,2,483,1,0,0,0,0,0,1,1,0,0,0,0,0,0
964,Ruud van Nistelrooy,1453,"[2001, 2002, 2003, 2004, 2005]",Manchester United,70,65,5,5687,48,0,75,67,8,6038,47,0,145,132,13,11725,95,0,22,27,49,26,25,51,10,5,15,0,0,0
965,Denis Irwin,1454,"[2000, 2001]",Manchester United,14,12,2,1079,0,0,19,18,1,1514,0,0,33,30,3,2593,0,0,0,0,0,0,0,0,0,0,0,0,0,0
966,Denis Irwin,1454,[2003],Wolverhampton Wanderers,17,16,1,1411,0,0,15,14,1,1251,0,0,32,30,2,2662,0,0,0,0,0,0,0,0,0,0,0,0,0,0
967,Craig Hignett,1455,"[2001, 2002]",Blackburn Rovers,11,1,10,222,2,0,9,3,6,423,3,0,20,4,16,645,5,0,0,3,3,0,2,2,0,0,0,0,0,0
968,Craig Hignett,1455,[2003],Leicester City,6,1,5,154,1,0,7,2,5,137,0,0,13,3,10,291,1,0,1,0,1,1,0,1,0,0,0,0,0,0
969,David Dunn,1456,"[2001, 2002, 2006, 2007, 2008, 2009, 2010, 2011]",Blackburn Rovers,95,77,18,6269,17,0,89,67,22,5795,13,0,184,144,40,12064,30,0,11,7,18,13,10,23,3,5,8,0,0,0
970,David Dunn,1456,"[2003, 2004, 2005]",Birmingham City,23,18,5,1595,2,0,23,18,5,1423,4,0,46,36,10,3018,6,0,3,4,7,1,2,3,1,0,1,0,0,0
971,Corrado Grabbi,1457,"[2001, 2002, 2003]",Blackburn Rovers,18,7,11,567,2,0,12,4,8,386,0,0,30,11,19,953,2,0,4,0,4,2,0,2,0,0,0,0,0,0
972,Lucas Digne,1458,"[2018, 2019]",Everton FC,35,35,0,3081,2,0,35,33,2,2944,2,0,70,68,2,6025,4,0,1,0,1,1,0,1,0,0,0,0,0,0
973,Yerry Mina,1459,"[2018, 2019]",Everton FC,20,16,4,1469,0,0,22,19,3,1705,3,0,42,35,7,3174,3,0,0,0,0,0,2,2,0,0,0,0,0,0
974,Djibril Sidib√©,1460,[2019],Everton FC,12,8,4,898,0,0,13,10,3,922,0,0,25,18,7,1820,0,0,0,0,0,0,0,0,0,0,0,0,0,0
975,Richarlison,1461,"[2018, 2019]",Everton FC,35,33,2,2803,14,0,36,35,1,3005,12,0,71,68,3,5808,26,0,8,9,17,12,8,20,0,0,0,0,0,0
976,Richarlison,1461,[2017],Watford FC,19,14,5,1265,1,0,19,18,1,1562,4,0,38,32,6,2827,5,0,0,4,4,0,4,4,0,0,0,0,0,0
977,Alex Iwobi,1462,[2019],Everton FC,12,9,3,770,1,0,13,10,3,850,0,0,25,19,6,1620,1,0,0,0,0,1,0,1,0,0,0,0,0,0
978,Alex Iwobi,1462,"[2015, 2016, 2017, 2018]",Arsenal FC,48,29,19,2575,8,0,51,40,11,3275,3,0,99,69,30,5850,11,0,0,0,0,0,2,2,0,0,0,0,0,0
979,Cenk Tosun,1463,"[2017, 2018, 2019]",Everton FC,23,12,11,1265,4,0,21,12,9,1076,5,0,44,24,20,2341,9,0,1,3,4,1,5,6,0,0,0,0,0,0
980,Moise Kean,1464,[2019],Everton FC,13,4,9,416,2,0,16,2,14,421,0,0,29,6,23,837,2,0,0,0,0,2,0,2,0,0,0,0,0,0
981,Maarten Stekelenburg,1465,"[2016, 2017, 2018, 2019]",Everton FC,9,9,0,784,0,0,10,10,0,900,0,0,19,19,0,1684,0,0,0,0,0,0,0,0,0,0,0,0,0,0
982,Maarten Stekelenburg,1465,[2013],Fulham FC,8,8,0,706,0,0,11,11,0,976,0,0,19,19,0,1682,0,0,0,0,0,0,0,0,0,0,0,0,0,0
983,Maarten Stekelenburg,1465,[2015],Southampton FC,8,8,0,720,0,0,9,9,0,810,0,0,17,17,0,1530,0,0,0,0,0,0,0,0,0,0,0,0,0,0
984,Leighton Baines,1466,"[2007, 2008, 2009, 2010, 2011, 2012, 2013, 2014, 2015, 2016, 2017, 2018, 2019]",Everton FC,173,163,10,14557,16,0,173,162,11,14473,13,0,346,325,21,29030,29,0,14,5,19,11,12,23,13,6,19,0,0,0
985,Leighton Baines,1466,"[2005, 2006]",Wigan Athletic,35,34,1,2935,2,0,37,36,1,3285,1,0,72,70,2,6220,3,0,0,0,0,2,0,2,0,1,1,0,0,0
986,S√©amus Coleman,1467,"[2009, 2010, 2011, 2012, 2013, 2014, 2015, 2016, 2017, 2018, 2019]",Everton FC,142,128,14,11470,13,0,132,120,12,10692,7,0,274,248,26,22162,20,0,7,5,12,10,6,16,0,0,0,0,0,0
987,Bernard,1468,"[2018, 2019]",Everton FC,31,19,12,1648,3,0,30,21,9,1760,1,0,61,40,21,3408,4,0,3,0,3,3,0,3,0,0,0,0,0,0
988,Bernd Leno,1469,"[2018, 2019]",Arsenal FC,31,30,1,2745,0,0,31,31,0,2740,0,0,62,61,1,5485,0,0,0,0,0,0,0,0,0,0,0,0,0,0
989,Calum Chambers,1470,"[2014, 2015, 2017, 2019]",Arsenal FC,28,18,10,1631,2,0,33,24,9,2237,0,0,61,42,19,3868,2,0,0,0,0,1,0,1,0,0,0,0,0,0
990,Calum Chambers,1470,[2016],Middlesbrough FC,13,13,0,1170,1,0,11,11,0,990,0,0,24,24,0,2160,1,0,0,0,0,1,0,1,0,0,0,0,0,0
991,Calum Chambers,1470,"[2012, 2013]",Southampton FC,11,8,3,731,0,0,11,10,1,912,0,0,22,18,4,1643,0,0,0,0,0,0,0,0,0,0,0,0,0,0
992,Calum Chambers,1470,[2018],Fulham FC,17,16,1,1458,2,0,14,13,1,1129,0,0,31,29,2,2587,2,0,0,0,0,1,0,1,0,0,0,0,0,0
993,David Luiz,1471,[2019],Arsenal FC,18,18,0,1620,2,0,15,14,1,1296,0,0,33,32,1,2916,2,0,3,0,3,1,0,1,0,0,0,0,0,0
994,David Luiz,1471,"[2010, 2011, 2012, 2013, 2016, 2017, 2018]",Chelsea FC,80,75,5,6859,9,0,79,75,4,6681,2,0,159,150,9,13540,11,0,0,0,0,3,2,5,0,0,0,0,0,0
995,Lucas Torreira,1472,"[2018, 2019]",Arsenal FC,33,21,12,2030,2,0,30,20,10,1856,1,0,63,41,22,3886,3,0,3,0,3,1,0,1,0,0,0,0,0,0
996,Ainsley Maitland-Niles,1473,"[2014, 2016, 2017, 2018, 2019]",Arsenal FC,25,17,8,1660,0,0,28,17,11,1721,1,0,53,34,19,3381,1,0,0,0,0,0,1,1,0,0,0,0,0,0
997,Emile Smith-Rowe,1474,"[2018, 2019]",Arsenal FC,1,0,1,31,0,0,1,1,0,66,0,0,2,1,1,97,0,0,0,0,0,0,0,0,0,0,0,0,0,0
998,Granit Xhaka,1475,"[2016, 2017, 2018, 2019]",Arsenal FC,62,60,2,5323,5,0,67,64,3,5543,3,0,129,124,5,10866,8,0,0,0,0,4,2,6,0,0,0,0,0,0
999,Pierre-Emerick Aubameyang,1476,"[2017, 2018, 2019]",Arsenal FC,44,39,5,3513,33,0,41,38,3,3438,21,0,85,77,8,6951,54,0,10,15,25,20,15,35,6,1,7,0,0,0
1000,Reiss Nelson,1477,"[2017, 2019]",Arsenal FC,9,5,4,397,1,0,11,4,7,377,0,0,20,9,11,774,1,0,3,0,3,1,0,1,0,0,0,0,0,0
1001,Gabriel Martinelli,1478,[2019],Arsenal FC,6,2,4,257,1,0,8,4,4,399,2,0,14,6,8,656,3,0,0,0,0,1,2,3,0,0,0,0,0,0
1002,Bukayo Saka,1479,"[2018, 2019]",Arsenal FC,14,8,6,841,0,0,13,11,2,921,1,0,27,19,8,1762,1,0,0,0,0,0,1,1,0,0,0,0,0,0
1003,Joe Willock,1480,"[2017, 2018, 2019]",Arsenal FC,12,3,9,340,0,0,21,7,14,651,1,0,33,10,23,991,1,0,0,0,0,0,0,0,0,0,0,0,0,0
1004,Alexandre Lacazette,1481,"[2017, 2018, 2019]",Arsenal FC,50,42,8,3554,28,0,47,33,14,3040,9,0,97,75,22,6594,37,0,5,3,8,14,5,19,2,0,2,0,0,0
1005,Emiliano Mart√≠nez,1482,"[2012, 2014, 2016, 2018, 2019]",Arsenal FC,7,6,1,571,0,0,8,7,1,680,0,0,15,13,2,1251,0,0,0,0,0,0,0,0,0,0,0,0,0,0
1006,Shkodran Mustafi,1483,"[2016, 2017, 2018, 2019]",Arsenal FC,49,47,2,4053,4,0,50,48,2,4318,3,0,99,95,4,8371,7,0,1,0,1,4,3,7,0,0,0,0,0,0
1007,Shkodran Mustafi,1483,"[2010, 2011]",Everton FC,0,0,0,0,0,0,0,0,0,0,0,0,0,0,0,0,0,0,0,0,0,0,0,0,0,0,0,0,0,0
1008,Konstantinos Mavropanos,1484,"[2017, 2018, 2019]",Arsenal FC,2,2,0,136,0,0,5,4,1,284,0,0,7,6,1,420,0,0,0,0,0,0,0,0,0,0,0,0,0,0
1009,Matt√©o Guendouzi,1485,"[2018, 2019]",Arsenal FC,25,19,6,1797,0,0,32,23,9,2093,0,0,57,42,15,3890,0,0,0,0,0,0,0,0,0,0,0,0,0,0
1010,Nicolas P√©p√©,1486,[2019],Arsenal FC,17,12,5,1130,3,0,14,10,4,882,2,0,31,22,9,2012,5,0,0,0,0,2,2,4,1,0,1,0,0,0
1011,Kieran Trippier,1487,[2014],Burnley FC,19,19,0,1710,0,0,19,19,0,1706,0,0,38,38,0,3416,0,0,0,0,0,0,0,0,0,0,0,0,0,0
1012,Kieran Trippier,1487,"[2015, 2016, 2017, 2018]",Tottenham Hotspur,33,30,3,2715,2,0,36,28,8,2501,0,0,69,58,11,5216,2,0,3,0,3,2,0,2,0,0,0,0,0,0
1013,Michael Duff,1488,"[2009, 2014]",Burnley FC,15,15,0,1350,0,0,17,16,1,1477,0,0,32,31,1,2827,0,0,0,0,0,0,0,0,0,0,0,0,0,0
1014,Jason Shackell,1489,[2014],Burnley FC,19,19,0,1710,0,0,19,19,0,1637,0,0,38,38,0,3347,0,0,0,0,0,0,0,0,0,0,0,0,0,0
1015,Jason Shackell,1489,[2004],Norwich City,6,6,0,540,0,0,5,5,0,450,0,0,11,11,0,990,0,0,0,0,0,0,0,0,0,0,0,0,0,0
1016,David Jones,1490,"[2014, 2016]",Burnley FC,20,20,0,1777,0,0,17,17,0,1520,0,0,37,37,0,3297,0,0,0,0,0,0,0,0,0,0,0,0,0,0
1017,David Jones,1490,"[2011, 2012]",Wigan Athletic,13,11,2,1004,0,0,16,10,6,967,0,0,29,21,8,1971,0,0,0,0,0,0,0,0,0,0,0,0,0,0
1018,David Jones,1490,"[2009, 2010]",Wolverhampton Wanderers,14,12,2,1041,2,0,17,14,3,1253,0,0,31,26,5,2294,2,0,3,0,3,2,0,2,0,0,0,0,0,0
1019,David Jones,1490,[2007],Derby County,9,8,1,633,0,0,5,4,1,349,1,0,14,12,2,982,1,0,0,0,0,0,0,0,0,0,0,0,0,0
1020,Ashley Barnes,1491,"[2014, 2016, 2017, 2018, 2019]",Burnley FC,79,56,23,5116,19,0,76,56,20,5037,19,0,155,112,43,10153,38,0,16,6,22,12,14,26,2,3,5,0,0,0
1021,Matt Gilks,1492,[2014],Burnley FC,0,0,0,0,0,0,0,0,0,0,0,0,0,0,0,0,0,0,0,0,0,0,0,0,0,0,0,0,0,0
1022,Matt Gilks,1492,[2010],Blackpool FC,9,9,0,810,0,0,9,9,0,766,0,0,18,18,0,1576,0,0,0,0,0,0,0,0,0,0,0,0,0,0
1023,Fredrik Ulvestad,1493,"[2014, 2016, 2017]",Burnley FC,1,0,1,2,0,0,1,1,0,65,0,0,2,1,1,67,0,0,0,0,0,0,0,0,0,0,0,0,0,0
1024,Lukas Jutkiewicz,1494,"[2014, 2016]",Burnley FC,14,6,8,523,0,0,13,4,9,463,0,0,27,10,17,986,0,0,0,0,0,0,0,0,0,0,0,0,0,0
1025,Lukas Jutkiewicz,1494,[2008],Everton FC,1,0,1,4,0,0,0,0,0,0,0,0,1,0,1,4,0,0,0,0,0,0,0,0,0,0,0,0,0,0
1026,David Ospina,1495,"[2014, 2015, 2016, 2017]",Arsenal FC,15,14,1,1280,0,0,14,13,1,1222,0,0,29,27,2,2502,0,0,0,0,0,0,0,0,0,0,0,0,0,0
1027,Per Mertesacker,1496,"[2011, 2012, 2013, 2014, 2015, 2016, 2017]",Arsenal FC,77,74,3,6728,2,0,79,78,1,6973,4,0,156,152,4,13701,6,0,0,3,3,2,2,4,0,0,0,0,0,0
1028,Laurent Koscielny,1497,"[2010, 2011, 2012, 2013, 2014, 2015, 2016, 2017, 2018]",Arsenal FC,122,119,3,10448,14,0,132,125,7,11065,8,0,254,244,10,21513,22,0,6,11,17,8,7,15,0,0,0,0,0,0
1029,Nacho Monreal,1498,"[2012, 2013, 2014, 2015, 2016, 2017, 2018, 2019]",Arsenal FC,90,81,9,7165,4,0,96,87,9,7806,3,0,186,168,18,14971,7,0,0,0,0,4,3,7,0,0,0,0,0,0
1030,H√©ctor Beller√≠n,1499,"[2013, 2014, 2015, 2016, 2017, 2018, 2019]",Arsenal FC,79,74,5,6756,5,0,78,70,8,6201,2,0,157,144,13,12957,7,0,1,1,2,3,2,5,0,0,0,0,0,0
1031,Mesut √ñzil,1500,"[2013, 2014, 2015, 2016, 2017, 2018, 2019]",Arsenal FC,99,96,3,8428,21,0,85,79,6,6833,12,0,184,175,9,15261,33,0,3,3,6,8,8,16,0,0,0,0,0,0
1032,Aaron Ramsey,1501,"[2008, 2009, 2010, 2011, 2012, 2013, 2014, 2015, 2016, 2017, 2018]",Arsenal FC,126,82,44,7730,19,0,133,97,36,8794,21,0,259,179,80,16524,40,0,9,3,12,8,10,18,0,0,0,0,0,0
1033,Santi Cazorla,1502,"[2012, 2013, 2014, 2015, 2016]",Arsenal FC,64,59,5,5320,12,0,64,63,1,5470,13,0,128,122,6,10790,25,0,6,3,9,5,6,11,3,5,8,0,0,0
1034,Francis Coquelin,1503,"[2011, 2012, 2014, 2015, 2016, 2017]",Arsenal FC,51,33,18,2940,0,0,52,37,15,3057,0,0,103,70,33,5997,0,0,0,0,0,0,0,0,0,0,0,0,0,0
1035,Olivier Giroud,1504,"[2012, 2013, 2014, 2015, 2016, 2017]",Arsenal FC,90,58,32,5519,40,0,90,61,29,5784,33,0,180,119,61,11303,73,0,13,7,20,21,22,43,1,1,2,0,0,0
1036,Olivier Giroud,1504,"[2018, 2019]",Chelsea FC,23,12,11,1060,6,0,22,7,15,772,4,0,45,19,26,1832,10,0,3,3,6,4,2,6,0,0,0,0,0,0
1037,Alexis S√°nchez,1505,"[2014, 2015, 2016]",Arsenal FC,51,47,4,4182,24,0,51,50,1,4349,29,0,102,97,5,8531,53,0,6,2,8,14,14,28,2,0,2,0,0,0
1038,Alexis S√°nchez,1505,"[2017, 2018]",Manchester United,17,10,7,993,3,0,16,12,4,1022,0,0,33,22,11,2015,3,0,3,0,3,1,0,1,0,0,0,0,0,0
1039,Danny Welbeck,1506,"[2014, 2015, 2016, 2017, 2018]",Arsenal FC,42,20,22,1990,10,0,46,26,20,2330,6,0,88,46,42,4320,16,0,10,3,13,7,2,9,0,0,0,0,0,0
1040,Danny Welbeck,1506,[2010],Sunderland AFC,13,11,2,902,4,0,13,10,3,864,2,0,26,21,5,1766,6,0,3,0,3,4,1,5,0,0,0,0,0,0
1041,Danny Welbeck,1506,"[2008, 2009, 2011, 2012, 2013]",Manchester United,43,29,14,2575,11,0,46,23,23,2410,9,0,89,52,37,4985,20,0,0,6,6,4,4,8,0,0,0,0,0,0
1042,Danny Welbeck,1506,[2019],Watford FC,8,3,5,367,1,0,10,5,5,449,1,0,18,8,10,816,2,0,3,0,3,1,0,1,0,0,0,0,0,0
1043,Wojciech Szczƒôsny,1507,"[2010, 2011, 2012, 2013, 2014]",Arsenal FC,68,68,0,6089,0,0,63,63,0,5670,0,0,131,131,0,11759,0,0,0,0,0,0,0,0,0,0,0,0,0,0
1044,Kieran Gibbs,1508,"[2008, 2009, 2010, 2011, 2012, 2013, 2014, 2015, 2016]",Arsenal FC,67,56,11,4824,2,0,70,48,22,4551,0,0,137,104,33,9375,2,0,1,0,1,2,0,2,0,0,0,0,0,0
1045,Kieran Gibbs,1508,[2017],West Bromwich Albion,16,16,0,1367,0,0,17,16,1,1464,0,0,33,32,1,2831,0,0,0,0,0,0,0,0,0,0,0,0,0,0
1046,Tom√°≈° Rosick√Ω,1509,"[2006, 2007, 2009, 2010, 2011, 2012, 2013, 2014]",Arsenal FC,86,58,28,5205,12,0,82,47,35,4543,7,0,168,105,63,9748,19,0,4,3,7,5,2,7,0,0,0,0,0,0
1047,Mathieu Flamini,1510,"[2004, 2005, 2006, 2007, 2013, 2014, 2015]",Arsenal FC,82,50,32,4977,6,0,82,58,24,5231,4,0,164,108,56,10208,10,0,1,0,1,2,3,5,0,0,0,0,0,0
1048,Mathieu Flamini,1510,[2016],Crystal Palace,4,1,3,67,0,0,6,2,4,203,0,0,10,3,7,270,0,0,0,0,0,0,0,0,0,0,0,0,0,0
1049,Kenny Cunningham,1511,"[2002, 2003, 2004, 2005]",Birmingham City,67,67,0,5944,0,0,66,66,0,5870,0,0,133,133,0,11814,0,0,0,0,0,0,0,0,0,0,0,0,0,0
1050,Mario Melchiot,1512,"[2004, 2005]",Birmingham City,31,29,2,2372,1,0,26,26,0,2323,1,0,57,55,2,4695,2,0,0,0,0,0,1,1,0,0,0,0,0,0
1051,Mario Melchiot,1512,"[2007, 2008, 2009]",Wigan Athletic,46,45,1,3946,0,0,49,49,0,4288,0,0,95,94,1,8234,0,0,0,0,0,0,0,0,0,0,0,0,0,0
1052,Mario Melchiot,1512,"[2000, 2001, 2002, 2003]",Chelsea FC,63,54,9,5091,2,0,58,56,2,4869,2,0,121,110,11,9960,4,0,0,3,3,2,2,4,0,0,0,0,0,0
1053,Jamie Clapham,1513,"[2002, 2003, 2004, 2005]",Birmingham City,42,35,7,3203,1,0,41,34,7,3129,0,0,83,69,14,6332,1,0,0,0,0,1,0,1,0,0,0,0,0,0
1054,Jamie Clapham,1513,"[2000, 2001]",Ipswich Town,33,23,10,2175,2,0,32,25,7,2314,2,0,65,48,17,4489,4,0,0,0,0,0,0,0,0,0,0,0,0,0
1055,Jermaine Pennant,1514,"[2004, 2005]",Birmingham City,25,24,1,2042,2,0,25,23,2,2117,0,0,50,47,3,4159,2,0,0,0,0,1,0,1,0,0,0,0,0,0
1056,Jermaine Pennant,1514,[2003],Leeds United,14,14,0,1233,2,0,18,16,2,1373,0,0,32,30,2,2606,2,0,0,0,0,2,0,2,0,0,0,0,0,0
1057,Jermaine Pennant,1514,"[2006, 2007]",Liverpool FC,25,20,5,1716,2,0,27,14,13,1388,1,0,52,34,18,3104,3,0,0,0,0,1,1,2,0,0,0,0,0,0
1058,Jermaine Pennant,1514,"[2010, 2011, 2012, 2013]",Stoke City,37,28,9,2473,3,0,28,17,11,1506,1,0,65,45,20,3979,4,0,0,3,3,0,1,1,0,0,0,0,0,0
1059,Jermaine Pennant,1514,[2002],Arsenal FC,2,1,1,103,3,0,3,0,3,65,0,0,5,1,4,168,3,0,0,0,0,0,0,0,0,0,0,0,0,0
1060,Jermaine Pennant,1514,[2008],Portsmouth FC,6,5,1,382,0,0,7,4,3,383,0,0,13,9,4,765,0,0,0,0,0,0,0,0,0,0,0,0,0,0
1061,Darren Carter,1515,"[2002, 2003, 2004]",Birmingham City,15,8,7,742,1,0,16,7,9,664,1,0,31,15,16,1406,2,0,1,0,1,1,1,2,0,0,0,0,0,0
1062,Darren Carter,1515,[2005],West Bromwich Albion,11,6,5,598,1,0,8,5,3,504,0,0,19,11,8,1102,1,0,3,0,3,1,0,1,0,0,0,0,0,0
1063,Stephen Clemence,1516,"[2002, 2003, 2004, 2005]",Birmingham City,45,38,7,3144,4,0,42,35,7,3105,0,0,87,73,14,6249,4,0,0,0,0,3,0,3,0,0,0,0,0,0
1064,Stephen Clemence,1516,"[2000, 2001]",Tottenham Hotspur,17,15,2,1384,0,0,14,12,2,997,1,0,31,27,4,2381,1,0,0,0,0,0,0,0,0,0,0,0,0,0
1065,Mehdi Nafti,1517,"[2004, 2005, 2007]",Birmingham City,19,12,7,1127,0,0,18,15,3,1315,0,0,37,27,10,2442,0,0,0,0,0,0,0,0,0,0,0,0,0,0
1066,Walter Pandiani,1518,"[2004, 2005]",Birmingham City,15,10,5,905,5,0,16,10,6,857,1,0,31,20,11,1762,6,0,1,0,1,5,1,6,1,0,1,0,0,0
1067,Emile Heskey,1519,"[2004, 2005]",Birmingham City,35,35,0,2848,8,0,32,32,0,2772,6,0,67,67,0,5620,14,0,12,0,12,6,4,10,0,0,0,0,0,0
1068,Emile Heskey,1519,"[2008, 2009, 2010, 2011]",Aston Villa,42,26,16,2091,4,0,47,28,19,2368,5,0,89,54,35,4459,9,0,0,7,7,1,5,6,0,0,0,0,0,0
1069,Emile Heskey,1519,[2007],Blackburn Rovers,0,0,0,0,0,0,1,1,0,38,0,0,1,1,0,38,0,0,0,0,0,0,0,0,0,0,0,0,0,0
1070,Emile Heskey,1519,"[2000, 2002, 2003]",Liverpool FC,52,39,13,3412,14,0,46,36,10,3274,13,0,98,75,23,6686,27,0,7,6,13,6,8,14,0,0,0,0,0,0
1071,Emile Heskey,1519,[2001],West Ham United,1,1,0,90,0,0,0,0,0,0,0,0,1,1,0,90,0,0,0,0,0,0,0,0,0,0,0,0,0,0
1072,Emile Heskey,1519,[2006],Wigan Athletic,16,16,0,1326,6,0,18,17,1,1379,3,0,34,33,1,2705,9,0,3,0,3,5,3,8,0,0,0,0,0,0
1073,Olivier Tebily,1520,"[2002, 2003, 2004, 2005]",Birmingham City,35,24,11,2214,0,0,34,25,9,2038,0,0,69,49,20,4252,0,0,0,0,0,0,0,0,0,0,0,0,0,0
1074,Clinton Morrison,1521,"[2002, 2003, 2004, 2005]",Birmingham City,41,27,14,2454,6,0,43,28,15,2573,8,0,84,55,29,5027,14,0,0,4,4,4,6,10,0,0,0,0,0,0
1075,Jens Lehmann,1522,"[2003, 2004, 2005, 2006, 2007, 2010]",Arsenal FC,71,70,1,6321,0,0,74,74,0,6660,0,0,145,144,1,12981,0,0,0,0,0,0,0,0,0,0,0,0,0,0
1076,Ashley Cole,1523,"[2000, 2001, 2002, 2003, 2004, 2005]",Arsenal FC,73,71,2,6313,3,0,78,75,3,6701,5,0,151,146,5,13014,8,0,3,5,8,3,4,7,0,0,0,0,0,0
1077,Ashley Cole,1523,"[2006, 2007, 2008, 2009, 2010, 2011, 2012, 2013]",Chelsea FC,113,108,5,9639,5,0,114,111,3,9891,2,0,227,219,8,19530,7,0,3,0,3,2,0,2,0,0,0,0,0,0
1078,Patrick Vieira,1524,"[2000, 2001, 2002, 2003, 2004]",Arsenal FC,76,75,1,6501,13,0,71,69,2,6243,7,0,147,144,3,12744,20,0,9,4,13,9,5,14,0,0,0,0,0,0
1079,Patrick Vieira,1524,"[2009, 2010]",Manchester City,15,6,9,680,2,0,13,6,7,619,1,0,28,12,16,1299,3,0,1,0,1,1,0,1,0,0,0,0,0,0
1080,Freddie Ljungberg,1525,"[2000, 2001, 2002, 2003, 2004, 2005, 2006]",Arsenal FC,81,70,11,5776,16,0,90,83,7,6869,23,0,171,153,18,12645,39,0,4,3,7,11,15,26,0,0,0,0,0,0
1081,Freddie Ljungberg,1525,[2007],West Ham United,13,12,1,996,1,0,12,10,2,862,1,0,25,22,3,1858,2,0,0,0,0,1,1,2,0,0,0,0,0,0
1082,Cesc F√†bregas,1526,"[2004, 2005, 2006, 2007, 2008, 2009, 2010]",Arsenal FC,108,97,11,8474,22,0,99,88,11,7875,13,0,207,185,22,16349,35,0,6,2,8,9,7,16,2,1,3,0,0,0
1083,Cesc F√†bregas,1526,"[2014, 2015, 2016, 2017, 2018]",Chelsea FC,70,56,14,5063,9,0,68,49,19,4608,6,0,138,105,33,9671,15,0,4,9,13,8,4,12,2,0,2,0,0,0
1084,Dennis Bergkamp,1527,"[2000, 2001, 2002, 2003, 2004, 2005]",Arsenal FC,90,60,30,5533,14,0,75,51,24,4436,16,0,165,111,54,9969,30,0,6,7,13,8,11,19,0,0,0,0,0,0
1085,Robin van Persie,1528,"[2004, 2005, 2006, 2007, 2008, 2009, 2010, 2011]",Arsenal FC,96,69,27,6276,51,0,95,77,18,6811,45,0,191,146,45,13087,96,0,14,27,41,31,33,64,5,4,9,0,0,0
1086,Robin van Persie,1528,"[2012, 2013, 2014]",Manchester United,45,39,6,3525,26,0,41,39,2,3293,22,0,86,78,8,6818,48,0,7,17,24,16,15,31,2,4,6,0,0,0
1087,Edu,1529,"[2000, 2001, 2002, 2003, 2004]",Arsenal FC,39,21,18,2032,3,0,40,20,20,1927,4,0,79,41,38,3959,7,0,0,3,3,2,2,4,1,0,1,0,0,0
1088,J√©r√©mie Aliadi√©re,1530,"[2001, 2002, 2003, 2004, 2006]",Arsenal FC,15,2,13,269,1,0,13,5,8,483,0,0,28,7,21,752,1,0,0,0,0,0,0,0,0,0,0,0,0,0
1089,J√©r√©mie Aliadi√©re,1530,[2005],West Ham United,3,0,3,52,0,0,4,1,3,121,0,0,7,1,6,173,0,0,0,0,0,0,0,0,0,0,0,0,0,0
1090,J√©r√©mie Aliadi√©re,1530,"[2007, 2008]",Middlesbrough FC,31,28,3,2347,4,0,27,25,2,2092,3,0,58,53,5,4439,7,0,7,3,10,3,3,6,0,0,0,0,0,0
1091,Petr ƒåech,1531,"[2004, 2005, 2006, 2007, 2008, 2009, 2010, 2011, 2012, 2013, 2014]",Chelsea FC,163,162,1,14602,0,0,167,167,0,14875,0,0,330,329,1,29477,0,0,0,0,0,0,0,0,0,0,0,0,0,0
1092,Petr ƒåech,1531,"[2015, 2016, 2017, 2018]",Arsenal FC,55,55,0,4885,0,0,54,54,0,4808,0,0,109,109,0,9693,0,0,0,0,0,0,0,0,0,0,0,0,0,0
1093,Branislav Ivanoviƒá,1532,"[2008, 2009, 2010, 2011, 2012, 2013, 2014, 2015, 2016]",Chelsea FC,126,119,7,10644,10,0,133,119,14,10692,11,0,259,238,21,21336,21,0,6,12,18,7,7,14,0,0,0,0,0,0
1094,Gary Cahill,1533,"[2011, 2012, 2013, 2014, 2015, 2016, 2017, 2018]",Chelsea FC,100,91,9,8311,7,0,90,84,6,7714,6,0,190,175,15,16025,13,0,0,3,3,4,5,9,0,0,0,0,0,0
1095,Gary Cahill,1533,[2019],Crystal Palace,13,13,0,1088,0,0,12,12,0,1080,0,0,25,25,0,2168,0,0,0,0,0,0,0,0,0,0,0,0,0,0
1096,Gary Cahill,1533,"[2007, 2008, 2009, 2010]",Bolton Wanderers,53,53,0,4770,7,0,55,55,0,4929,4,0,108,108,0,9699,11,0,0,3,3,5,3,8,0,0,0,0,0,0
1097,Gary Cahill,1533,"[2005, 2006]",Aston Villa,14,14,0,1260,1,0,13,11,2,1062,0,0,27,25,2,2322,1,0,0,0,0,1,0,1,0,0,0,0,0,0
1098,John Terry,1534,"[2000, 2001, 2002, 2003, 2004, 2005, 2006, 2007, 2008, 2009, 2010, 2011, 2012, 2013, 2014, 2015, 2016]",Chelsea FC,247,237,10,20900,20,0,234,229,5,20462,21,0,481,466,15,41362,41,0,10,9,19,16,15,31,0,0,0,0,0,0
1099,Azpilicueta,1535,"[2012, 2013, 2014, 2015, 2016, 2017, 2018, 2019]",Chelsea FC,134,129,5,11525,5,0,136,134,2,12026,3,0,270,263,7,23551,8,0,0,0,0,5,2,7,0,0,0,0,0,0
1100,Frank Lampard,1536,"[2001, 2002, 2003, 2004, 2005, 2006, 2007, 2008, 2009, 2010, 2011, 2012, 2013]",Chelsea FC,215,200,15,17827,79,0,208,198,10,17672,68,0,423,398,25,35499,147,0,33,27,60,36,47,83,23,18,41,0,0,0
1101,Frank Lampard,1536,[2000],West Ham United,8,8,0,675,2,0,14,14,0,1250,5,0,22,22,0,1925,7,0,0,4,4,0,3,3,0,1,1,0,0,0
1102,Frank Lampard,1536,[2014],Manchester City,15,6,9,536,3,0,17,4,13,456,3,0,32,10,22,992,6,0,4,3,7,3,1,4,0,0,0,0,0,0
1103,Nemanja Matiƒá,1537,"[2009, 2013, 2014, 2015, 2016]",Chelsea FC,63,52,11,4772,1,0,60,56,4,4955,3,0,123,108,15,9727,4,0,0,0,0,0,1,1,0,0,0,0,0,0
1104,Nemanja Matiƒá,1537,"[2017, 2018, 2019]",Manchester United,39,39,0,3435,1,0,46,42,4,3708,1,0,85,81,4,7143,2,0,0,3,3,1,1,2,0,0,0,0,0,0
1105,Willian,1538,"[2013, 2014, 2015, 2016, 2017, 2018, 2019]",Chelsea FC,118,85,33,7619,17,0,116,83,33,7369,20,0,234,168,66,14988,37,0,9,2,11,8,9,17,3,2,5,0,0,0
1106,Fernando Torres,1539,"[2010, 2011, 2012, 2013, 2014]",Chelsea FC,53,32,21,3190,12,0,56,39,17,3638,8,0,109,71,38,6828,20,0,6,3,9,7,4,11,0,1,1,0,0,0
1107,Fernando Torres,1539,"[2007, 2008, 2009]",Liverpool FC,41,37,4,3226,40,0,38,32,6,2766,16,0,79,69,10,5992,56,0,13,13,26,22,13,35,0,0,0,0,0,0
1108,Andr√© Sch√ºrrle,1540,"[2013, 2014]",Chelsea FC,19,9,10,799,2,0,25,11,14,965,9,0,44,20,24,1764,11,0,0,0,0,1,6,7,0,0,0,0,0,0
1109,Andr√© Sch√ºrrle,1540,[2018],Fulham FC,12,11,1,829,3,0,12,10,2,823,3,0,24,21,3,1652,6,0,0,0,0,2,3,5,0,0,0,0,0,0
1110,Eden Hazard,1541,"[2012, 2013, 2014, 2015, 2016, 2017, 2018]",Chelsea FC,122,110,12,9722,53,0,122,111,11,9658,32,0,244,221,23,19380,85,0,18,10,28,28,22,50,13,4,17,0,0,0
1111,Tom√°≈° Kalas,1542,[2013],Chelsea FC,0,0,0,0,0,0,2,2,0,180,0,0,2,2,0,180,0,0,0,0,0,0,0,0,0,0,0,0,0,0
1112,Oscar,1543,"[2012, 2013, 2014, 2015, 2016]",Chelsea FC,68,58,10,4818,13,0,62,41,21,3854,8,0,130,99,31,8672,21,0,0,0,0,8,5,13,2,0,2,0,0,0
1113,Demba Ba,1544,"[2012, 2013]",Chelsea FC,16,8,8,784,5,0,17,8,9,746,2,0,33,16,17,1530,7,0,3,3,6,2,2,4,0,0,0,0,0,0
1114,Demba Ba,1544,[2011],Newcastle United,18,17,1,1430,8,0,16,15,1,1300,8,0,34,32,2,2730,16,0,0,1,1,6,4,10,0,2,2,0,0,0
1115,Demba Ba,1544,[2010],West Ham United,6,4,2,393,2,0,6,6,0,540,5,0,12,10,2,933,7,0,0,1,1,1,2,3,0,0,0,0,0,0
1116,Erik Pieters,1545,"[2013, 2014, 2015, 2016, 2017]",Stoke City,85,84,1,7378,1,0,84,79,5,7058,0,0,169,163,6,14436,1,0,3,0,3,1,0,1,0,0,0,0,0,0
1117,Erik Pieters,1545,[2019],Burnley FC,12,10,2,928,0,0,12,11,1,951,0,0,24,21,3,1879,0,0,0,0,0,0,0,0,0,0,0,0,0,0
1118,Marc Wilson,1546,"[2010, 2011, 2012, 2013, 2014, 2015]",Stoke City,70,60,10,5415,0,0,75,70,5,5877,1,0,145,130,15,11292,1,0,0,0,0,0,0,0,0,0,0,0,0,0
1119,Marc Wilson,1546,[2016],West Bromwich Albion,1,0,1,26,0,0,3,3,0,230,0,0,4,3,1,256,0,0,0,0,0,0,0,0,0,0,0,0,0,0
1120,Marc Wilson,1546,"[2008, 2009]",Portsmouth FC,14,14,0,1216,0,0,17,16,1,1377,0,0,31,30,1,2593,0,0,0,0,0,0,0,0,0,0,0,0,0,0
1121,Ryan Shawcross,1547,"[2008, 2009, 2010, 2011, 2012, 2013, 2014, 2015, 2016, 2017]",Stoke City,160,159,1,14188,9,0,157,156,1,13900,5,0,317,315,2,28088,14,0,7,1,8,7,1,8,0,0,0,0,0,0
1122,Geoff Cameron,1548,"[2012, 2013, 2014, 2015, 2016, 2017]",Stoke City,81,73,8,6572,0,0,86,75,11,6918,2,0,167,148,19,13490,2,0,0,0,0,0,1,1,0,0,0,0,0,0
1123,Glenn Whelan,1549,"[2008, 2009, 2010, 2011, 2012, 2013, 2014, 2015, 2016]",Stoke City,137,116,21,10269,2,0,140,119,21,10664,2,0,277,235,42,20933,4,0,0,4,4,1,2,3,0,0,0,0,0,0
1124,Steven N'Zonzi,1550,"[2012, 2013, 2014]",Stoke City,55,54,1,4863,4,0,54,53,1,4719,2,0,109,107,2,9582,6,0,0,0,0,1,1,2,0,0,0,0,0,0
1125,Steven N'Zonzi,1550,[2009],Wigan Athletic,1,1,0,90,0,0,0,0,0,0,0,0,1,1,0,90,0,0,0,0,0,0,0,0,0,0,0,0,0,0
1126,Steven N'Zonzi,1550,"[2010, 2011]",Blackburn Rovers,26,21,5,2028,1,0,27,23,4,2064,2,0,53,44,9,4092,3,0,0,0,0,0,1,1,0,0,0,0,0,0
1127,Peter Odemwingie,1551,"[2013, 2014, 2015]",Stoke City,14,7,7,735,4,0,13,9,4,874,2,0,27,16,11,1609,6,0,3,0,3,3,2,5,0,0,0,0,0,0
1128,Peter Odemwingie,1551,"[2010, 2011, 2012]",West Bromwich Albion,47,37,10,3437,18,0,40,30,10,2856,12,0,87,67,20,6293,30,0,10,9,19,11,9,20,1,2,3,0,0,0
1129,Marko Arnautoviƒá,1552,"[2013, 2014, 2015, 2016]",Stoke City,67,62,5,5441,13,0,58,50,8,4345,9,0,125,112,13,9786,22,0,3,7,10,7,6,13,1,3,4,0,0,0
1130,Marko Arnautoviƒá,1552,"[2017, 2018]",West Ham United,32,29,3,2454,13,0,28,24,4,2017,8,0,60,53,7,4471,21,0,4,0,4,6,5,11,1,0,1,0,0,0
1131,Andy Wilkinson,1553,"[2008, 2009, 2010, 2011, 2012, 2013, 2014]",Stoke City,60,53,7,4622,0,0,63,50,13,4488,0,0,123,103,20,9110,0,0,0,0,0,0,0,0,0,0,0,0,0,0
1132,Charlie Adam,1554,"[2013, 2014, 2015, 2016, 2017]",Stoke City,66,38,28,3508,11,0,51,31,20,2827,6,0,117,69,48,6335,17,0,7,4,11,10,6,16,1,2,3,0,0,0
1133,Charlie Adam,1554,"[2011, 2012]",Liverpool FC,13,13,0,1118,1,0,15,14,1,1120,1,0,28,27,1,2238,2,0,0,0,0,0,1,1,0,1,1,0,0,0
1134,Charlie Adam,1554,[2010],Blackpool FC,18,18,0,1618,5,0,17,16,1,1434,7,0,35,34,1,3052,12,0,3,0,3,3,6,9,3,4,7,0,0,0
1135,Jon Walters,1555,"[2010, 2011, 2012, 2013, 2014, 2015, 2016]",Stoke City,114,92,22,8150,30,0,112,97,15,8530,13,0,226,189,37,16680,43,0,13,1,14,19,9,28,6,5,11,0,0,0
1136,Jon Walters,1555,"[2017, 2018]",Burnley FC,1,0,1,12,0,0,2,0,2,24,0,0,3,0,3,36,0,0,0,0,0,0,0,0,0,0,0,0,0,0
1137,Jon Walters,1555,[2002],Bolton Wanderers,4,0,4,36,0,0,0,0,0,0,0,0,4,0,4,36,0,0,0,0,0,0,0,0,0,0,0,0,0,0
1138,Muniesa,1556,"[2013, 2014, 2015, 2016]",Stoke City,27,19,8,1923,1,0,30,21,9,2049,0,0,57,40,17,3972,1,0,0,0,0,0,0,0,0,0,0,0,0,0
1139,Matthew Etherington,1557,"[2009, 2010, 2011, 2012, 2013]",Stoke City,72,64,8,5348,8,0,66,55,11,4605,5,0,138,119,19,9953,13,0,4,3,7,4,4,8,2,1,3,0,0,0
1140,Matthew Etherington,1557,"[2005, 2006, 2007, 2008]",West Ham United,46,40,6,3492,2,0,43,38,5,3177,5,0,89,78,11,6669,7,0,0,0,0,0,0,0,0,0,0,0,0,0
1141,Matthew Etherington,1557,"[2000, 2001, 2002]",Tottenham Hotspur,21,11,10,1049,0,0,19,8,11,810,1,0,40,19,21,1859,1,0,0,0,0,0,1,1,0,0,0,0,0,0
1142,John Guidetti,1558,[2013],Stoke City,2,0,2,27,0,0,4,0,4,44,0,0,6,0,6,71,0,0,0,0,0,0,0,0,0,0,0,0,0,0
1143,John Guidetti,1558,[2010],Manchester City,0,0,0,0,0,0,0,0,0,0,0,0,0,0,0,0,0,0,0,0,0,0,0,0,0,0,0,0,0,0
1144,Antti Niemi,1559,"[2005, 2006, 2007]",Fulham FC,33,33,0,2941,0,0,27,27,0,2430,0,0,60,60,0,5371,0,0,0,0,0,0,0,0,0,0,0,0,0,0
1145,Antti Niemi,1559,"[2002, 2003, 2004]",Southampton FC,37,37,0,3326,0,0,41,41,0,3606,0,0,78,78,0,6932,0,0,0,0,0,0,0,0,0,0,0,0,0,0
1146,Paul Konchesky,1560,"[2007, 2008, 2009]",Fulham FC,45,45,0,4042,1,0,44,44,0,3897,1,0,89,89,0,7939,2,0,0,0,0,1,1,2,0,0,0,0,0,0
1147,Paul Konchesky,1560,"[2000, 2001, 2002, 2003, 2004]",Charlton Athletic,68,36,32,3473,4,0,63,41,22,3986,1,0,131,77,54,7459,5,0,0,0,0,2,0,2,0,0,0,0,0,0
1148,Paul Konchesky,1560,"[2005, 2006]",West Ham United,28,28,0,2520,1,0,29,29,0,2601,0,0,57,57,0,5121,1,0,0,0,0,0,0,0,0,0,0,0,0,0
1149,Paul Konchesky,1560,[2014],Leicester City,13,13,0,1153,1,0,13,13,0,1108,0,0,26,26,0,2261,1,0,3,0,3,1,0,1,0,0,0,0,0,0
1150,Paul Konchesky,1560,[2010],Liverpool FC,6,6,0,462,0,0,9,9,0,790,0,0,15,15,0,1252,0,0,0,0,0,0,0,0,0,0,0,0,0,0
1151,Aaron Hughes,1561,"[2007, 2008, 2009, 2010, 2011, 2012, 2013]",Fulham FC,93,91,2,8123,1,0,96,93,3,8493,0,0,189,184,5,16616,1,0,0,0,0,1,0,1,0,0,0,0,0,0
1152,Aaron Hughes,1561,"[2005, 2006]",Aston Villa,23,23,0,2070,0,0,29,25,4,2060,0,0,52,48,4,4130,0,0,0,0,0,0,0,0,0,0,0,0,0,0
1153,Aaron Hughes,1561,"[2000, 2001, 2002, 2003, 2004]",Newcastle United,77,74,3,6558,2,0,75,73,2,6536,0,0,152,147,5,13094,2,0,3,0,3,1,0,1,0,0,0,0,0,0
1154,Chris Baird,1562,"[2007, 2008, 2009, 2010, 2011, 2012]",Fulham FC,63,46,17,4339,1,0,62,53,9,4856,3,0,125,99,26,9195,4,0,3,0,3,1,2,3,0,0,0,0,0,0
1155,Chris Baird,1562,[2014],West Bromwich Albion,8,3,5,264,0,0,11,6,5,539,0,0,19,9,10,803,0,0,0,0,0,0,0,0,0,0,0,0,0,0
1156,Chris Baird,1562,"[2002, 2003]",Southampton FC,3,1,2,64,0,0,4,1,3,294,0,0,7,2,5,358,0,0,0,0,0,0,0,0,0,0,0,0,0,0
1157,Ki-hyeon Seol,1563,"[2007, 2008, 2009]",Fulham FC,8,3,5,280,0,0,10,3,7,272,1,0,18,6,12,552,1,0,0,0,0,0,1,1,0,0,0,0,0,0
1158,Ki-hyeon Seol,1563,[2006],Reading FC,15,13,2,1039,1,0,11,8,3,699,3,0,26,21,5,1738,4,0,0,3,3,1,2,3,0,0,0,0,0,0
1159,Diomansy Kamara,1564,"[2007, 2008, 2009, 2010]",Fulham FC,33,17,16,1664,6,0,26,15,11,1368,6,0,59,32,27,3032,12,0,1,6,7,4,4,8,0,0,0,0,0,0
1160,Diomansy Kamara,1564,[2004],Portsmouth FC,12,7,5,654,2,0,13,8,5,718,2,0,25,15,10,1372,4,0,0,0,0,2,2,4,0,0,0,0,0,0
1161,Diomansy Kamara,1564,[2005],West Bromwich Albion,12,11,1,895,1,0,14,10,4,895,0,0,26,21,5,1790,1,0,0,0,0,1,0,1,0,0,0,0,0,0
1162,Clint Dempsey,1565,"[2006, 2007, 2008, 2009, 2010, 2011, 2013]",Fulham FC,94,78,16,7215,32,0,90,79,11,7106,18,0,184,157,27,14321,50,0,10,6,16,18,12,30,1,1,2,0,0,0
1163,Clint Dempsey,1565,[2012],Tottenham Hotspur,15,13,2,1121,3,0,14,9,5,877,4,0,29,22,7,1998,7,0,1,0,1,2,2,4,0,0,0,0,0,0
1164,Hameur Bouazza,1566,[2007],Fulham FC,11,10,1,738,1,0,9,5,4,469,0,0,20,15,5,1207,1,0,0,0,0,1,0,1,0,0,0,0,0,0
1165,Hameur Bouazza,1566,[2006],Watford FC,15,12,3,1046,3,0,14,12,2,1039,2,0,29,24,5,2085,5,0,0,1,1,2,2,4,1,0,1,0,0,0
1166,David Healy,1567,[2007],Fulham FC,15,6,9,623,3,0,15,9,6,737,1,0,30,15,15,1360,4,0,0,0,0,1,1,2,0,0,0,0,0,0
1167,David Healy,1567,"[2008, 2009]",Sunderland AFC,6,0,6,94,1,0,7,0,7,82,0,0,13,0,13,176,1,0,0,0,0,0,0,0,0,0,0,0,0,0
1168,David Healy,1567,[2000],Manchester United,1,0,1,31,0,0,0,0,0,0,0,0,1,0,1,31,0,0,0,0,0,0,0,0,0,0,0,0,0,0
1169,Stephen Bywater,1568,[2007],Derby County,8,8,0,720,0,0,10,10,0,900,0,0,18,18,0,1620,0,0,0,0,0,0,0,0,0,0,0,0,0,0
1170,Stephen Bywater,1568,"[2000, 2005]",West Ham United,1,0,1,30,0,0,1,1,0,90,0,0,2,1,1,120,0,0,0,0,0,0,0,0,0,0,0,0,0,0
1171,Jay McEveley,1569,[2007],Derby County,13,9,4,915,2,0,16,12,4,1001,0,0,29,21,8,1916,2,0,0,0,0,2,0,2,0,0,0,0,0,0
1172,Jay McEveley,1569,"[2002, 2004, 2006]",Blackburn Rovers,6,6,0,459,0,0,12,11,1,844,0,0,18,17,1,1303,0,0,0,0,0,0,0,0,0,0,0,0,0,0
1173,Dean Leacock,1570,[2007],Derby County,12,10,2,896,0,0,14,12,2,1104,0,0,26,22,4,2000,0,0,0,0,0,0,0,0,0,0,0,0,0,0
1174,Dean Leacock,1570,"[2003, 2005]",Fulham FC,6,6,0,497,0,0,3,2,1,224,0,0,9,8,1,721,0,0,0,0,0,0,0,0,0,0,0,0,0,0
1175,Claude Davis,1571,[2007],Derby County,10,10,0,849,0,0,9,9,0,675,0,0,19,19,0,1524,0,0,0,0,0,0,0,0,0,0,0,0,0,0
1176,Claude Davis,1571,[2006],Sheffield United,10,7,3,650,0,0,11,11,0,904,0,0,21,18,3,1554,0,0,0,0,0,0,0,0,0,0,0,0,0,0
1177,Tyrone Mears,1572,[2007],Derby County,13,12,1,1081,0,0,12,10,2,914,1,0,25,22,3,1995,1,0,0,0,0,0,1,1,0,0,0,0,0,0
1178,Tyrone Mears,1572,[2009],Burnley FC,19,19,0,1710,0,0,19,19,0,1710,0,0,38,38,0,3420,0,0,0,0,0,0,0,0,0,0,0,0,0,0
1179,Tyrone Mears,1572,[2006],West Ham United,4,3,1,206,0,0,1,0,1,9,0,0,5,3,2,215,0,0,0,0,0,0,0,0,0,0,0,0,0,0
1180,Tyrone Mears,1572,[2011],Bolton Wanderers,0,0,0,0,0,0,1,1,0,90,0,0,1,1,0,90,0,0,0,0,0,0,0,0,0,0,0,0,0,0
1181,Matt Oakley,1573,[2007],Derby County,9,9,0,802,3,0,10,10,0,866,0,0,19,19,0,1668,3,0,0,0,0,3,0,3,0,0,0,0,0,0
1182,Matt Oakley,1573,"[2000, 2001, 2002, 2003, 2004]",Southampton FC,49,46,3,4053,3,0,53,51,2,4253,0,0,102,97,5,8306,3,0,0,0,0,3,0,3,0,0,0,0,0,0
1183,Eddie Lewis,1574,[2007],Derby County,13,13,0,1079,0,0,11,9,2,830,0,0,24,22,2,1909,0,0,0,0,0,0,0,0,0,0,0,0,0,0
1184,Eddie Lewis,1574,[2001],Fulham FC,0,0,0,0,0,0,1,1,0,90,0,0,1,1,0,90,0,0,0,0,0,0,0,0,0,0,0,0,0,0
1185,Stephen Pearson,1575,[2007],Derby County,11,11,0,919,0,0,13,12,1,1075,0,0,24,23,1,1994,0,0,0,0,0,0,0,0,0,0,0,0,0,0
1186,Craig Fagan,1576,[2007],Derby County,10,7,3,666,0,0,12,10,2,816,0,0,22,17,5,1482,0,0,0,0,0,0,0,0,0,0,0,0,0,0
1187,Craig Fagan,1576,"[2008, 2009]",Hull City,24,17,7,1521,3,0,23,18,5,1766,2,0,47,35,12,3287,5,0,0,1,1,2,1,3,1,0,1,0,0,0
1188,Craig Fagan,1576,[2002],Birmingham City,0,0,0,0,0,0,1,0,1,9,0,0,1,0,1,9,0,0,0,0,0,0,0,0,0,0,0,0,0,0
1189,Kenny Miller,1577,[2007],Derby County,15,14,1,1152,2,0,15,15,0,1340,2,0,30,29,1,2492,4,0,3,0,3,2,2,4,0,0,0,0,0,0
1190,Kenny Miller,1577,[2003],Wolverhampton Wanderers,11,9,2,712,2,0,14,8,6,713,0,0,25,17,8,1425,2,0,4,0,4,2,0,2,0,0,0,0,0,0
1191,Andy Griffin,1578,[2007],Derby County,6,6,0,468,0,0,9,7,2,681,0,0,15,13,2,1149,0,0,0,0,0,0,0,0,0,0,0,0,0,0
1192,Andy Griffin,1578,[2008],Stoke City,9,8,1,732,0,0,11,9,2,867,0,0,20,17,3,1599,0,0,0,0,0,0,0,0,0,0,0,0,0,0
1193,Andy Griffin,1578,"[2004, 2005]",Portsmouth FC,19,15,4,1442,0,0,25,23,2,1938,0,0,44,38,6,3380,0,0,0,0,0,0,0,0,0,0,0,0,0,0
1194,Andy Griffin,1578,"[2000, 2001, 2002, 2003]",Newcastle United,25,21,4,1929,1,0,25,19,6,1743,0,0,50,40,10,3672,1,0,0,0,0,1,0,1,0,0,0,0,0,0
1195,Steve Howard,1579,[2007],Derby County,10,6,4,655,0,0,10,8,2,736,1,0,20,14,6,1391,1,0,0,0,0,0,0,0,0,0,0,0,0,0
1196,Giles Barnes,1580,[2007],Derby County,10,8,2,738,0,0,11,6,5,642,1,0,21,14,7,1380,1,0,0,0,0,0,1,1,0,0,0,0,0,0
1197,Giles Barnes,1580,[2010],West Bromwich Albion,9,1,8,243,0,0,5,0,5,61,0,0,14,1,13,304,0,0,0,0,0,0,0,0,0,0,0,0,0,0
1198,Shay Given,1581,"[2015, 2016]",Stoke City,4,4,0,360,0,0,4,4,0,316,0,0,8,8,0,676,0,0,0,0,0,0,0,0,0,0,0,0,0,0
1199,Shay Given,1581,"[2000, 2001, 2002, 2003, 2004, 2005, 2006, 2007]",Newcastle United,129,129,0,11475,0,0,123,123,0,10985,0,0,252,252,0,22460,0,0,0,0,0,0,0,0,0,0,0,0,0,0
1200,Shay Given,1581,"[2011, 2012, 2014]",Aston Villa,19,19,0,1658,0,0,18,18,0,1620,0,0,37,37,0,3278,0,0,0,0,0,0,0,0,0,0,0,0,0,0
1201,Shay Given,1581,"[2008, 2009, 2010]",Manchester City,24,24,0,2160,0,0,25,25,0,2233,0,0,49,49,0,4393,0,0,0,0,0,0,0,0,0,0,0,0,0,0
1202,Philipp Wollscheid,1582,"[2014, 2015, 2016]",Stoke City,23,22,1,1951,0,0,22,22,0,1920,0,0,45,44,1,3871,0,0,0,0,0,0,0,0,0,0,0,0,0,0
1203,Giannelli Imbula,1583,"[2015, 2016]",Stoke City,13,12,1,1045,1,0,13,11,2,1011,1,0,26,23,3,2056,2,0,0,0,0,1,1,2,0,0,0,0,0,0
1204,Mame Diouf,1584,"[2014, 2015, 2016, 2017]",Stoke City,59,39,20,3540,16,0,63,46,17,4148,8,0,122,85,37,7688,24,0,9,5,14,9,7,16,0,0,0,0,0,0
1205,Mame Diouf,1584,"[2009, 2011]",Manchester United,3,0,3,53,1,0,2,0,2,37,0,0,5,0,5,90,1,0,0,0,0,0,0,0,0,0,0,0,0,0
1206,Mame Diouf,1584,[2010],Blackburn Rovers,15,9,6,858,1,0,11,8,3,750,2,0,26,17,9,1608,3,0,0,0,0,1,1,2,0,0,0,0,0,0
1207,Bojan,1585,"[2014, 2015, 2016, 2017]",Stoke City,25,22,3,1857,7,0,28,20,8,1608,7,0,53,42,11,3465,14,0,0,13,13,4,7,11,3,2,5,0,0,0
1208,Ramadan Sobhi,1586,"[2016, 2017]",Stoke City,18,8,10,811,1,0,22,12,10,1270,1,0,40,20,20,2081,2,0,0,1,1,0,1,1,0,0,0,0,0,0
1209,Ramadan Sobhi,1586,[2018],Huddersfield Town,1,0,1,30,0,0,3,0,3,45,0,0,4,0,4,75,0,0,0,0,0,0,0,0,0,0,0,0,0,0
1210,Jakob Haugaard,1587,"[2015, 2016, 2017]",Stoke City,2,2,0,180,0,0,3,2,1,224,0,0,5,4,1,404,0,0,0,0,0,0,0,0,0,0,0,0,0,0
1211,Willy Caballero,1588,"[2014, 2015, 2016]",Manchester City,12,10,2,951,0,0,11,11,0,990,0,0,23,21,2,1941,0,0,0,0,0,0,0,0,0,0,0,0,0,0
1212,Willy Caballero,1588,"[2017, 2018, 2019]",Chelsea FC,6,6,0,540,0,0,4,4,0,360,0,0,10,10,0,900,0,0,0,0,0,0,0,0,0,0,0,0,0,0
1213,Nolito,1589,[2016],Manchester City,8,4,4,364,1,0,11,5,6,418,3,0,19,9,10,782,4,0,1,0,1,1,0,1,0,0,0,0,0,0
1214,Kelechi Iheanacho,1590,"[2015, 2016]",Manchester City,24,7,17,720,6,0,22,5,17,558,6,0,46,12,34,1278,12,0,4,3,7,3,2,5,0,0,0,0,0,0
1215,Kelechi Iheanacho,1590,"[2017, 2018, 2019]",Leicester City,35,14,21,1308,4,0,36,14,22,1408,5,0,71,28,43,2716,9,0,3,0,3,4,1,5,0,0,0,0,0,0
1216,Pablo Maffeo,1591,"[2015, 2016]",Manchester City,0,0,0,0,0,0,0,0,0,0,0,0,0,0,0,0,0,0,0,0,0,0,0,0,0,0,0,0,0,0
1217,Fernando,1592,"[2014, 2015, 2016]",Manchester City,35,22,13,2092,2,0,29,22,7,2062,2,0,64,44,20,4154,4,0,0,0,0,1,2,3,0,0,0,0,0,0
1218,Joel Campbell,1593,"[2014, 2015]",Arsenal FC,12,6,6,473,2,0,11,5,6,453,1,0,23,11,12,926,3,0,0,0,0,2,0,2,0,0,0,0,0,0
1219,Gabriel Paulista,1594,"[2014, 2015, 2016]",Arsenal FC,25,20,5,2029,1,0,21,17,4,1640,0,0,46,37,9,3669,1,0,0,0,0,1,0,1,0,0,0,0,0,0
1220,Jeff Reine-Ad√©la√Øde,1595,"[2015, 2016]",Arsenal FC,0,0,0,0,0,0,0,0,0,0,0,0,0,0,0,0,0,0,0,0,0,0,0,0,0,0,0,0,0,0
1221,Bacary Sagna,1596,"[2014, 2015, 2016]",Manchester City,23,20,3,1889,0,0,31,29,2,2643,0,0,54,49,5,4532,0,0,0,0,0,0,0,0,0,0,0,0,0,0
1222,Bacary Sagna,1596,"[2007, 2008, 2009, 2010, 2011, 2012, 2013]",Arsenal FC,104,98,6,8609,2,0,106,105,1,9250,2,0,210,203,7,17859,4,0,0,0,0,0,2,2,0,0,0,0,0,0
1223,Wilfried Bony,1597,"[2014, 2015]",Manchester City,19,8,11,867,5,0,17,7,10,650,1,0,36,15,21,1517,6,0,0,0,0,2,0,2,0,0,0,0,0,0
1224,Wilfried Bony,1597,"[2013, 2017]",Swansea City,24,18,6,1647,11,0,25,17,8,1527,8,0,49,35,14,3174,19,0,3,3,6,4,7,11,2,2,4,0,0,0
1225,Wilfried Bony,1597,[2016],Stoke City,5,5,0,374,2,0,5,4,1,316,0,0,10,9,1,690,2,0,0,0,0,1,0,1,0,0,0,0,0,0
1226,Thomas Gaards√∏e,1598,"[2004, 2005]",West Bromwich Albion,17,16,1,1506,0,0,18,16,2,1267,0,0,35,32,3,2773,0,0,0,0,0,0,0,0,0,0,0,0,0,0
1227,Thomas Gaards√∏e,1598,[2001],Ipswich Town,3,2,1,189,1,0,1,1,0,90,0,0,4,3,1,279,1,0,0,0,0,0,0,0,0,0,0,0,0,0
1228,Martin Albrechtsen,1599,"[2004, 2005]",West Bromwich Albion,26,22,4,2089,0,0,28,23,5,2141,1,0,54,45,9,4230,1,0,0,3,3,0,1,1,0,0,0,0,0,0
1229,Ronnie Wallwork,1600,"[2002, 2004, 2005]",West Bromwich Albion,39,36,3,3230,1,0,38,36,2,3234,0,0,77,72,5,6464,1,0,0,0,0,0,0,0,0,0,0,0,0,0
1230,Ronnie Wallwork,1600,"[2000, 2001]",Manchester United,9,2,7,345,0,0,4,2,2,229,0,0,13,4,9,574,0,0,0,0,0,0,0,0,0,0,0,0,0,0
1231,Kevin Campbell,1601,"[2004, 2005]",West Bromwich Albion,22,17,5,1407,5,0,23,18,5,1443,1,0,45,35,10,2850,6,0,0,0,0,3,0,3,0,0,0,0,0,0
1232,Kevin Campbell,1601,"[2000, 2001, 2002, 2003]",Everton FC,53,42,11,3782,12,0,51,44,7,3957,12,0,104,86,18,7739,24,0,6,12,18,9,9,18,0,0,0,0,0,0
1233,Lauren,1602,"[2000, 2001, 2002, 2003, 2004, 2005]",Arsenal FC,76,73,3,6531,5,0,79,75,4,6726,2,0,155,148,7,13257,7,0,3,0,3,3,1,4,1,1,2,0,0,0
1234,Lauren,1602,"[2006, 2007]",Portsmouth FC,13,10,3,978,0,0,12,10,2,798,0,0,25,20,5,1776,0,0,0,0,0,0,0,0,0,0,0,0,0,0
1235,Robert Pir√©s,1603,"[2000, 2001, 2002, 2003, 2004, 2005]",Arsenal FC,97,85,12,7360,37,0,87,70,17,6213,25,0,184,155,29,13573,62,0,9,15,24,25,12,37,2,2,4,0,0,0
1236,Robert Pir√©s,1603,[2010],Aston Villa,5,2,3,171,0,0,4,0,4,78,0,0,9,2,7,249,0,0,0,0,0,0,0,0,0,0,0,0,0,0
1237,Reyes,1604,"[2003, 2004, 2005]",Arsenal FC,36,29,7,2388,7,0,32,23,9,1946,9,0,68,52,16,4334,16,0,3,7,10,2,5,7,0,0,0,0,0,0
1238,Matt Duke,1605,"[2008, 2009]",Hull City,11,11,0,990,0,0,10,10,0,900,0,0,21,21,0,1890,0,0,0,0,0,0,0,0,0,0,0,0,0,0
1239,Andy Dawson,1606,"[2008, 2009]",Hull City,30,30,0,2616,2,0,30,30,0,2493,0,0,60,60,0,5109,2,0,0,0,0,0,0,0,0,0,0,0,0,0
1240,Paul McShane,1607,"[2009, 2013, 2014]",Hull City,28,26,2,2167,0,0,29,28,1,2510,1,0,57,54,3,4677,1,0,0,0,0,0,0,0,0,0,0,0,0,0
1241,Paul McShane,1607,"[2007, 2008]",Sunderland AFC,13,9,4,888,0,0,11,11,0,942,0,0,24,20,4,1830,0,0,0,0,0,0,0,0,0,0,0,0,0,0
1242,Steven Mouyokolo,1608,[2009],Hull City,11,10,1,857,1,0,10,9,1,817,0,0,21,19,2,1674,1,0,0,0,0,1,0,1,0,0,0,0,0,0
1243,Steven Mouyokolo,1608,[2010],Wolverhampton Wanderers,2,1,1,92,0,0,2,1,1,67,0,0,4,2,2,159,0,0,0,0,0,0,0,0,0,0,0,0,0,0
1244,Ibrahima Sonko,1609,[2009],Hull City,5,5,0,450,0,0,4,4,0,360,0,0,9,9,0,810,0,0,0,0,0,0,0,0,0,0,0,0,0,0
1245,Ibrahima Sonko,1609,[2008],Stoke City,7,3,4,290,0,0,7,4,3,408,0,0,14,7,7,698,0,0,0,0,0,0,0,0,0,0,0,0,0,0
1246,Ibrahima Sonko,1609,"[2006, 2007]",Reading FC,20,19,1,1635,0,0,17,17,0,1513,1,0,37,36,1,3148,1,0,0,0,0,0,1,1,0,0,0,0,0,0
1247,Jimmy Bullard,1610,[2009],Hull City,7,7,0,581,3,0,7,6,1,473,1,0,14,13,1,1054,4,0,0,1,1,3,1,4,3,1,4,0,0,0
1248,Jimmy Bullard,1610,[2005],Wigan Athletic,18,18,0,1606,2,0,18,17,1,1530,2,0,36,35,1,3136,4,0,0,3,3,1,2,3,0,0,0,0,0,0
1249,Jimmy Bullard,1610,"[2006, 2007, 2008]",Fulham FC,17,16,1,1470,5,0,17,16,1,1325,1,0,34,32,2,2795,6,0,8,1,9,5,1,6,1,0,1,0,0,0
1250,Tom Cairney,1611,[2009],Hull City,6,5,1,474,0,0,5,5,0,424,1,0,11,10,1,898,1,0,0,0,0,0,1,1,0,0,0,0,0,0
1251,Tom Cairney,1611,[2018],Fulham FC,16,11,5,1107,1,0,15,13,2,1091,0,0,31,24,7,2198,1,0,0,0,0,1,0,1,0,0,0,0,0,0
1252,Jan Vennegoor of Hesselink,1612,[2009],Hull City,16,9,7,799,3,0,15,8,7,690,0,0,31,17,14,1489,3,0,3,0,3,3,0,3,0,0,0,0,0,0
1253,G√©ovanni,1613,"[2008, 2009]",Hull City,29,21,8,1910,5,0,31,27,4,2186,6,0,60,48,12,4096,11,0,1,3,4,3,4,7,0,1,1,0,0,0
1254,G√©ovanni,1613,[2007],Manchester City,10,1,9,236,1,0,9,1,8,163,2,0,19,2,17,399,3,0,3,0,3,1,1,2,0,0,0,0,0,0
1255,Seyi Olofinjana,1614,[2009],Hull City,11,6,5,581,1,0,8,5,3,551,0,0,19,11,8,1132,1,0,0,0,0,1,0,1,0,0,0,0,0,0
1256,Seyi Olofinjana,1614,[2008],Stoke City,8,6,2,555,2,0,10,8,2,674,0,0,18,14,4,1229,2,0,0,0,0,0,0,0,0,0,0,0,0,0
1257,Jozy Altidore,1615,[2009],Hull City,15,12,3,1031,1,0,13,4,9,479,0,0,28,16,12,1510,1,0,0,0,0,1,0,1,0,0,0,0,0,0
1258,Jozy Altidore,1615,"[2013, 2014]",Sunderland AFC,22,12,10,1226,1,0,20,9,11,855,0,0,42,21,21,2081,1,0,0,0,0,1,0,1,0,0,0,0,0,0
1259,Stephen Warnock,1616,"[2009, 2010, 2011]",Aston Villa,41,41,0,3588,1,0,42,41,1,3681,1,0,83,82,1,7269,2,0,0,0,0,1,0,1,0,0,0,0,0,0
1260,Stephen Warnock,1616,"[2006, 2007, 2008]",Blackburn Rovers,45,45,0,4014,2,0,38,38,0,3354,3,0,83,83,0,7368,5,0,0,1,1,0,3,3,0,0,0,0,0,0
1261,Stephen Warnock,1616,"[2004, 2005]",Liverpool FC,19,12,7,953,1,0,20,14,6,1126,0,0,39,26,13,2079,1,0,0,0,0,0,0,0,0,0,0,0,0,0
1262,Richard Dunne,1617,"[2009, 2010, 2011]",Aston Villa,47,47,0,4093,3,0,45,45,0,4011,1,0,92,92,0,8104,4,0,0,0,0,3,1,4,0,0,0,0,0,0
1263,Richard Dunne,1617,"[2000, 2002, 2003, 2004, 2005, 2006, 2007, 2008]",Manchester City,123,122,1,10675,5,0,116,114,2,10268,1,0,239,236,3,20943,6,0,3,0,3,3,1,4,0,0,0,0,0,0
1264,Richard Dunne,1617,[2014],Queens Park Rangers,13,12,1,1018,0,0,10,10,0,856,0,0,23,22,1,1874,0,0,0,0,0,0,0,0,0,0,0,0,0,0
1265,James Collins,1618,"[2009, 2010, 2011]",Aston Villa,44,43,1,3860,4,0,45,43,2,3961,1,0,89,86,3,7821,5,0,9,1,10,3,1,4,0,0,0,0,0,0
1266,James Collins,1618,"[2005, 2006, 2007, 2008, 2012, 2013, 2014, 2015, 2016, 2017]",West Ham United,92,84,8,7192,1,0,93,83,10,7367,5,0,185,167,18,14559,6,0,0,1,1,1,5,6,0,0,0,0,0,0
1267,Ashley Young,1619,"[2007, 2008, 2009, 2010]",Aston Villa,70,70,0,6240,13,0,66,66,0,5898,14,0,136,136,0,12138,27,0,2,6,8,9,10,19,2,3,5,0,0,0
1268,Ashley Young,1619,"[2011, 2012, 2013, 2014, 2015, 2016, 2017, 2018, 2019]",Manchester United,86,73,13,6468,8,0,106,83,23,7335,7,0,192,156,36,13803,15,0,0,3,3,2,2,4,0,0,0,0,0,0
1269,Ashley Young,1619,[2006],Watford FC,7,7,0,630,3,0,10,10,0,900,0,0,17,17,0,1530,3,0,1,0,1,1,0,1,0,0,0,0,0,0
1270,Stilian Petrov,1620,"[2006, 2007, 2008, 2009, 2010, 2011]",Aston Villa,89,83,6,7296,2,0,88,83,5,7313,7,0,177,166,11,14609,9,0,0,0,0,1,4,5,0,0,0,0,0,0
1271,John Carew,1621,"[2006, 2007, 2008, 2009]",Aston Villa,51,39,12,3608,22,0,50,43,7,3617,15,0,101,82,19,7225,37,0,15,3,18,12,13,25,2,0,2,0,0,0
1272,John Carew,1621,[2010],Stoke City,3,2,1,167,1,0,7,5,2,449,0,0,10,7,3,616,1,0,0,0,0,1,0,1,0,0,0,0,0,0
1273,Steven Sidwell,1622,"[2008, 2009]",Aston Villa,19,9,10,927,1,0,17,10,7,939,2,0,36,19,17,1866,3,0,0,0,0,1,1,2,0,0,0,0,0,0
1274,Steven Sidwell,1622,"[2010, 2011, 2012, 2013]",Fulham FC,48,42,6,3800,11,0,44,40,4,3649,3,0,92,82,10,7449,14,0,1,0,1,7,3,10,1,0,1,0,0,0
1275,Steven Sidwell,1622,[2006],Reading FC,17,17,0,1530,4,0,16,16,0,1383,0,0,33,33,0,2913,4,0,0,0,0,3,0,3,0,0,0,0,0,0
1276,Steven Sidwell,1622,[2017],Brighton & Hove Albion,0,0,0,0,0,0,0,0,0,0,0,0,0,0,0,0,0,0,0,0,0,0,0,0,0,0,0,0,0,0
1277,Steven Sidwell,1622,"[2014, 2015]",Stoke City,6,2,4,207,0,0,7,3,4,252,0,0,13,5,8,459,0,0,0,0,0,0,0,0,0,0,0,0,0,0
1278,Steven Sidwell,1622,[2007],Chelsea FC,8,3,5,231,0,0,7,4,3,286,0,0,15,7,8,517,0,0,0,0,0,0,0,0,0,0,0,0,0,0
1279,Nigel Winterburn,1623,"[2000, 2001, 2002]",West Ham United,35,35,0,2999,0,0,33,29,4,2623,1,0,68,64,4,5622,1,0,0,3,3,0,1,1,0,0,0,0,0,0
1280,Sebastien Schemmel,1624,"[2000, 2001, 2002]",West Ham United,27,24,3,2224,1,0,30,30,0,2511,0,0,57,54,3,4735,1,0,0,0,0,1,0,1,0,0,0,0,0,0
1281,Sebastien Schemmel,1624,[2003],Portsmouth FC,6,5,1,442,0,0,7,7,0,556,0,0,13,12,1,998,0,0,0,0,0,0,0,0,0,0,0,0,0,0
1282,Tom√°≈° ≈òepka,1625,"[2001, 2002, 2005]",West Ham United,39,39,0,3451,0,0,39,39,0,3285,0,0,78,78,0,6736,0,0,0,0,0,0,0,0,0,0,0,0,0,0
1283,Christian Dailly,1626,"[2000, 2001, 2002, 2005, 2006]",West Ham United,48,38,10,3543,0,0,55,41,14,4009,0,0,103,79,24,7552,0,0,0,0,0,0,0,0,0,0,0,0,0,0
1284,Michael Carrick,1627,"[2000, 2001, 2002]",West Ham United,36,35,1,3151,3,0,42,40,2,3637,1,0,78,75,3,6788,4,0,0,0,0,2,0,2,0,0,0,0,0,0
1285,Michael Carrick,1627,"[2006, 2007, 2008, 2009, 2010, 2011, 2012, 2013, 2014, 2015, 2016, 2017]",Manchester United,155,131,24,11485,13,0,159,134,25,12374,3,0,314,265,49,23859,16,0,0,3,3,4,2,6,0,0,0,0,0,0
1286,Michael Carrick,1627,"[2004, 2005]",Tottenham Hotspur,32,31,1,2818,2,0,31,29,2,2588,0,0,63,60,3,5406,2,0,3,0,3,1,0,1,0,0,0,0,0,0
1287,Trevor Sinclair,1628,"[2000, 2001, 2002]",West Ham United,38,37,1,3288,11,0,41,40,1,3537,6,0,79,77,2,6825,17,0,7,9,16,8,5,13,1,0,1,0,0,0
1288,Trevor Sinclair,1628,"[2003, 2004, 2005, 2006]",Manchester City,41,31,10,2790,3,0,40,33,7,2999,2,0,81,64,17,5789,5,0,0,0,0,1,1,2,0,0,0,0,0,0
1289,Steve Lomas,1629,"[2000, 2001, 2002]",West Ham United,27,25,2,2179,5,0,30,29,1,2570,0,0,57,54,3,4749,5,0,0,0,0,4,0,4,0,0,0,0,0,0
1290,Joe Cole,1630,"[2000, 2001, 2002, 2013]",West Ham United,50,43,7,3840,10,0,52,38,14,3656,2,0,102,81,21,7496,12,0,0,0,0,8,1,9,0,0,0,0,0,0
1291,Joe Cole,1630,"[2010, 2012]",Liverpool FC,13,4,9,461,2,0,13,5,8,557,1,0,26,9,17,1018,3,0,3,0,3,1,1,2,0,0,0,0,0,0
1292,Joe Cole,1630,"[2003, 2004, 2005, 2006, 2007, 2008, 2009]",Chelsea FC,94,66,28,5755,13,0,88,56,32,4848,15,0,182,122,60,10603,28,0,6,12,18,7,8,15,0,0,0,0,0,0
1293,Joe Cole,1630,"[2014, 2015]",Aston Villa,4,0,4,38,0,0,8,3,5,241,1,0,12,3,9,279,1,0,0,0,0,0,1,1,0,0,0,0,0,0
1294,Vladim√≠r Labant,1631,"[2001, 2002]",West Ham United,5,2,3,267,0,0,8,5,3,459,0,0,13,7,6,726,0,0,0,0,0,0,0,0,0,0,0,0,0,0
1295,Richard Garc√≠a,1632,[2001],West Ham United,4,0,4,24,0,0,4,2,2,161,0,0,8,2,6,185,0,0,0,0,0,0,0,0,0,0,0,0,0,0
1296,Richard Garc√≠a,1632,"[2008, 2009]",Hull City,23,15,8,1196,0,0,18,12,6,1068,1,0,41,27,14,2264,1,0,0,1,1,0,1,1,0,0,0,0,0,0
1297,Joachim Bj√∂rklund,1633,"[2001, 2002]",Sunderland AFC,14,13,1,1215,0,0,18,17,1,1369,0,0,32,30,2,2584,0,0,0,0,0,0,0,0,0,0,0,0,0,0
1298,Claudio Reyna,1634,"[2001, 2002]",Sunderland AFC,13,13,0,1087,3,0,15,15,0,1262,0,0,28,28,0,2349,3,0,6,0,6,3,0,3,0,0,0,0,0,0
1299,Claudio Reyna,1634,"[2003, 2004, 2005, 2006]",Manchester City,39,32,7,2717,2,0,35,34,1,2826,2,0,74,66,8,5543,4,0,0,0,0,1,2,3,0,0,0,0,0,0
1300,Paul Thirlwell,1635,"[2000, 2001, 2002]",Sunderland AFC,17,9,8,969,0,0,20,16,4,1367,0,0,37,25,12,2336,0,0,0,0,0,0,0,0,0,0,0,0,0,0
1301,Kevin Kyle,1636,"[2000, 2001, 2002, 2005]",Sunderland AFC,20,8,12,909,0,0,19,10,9,1035,1,0,39,18,21,1944,1,0,0,0,0,0,0,0,0,0,0,0,0,0
1302,Thomas Butler,1637,"[2000, 2001, 2002]",Sunderland AFC,8,4,4,451,0,0,10,5,5,551,0,0,18,9,9,1002,0,0,0,0,0,0,0,0,0,0,0,0,0,0
1303,De Gea,1638,"[2011, 2012, 2013, 2014, 2015, 2016, 2017, 2018, 2019]",Manchester United,156,156,0,14023,0,0,157,157,0,14130,0,0,313,313,0,28153,0,0,0,0,0,0,0,0,0,0,0,0,0,0
1304,Victor Lindel√∂f,1639,"[2017, 2018, 2019]",Manchester United,39,37,2,3362,2,0,44,41,3,3707,0,0,83,78,5,7069,2,0,1,0,1,2,0,2,0,0,0,0,0,0
1305,Chris Smalling,1640,"[2010, 2011, 2012, 2013, 2014, 2015, 2016, 2017, 2018]",Manchester United,95,84,11,7635,7,0,111,93,18,8649,5,0,206,177,29,16284,12,0,0,3,3,6,2,8,0,0,0,0,0,0
1306,Chris Smalling,1640,"[2008, 2009]",Fulham FC,5,3,2,284,0,0,7,5,2,508,0,0,12,8,4,792,0,0,0,0,0,0,0,0,0,0,0,0,0,0
1307,Antonio Valencia,1641,"[2009, 2010, 2011, 2012, 2013, 2014, 2015, 2016, 2017, 2018]",Manchester United,121,105,16,9614,9,0,120,99,21,9196,8,0,241,204,37,18810,17,0,0,0,0,3,5,8,0,0,0,0,0,0
1308,Antonio Valencia,1641,[2007],Blackburn Rovers,0,0,0,0,0,0,1,1,0,90,0,0,1,1,0,90,0,0,0,0,0,0,0,0,0,0,0,0,0,0
1309,Antonio Valencia,1641,"[2006, 2008]",Wigan Athletic,26,24,2,2025,3,0,26,23,3,2038,1,0,52,47,5,4063,4,0,0,0,0,1,0,1,0,0,0,0,0,0
1310,Paul Pogba,1642,"[2011, 2016, 2017, 2018, 2019]",Manchester United,58,51,7,4595,16,0,54,51,3,4552,9,0,112,102,10,9147,25,0,6,0,6,8,4,12,5,2,7,0,0,0
1311,Mata,1643,"[2013, 2014, 2015, 2016, 2017, 2018, 2019]",Manchester United,95,76,19,6599,18,0,85,65,20,5509,15,0,180,141,39,12108,33,0,9,4,13,7,11,18,1,1,2,0,0,0
1312,Mata,1643,"[2011, 2012]",Chelsea FC,35,29,6,2644,9,0,33,30,3,2552,8,0,68,59,9,5196,17,0,3,6,9,5,7,12,0,0,0,0,0,0
1313,Ander Herrera,1644,"[2014, 2015, 2016, 2017, 2018]",Manchester United,65,43,22,4077,7,0,68,50,18,4570,5,0,133,93,40,8647,12,0,0,1,1,2,2,4,1,0,1,0,0,0
1314,Romelu Lukaku,1645,"[2017, 2018]",Manchester United,34,28,6,2473,14,0,32,27,5,2526,14,0,66,55,11,4999,28,0,6,3,9,7,8,15,0,0,0,0,0,0
1315,Romelu Lukaku,1645,[2012],West Bromwich Albion,17,9,8,909,10,0,18,11,7,1094,7,0,35,20,15,2003,17,0,7,0,7,6,2,8,1,1,2,0,0,0
1316,Romelu Lukaku,1645,"[2013, 2014, 2015, 2016]",Everton FC,70,66,4,5881,40,0,71,67,4,5996,28,0,141,133,8,11877,68,0,8,13,21,20,15,35,1,3,4,0,0,0
1317,Romelu Lukaku,1645,[2011],Chelsea FC,3,1,2,79,0,0,5,0,5,78,0,0,8,1,7,157,0,0,0,0,0,0,0,0,0,0,0,0,0,0
1318,Jesse Lingard,1646,"[2011, 2012, 2013, 2014, 2015, 2016, 2017, 2018, 2019]",Manchester United,67,44,23,3851,6,0,67,43,24,3716,12,0,134,87,47,7567,18,0,5,0,5,5,2,7,0,1,1,0,0,0
1319,Anthony Martial,1647,"[2015, 2016, 2017, 2018, 2019]",Manchester United,71,53,18,4783,29,0,74,61,13,5253,22,0,145,114,31,10036,51,0,6,3,9,13,14,27,1,1,2,0,0,0
1320,Marcus Rashford,1648,"[2015, 2016, 2017, 2018, 2019]",Manchester United,72,57,15,5088,27,0,71,44,27,4315,17,0,143,101,42,9403,44,0,12,15,27,16,11,27,5,1,6,0,0,0
1321,Joel Pereira,1649,"[2016, 2017]",Manchester United,1,1,0,90,0,0,0,0,0,0,0,0,1,1,0,90,0,0,0,0,0,0,0,0,0,0,0,0,0,0
1322,Phil Jones,1650,"[2011, 2012, 2013, 2014, 2015, 2016, 2017, 2018, 2019]",Manchester United,77,68,9,5888,0,0,88,82,6,6988,2,0,165,150,15,12876,2,0,0,3,3,0,2,2,0,0,0,0,0,0
1323,Phil Jones,1650,"[2009, 2010]",Blackburn Rovers,19,16,3,1509,0,0,16,15,1,1351,0,0,35,31,4,2860,0,0,0,0,0,0,0,0,0,0,0,0,0,0
1324,Marcos Rojo,1651,"[2014, 2015, 2016, 2017, 2018, 2019]",Manchester United,42,36,6,3096,1,0,34,28,6,2558,0,0,76,64,12,5654,1,0,0,0,0,1,0,1,0,0,0,0,0,0
1325,Scott McTominay,1652,"[2016, 2017, 2018, 2019]",Manchester United,28,19,9,1693,2,0,31,19,12,1757,3,0,59,38,21,3450,5,0,0,0,0,1,3,4,0,0,0,0,0,0
1326,Ben Foster,1653,"[2011, 2012, 2013, 2014, 2015, 2016, 2017]",West Bromwich Albion,106,106,0,9506,0,0,103,103,0,9258,0,0,209,209,0,18764,0,0,0,0,0,0,0,0,0,0,0,0,0,0
1327,Ben Foster,1653,"[2007, 2008, 2009]",Manchester United,4,4,0,360,0,0,7,7,0,630,0,0,11,11,0,990,0,0,0,0,0,0,0,0,0,0,0,0,0,0
1328,Ben Foster,1653,"[2006, 2018, 2019]",Watford FC,50,50,0,4499,0,0,54,54,0,4816,0,0,104,104,0,9315,0,0,0,0,0,0,0,0,0,0,0,0,0,0
1329,Ben Foster,1653,[2010],Birmingham City,19,19,0,1710,0,0,19,19,0,1660,0,0,38,38,0,3370,0,0,0,0,0,0,0,0,0,0,0,0,0,0
1330,Allan Nyom,1654,"[2016, 2017]",West Bromwich Albion,31,26,5,2389,0,0,30,28,2,2557,0,0,61,54,7,4946,0,0,0,0,0,0,0,0,0,0,0,0,0,0
1331,Allan Nyom,1654,[2015],Watford FC,15,12,3,1060,0,0,17,17,0,1415,0,0,32,29,3,2475,0,0,0,0,0,0,0,0,0,0,0,0,0,0
1332,Craig Dawson,1655,"[2011, 2012, 2013, 2014, 2015, 2016, 2017]",West Bromwich Albion,74,73,1,6479,9,0,79,76,3,6867,3,0,153,149,4,13346,12,0,0,1,1,4,3,7,0,0,0,0,0,0
1333,Craig Dawson,1655,[2019],Watford FC,15,13,2,1188,2,0,14,13,1,1171,0,0,29,26,3,2359,2,0,1,0,1,2,0,2,0,0,0,0,0,0
1334,Ahmed Hegazy,1656,[2017],West Bromwich Albion,19,19,0,1710,2,0,19,19,0,1677,0,0,38,38,0,3387,2,0,3,0,3,2,0,2,0,0,0,0,0,0
1335,Jake Livermore,1657,[2017],West Bromwich Albion,17,14,3,1299,2,0,17,16,1,1376,0,0,34,30,4,2675,2,0,3,0,3,1,0,1,0,0,0,0,0,0
1336,Jake Livermore,1657,"[2013, 2014, 2016]",Hull City,47,46,1,3967,3,0,45,43,2,3844,2,0,92,89,3,7811,5,0,0,0,0,3,1,4,0,0,0,0,0,0
1337,Jake Livermore,1657,"[2009, 2010, 2011, 2012]",Tottenham Hotspur,19,6,13,727,0,0,17,5,12,547,0,0,36,11,25,1274,0,0,0,0,0,0,0,0,0,0,0,0,0,0
1338,Chris Brunt,1658,"[2008, 2010, 2011, 2012, 2013, 2014, 2015, 2016, 2017]",West Bromwich Albion,140,124,16,11010,15,0,129,113,16,10207,10,0,269,237,32,21217,25,0,7,1,8,9,6,15,2,1,3,0,0,0
1339,Salom√≥n Rond√≥n,1659,"[2015, 2016, 2017]",West Bromwich Albion,52,50,2,4250,14,0,56,44,12,3984,10,0,108,94,14,8234,24,0,5,13,18,8,9,17,0,0,0,0,0,0
1340,Salom√≥n Rond√≥n,1659,[2018],Newcastle United,16,15,1,1343,6,0,16,15,1,1266,5,0,32,30,2,2609,11,0,0,3,3,4,4,8,0,0,0,0,0,0
1341,Matt Phillips,1660,"[2016, 2017]",West Bromwich Albion,30,28,2,2350,3,0,27,21,6,1939,3,0,57,49,8,4289,6,0,0,6,6,1,3,4,0,0,0,0,0,0
1342,Matt Phillips,1660,[2010],Blackpool FC,16,5,11,615,1,0,11,1,10,414,0,0,27,6,21,1029,1,0,0,0,0,1,0,1,0,0,0,0,0,0
1343,Matt Phillips,1660,[2014],Queens Park Rangers,13,8,5,858,1,0,12,12,0,962,2,0,25,20,5,1820,3,0,0,0,0,1,1,2,0,0,0,0,0,0
1344,Claudio Yacob,1661,"[2012, 2013, 2014, 2015, 2016, 2017]",West Bromwich Albion,80,66,14,5892,1,0,80,70,10,6055,0,0,160,136,24,11947,1,0,0,0,0,1,0,1,0,0,0,0,0,0
1345,Grzegorz Krychowiak,1662,[2017],West Bromwich Albion,13,8,5,673,0,0,14,12,2,970,0,0,27,20,7,1643,0,0,0,0,0,0,0,0,0,0,0,0,0,0
1346,Boaz Myhill,1663,"[2010, 2012, 2013, 2014, 2015, 2016, 2017]",West Bromwich Albion,31,30,1,2734,0,0,32,32,0,2880,0,0,63,62,1,5614,0,0,0,0,0,0,0,0,0,0,0,0,0,0
1347,Boaz Myhill,1663,"[2008, 2009]",Hull City,27,27,0,2430,0,0,28,28,0,2520,0,0,55,55,0,4950,0,0,0,0,0,0,0,0,0,0,0,0,0,0
1348,Ali Gabr,1664,[2017],West Bromwich Albion,0,0,0,0,0,0,0,0,0,0,0,0,0,0,0,0,0,0,0,0,0,0,0,0,0,0,0,0,0,0
1349,Sam Field,1665,"[2015, 2016, 2017]",West Bromwich Albion,10,5,5,410,1,0,9,6,3,410,0,0,19,11,8,820,1,0,0,0,0,0,0,0,0,0,0,0,0,0
1350,Oliver Burke,1666,[2017],West Bromwich Albion,9,2,7,237,0,0,6,0,6,120,0,0,15,2,13,357,0,0,0,0,0,0,0,0,0,0,0,0,0,0
1351,Sa≈°a Iliƒá,1667,[2000],Charlton Athletic,6,6,0,540,0,0,7,7,0,630,0,0,13,13,0,1170,0,0,0,0,0,0,0,0,0,0,0,0,0,0
1352,Radostin Kishishev,1668,"[2000, 2001, 2002, 2003, 2004, 2005, 2006]",Charlton Athletic,86,72,14,6057,2,0,88,73,15,6241,0,0,174,145,29,12298,2,0,0,0,0,1,0,1,0,0,0,0,0,0
1353,Chris Powell,1669,"[2000, 2001, 2002, 2003, 2005]",Charlton Athletic,75,68,7,6156,0,0,70,65,5,5698,1,0,145,133,12,11854,1,0,0,3,3,0,1,1,0,0,0,0,0,0
1354,Chris Powell,1669,[2006],Watford FC,6,4,2,371,0,0,9,5,4,491,0,0,15,9,6,862,0,0,0,0,0,0,0,0,0,0,0,0,0,0
1355,Richard Rufus,1670,"[2000, 2001, 2002]",Charlton Athletic,36,35,1,3181,4,0,35,35,0,3095,1,0,71,70,1,6276,5,0,3,0,3,3,1,4,0,0,0,0,0,0
1356,Mark Fish,1671,"[2000, 2001, 2002, 2003, 2004]",Charlton Athletic,53,52,1,4405,1,0,47,47,0,3889,1,0,100,99,1,8294,2,0,0,0,0,1,1,2,0,0,0,0,0,0
1357,Andy Todd,1672,[2000],Charlton Athletic,13,10,3,941,1,0,10,9,1,808,0,0,23,19,4,1749,1,0,0,0,0,1,0,1,0,0,0,0,0,0
1358,Andy Todd,1672,"[2002, 2003, 2004, 2005, 2006]",Blackburn Rovers,41,36,5,3320,2,0,47,42,5,3830,2,0,88,78,10,7150,4,0,1,0,1,2,1,3,0,0,0,0,0,0
1359,Andy Todd,1672,[2007],Derby County,9,6,3,639,1,0,10,8,2,736,0,0,19,14,5,1375,1,0,1,0,1,1,0,1,0,0,0,0,0,0
1360,Andy Todd,1672,[2001],Sunderland AFC,1,0,1,6,0,0,0,0,0,0,0,0,1,0,1,6,0,0,0,0,0,0,0,0,0,0,0,0,0,0
1361,Graham Stuart,1673,"[2000, 2001, 2002, 2003, 2004]",Charlton Athletic,48,44,4,4012,6,0,49,45,4,3777,5,0,97,89,8,7789,11,0,0,6,6,2,4,6,1,1,2,0,0,0
1362,Claus Jensen,1674,"[2000, 2001, 2002, 2003]",Charlton Athletic,60,54,6,4790,5,0,59,55,4,4798,11,0,119,109,10,9588,16,0,0,0,0,2,3,5,1,0,1,0,0,0
1363,Claus Jensen,1674,"[2004, 2005, 2006]",Fulham FC,15,12,3,1087,3,0,19,18,1,1567,1,0,34,30,4,2654,4,0,3,0,3,2,1,3,0,0,0,0,0,0
1364,Shaun Bartlett,1675,"[2000, 2001, 2002, 2003, 2004, 2005]",Charlton Athletic,64,53,11,4323,12,0,56,39,17,3609,12,0,120,92,28,7932,24,0,0,15,15,8,9,17,0,0,0,0,0,0
1365,Jonatan Johansson,1676,"[2000, 2001, 2002, 2003, 2004, 2005]",Charlton Athletic,72,45,27,4293,21,0,71,42,29,3836,6,0,143,87,56,8129,27,0,9,1,10,14,5,19,0,0,0,0,0,0
1366,Mark Kinsella,1677,"[2000, 2001]",Charlton Athletic,24,20,4,1844,2,0,23,19,4,1743,0,0,47,39,8,3587,2,0,0,0,0,1,0,1,0,0,0,0,0,0
1367,Mark Kinsella,1677,"[2002, 2003]",Aston Villa,11,8,3,681,0,0,10,9,1,804,0,0,21,17,4,1485,0,0,0,0,0,0,0,0,0,0,0,0,0,0
1368,John Robinson,1678,"[2000, 2001, 2002]",Charlton Athletic,35,25,10,2332,3,0,33,21,12,1813,0,0,68,46,22,4145,3,0,1,0,1,1,0,1,0,0,0,0,0,0
1369,Dedryck Boyata,1679,"[2009, 2010, 2013, 2014]",Manchester City,7,4,3,341,0,0,6,4,2,362,0,0,13,8,5,703,0,0,0,0,0,0,0,0,0,0,0,0,0,0
1370,Dedryck Boyata,1679,[2011],Bolton Wanderers,8,8,0,683,1,0,6,5,1,440,0,0,14,13,1,1123,1,0,0,0,0,0,0,0,0,0,0,0,0,0
1371,Nigel de Jong,1680,"[2008, 2009, 2010, 2011, 2012]",Manchester City,52,45,7,3961,1,0,51,42,9,3709,0,0,103,87,16,7670,1,0,0,0,0,1,0,1,0,0,0,0,0,0
1372,Mario Balotelli,1681,"[2010, 2011, 2012]",Manchester City,28,16,12,1485,13,0,26,17,9,1562,7,0,54,33,21,3047,20,0,3,0,3,8,4,12,5,0,5,0,0,0
1373,Mario Balotelli,1681,[2014],Liverpool FC,8,4,4,401,1,0,8,6,2,538,0,0,16,10,6,939,1,0,3,0,3,1,0,1,0,0,0,0,0,0
1374,Ryan McGivern,1682,[2010],Manchester City,1,0,1,20,0,0,0,0,0,0,0,0,1,0,1,20,0,0,0,0,0,0,0,0,0,0,0,0,0,0
1375,Shaun Wright-Phillips,1683,"[2000, 2002, 2003, 2004, 2008, 2009, 2010]",Manchester City,93,75,18,6903,17,0,75,60,15,5564,10,0,168,135,33,12467,27,0,1,1,2,5,6,11,0,0,0,0,0,0
1376,Shaun Wright-Phillips,1683,"[2011, 2012, 2014]",Queens Park Rangers,27,20,7,1712,0,0,29,19,10,1875,1,0,56,39,17,3587,1,0,0,3,3,0,1,1,0,0,0,0,0,0
1377,Shaun Wright-Phillips,1683,"[2005, 2006, 2007]",Chelsea FC,41,24,17,2104,1,0,40,19,21,1823,3,0,81,43,38,3927,4,0,0,0,0,0,2,2,0,0,0,0,0,0
1378,Stuart Taylor,1684,"[2010, 2011]",Manchester City,0,0,0,0,0,0,0,0,0,0,0,0,0,0,0,0,0,0,0,0,0,0,0,0,0,0,0,0,0,0
1379,Stuart Taylor,1684,[2012],Reading FC,1,1,0,90,0,0,3,3,0,270,0,0,4,4,0,360,0,0,0,0,0,0,0,0,0,0,0,0,0,0
1380,Stuart Taylor,1684,"[2001, 2002, 2004]",Arsenal FC,10,9,1,816,0,0,7,7,0,630,0,0,17,16,1,1446,0,0,0,0,0,0,0,0,0,0,0,0,0,0
1381,Stuart Taylor,1684,"[2005, 2006, 2007]",Aston Villa,5,3,2,314,0,0,7,6,1,584,0,0,12,9,3,898,0,0,0,0,0,0,0,0,0,0,0,0,0,0
1382,Stuart Taylor,1684,"[2016, 2017]",Southampton FC,0,0,0,0,0,0,0,0,0,0,0,0,0,0,0,0,0,0,0,0,0,0,0,0,0,0,0,0,0,0
1383,John Mensah,1685,"[2009, 2010]",Sunderland AFC,21,18,3,1304,0,0,13,11,2,975,1,0,34,29,5,2279,1,0,0,0,0,0,0,0,0,0,0,0,0,0
1384,Anton Ferdinand,1686,"[2008, 2009, 2010]",Sunderland AFC,40,33,7,3242,0,0,42,40,2,3422,0,0,82,73,9,6664,0,0,0,0,0,0,0,0,0,0,0,0,0,0
1385,Anton Ferdinand,1686,"[2005, 2006, 2007]",West Ham United,45,43,2,3781,3,0,42,40,2,3552,1,0,87,83,4,7333,4,0,3,1,4,3,1,4,0,0,0,0,0,0
1386,Anton Ferdinand,1686,"[2011, 2012]",Queens Park Rangers,23,21,2,1898,0,0,21,20,1,1767,0,0,44,41,3,3665,0,0,0,0,0,0,0,0,0,0,0,0,0,0
1387,Lee Cattermole,1687,"[2009, 2010, 2011, 2012, 2013, 2014, 2015, 2016]",Sunderland AFC,86,79,7,6638,0,0,83,77,6,6567,2,0,169,156,13,13205,2,0,0,0,0,0,2,2,0,0,0,0,0,0
1388,Lee Cattermole,1687,"[2005, 2006, 2007]",Middlesbrough FC,33,17,16,1662,0,0,35,25,10,2263,3,0,68,42,26,3925,3,0,0,6,6,0,3,3,0,0,0,0,0,0
1389,Lee Cattermole,1687,[2008],Wigan Athletic,16,16,0,1394,1,0,16,16,0,1383,0,0,32,32,0,2777,1,0,0,0,0,0,0,0,0,0,0,0,0,0
1390,Sulley Ali Muntari,1688,[2010],Sunderland AFC,4,3,1,201,0,0,5,4,1,336,0,0,9,7,2,537,0,0,0,0,0,0,0,0,0,0,0,0,0,0
1391,Sulley Ali Muntari,1688,[2007],Portsmouth FC,14,12,2,1068,1,0,14,14,0,1231,3,0,28,26,2,2299,4,0,0,0,0,0,1,1,1,0,1,0,0,0
1392,Asamoah Gyan,1689,"[2010, 2011]",Sunderland AFC,15,11,4,991,6,0,19,12,7,1241,4,0,34,23,11,2232,10,0,1,1,2,4,3,7,0,0,0,0,0,0
1393,Ahmed Elmohamady,1690,"[2010, 2011, 2012]",Sunderland AFC,29,18,11,1799,1,0,27,15,12,1451,0,0,56,33,23,3250,1,0,1,0,1,1,0,1,0,0,0,0,0,0
1394,Ahmed Elmohamady,1690,"[2013, 2014, 2016]",Hull City,54,52,2,4671,3,0,55,52,3,4660,1,0,109,104,5,9331,4,0,0,0,0,2,1,3,0,0,0,0,0,0
1395,Ahmed Elmohamady,1690,[2019],Aston Villa,11,6,5,568,0,0,7,5,2,458,1,0,18,11,7,1026,1,0,0,1,1,0,1,1,0,0,0,0,0,0
1396,Craig Gordon,1691,"[2007, 2008, 2009, 2010, 2011]",Sunderland AFC,45,45,0,4050,0,0,42,42,0,3757,0,0,87,87,0,7807,0,0,0,0,0,0,0,0,0,0,0,0,0,0
1397,Blair Adams,1692,[2010],Sunderland AFC,0,0,0,0,0,0,0,0,0,0,0,0,0,0,0,0,0,0,0,0,0,0,0,0,0,0,0,0,0,0
1398,Craig Lynch,1693,"[2010, 2011]",Sunderland AFC,2,0,2,28,0,0,0,0,0,0,0,0,2,0,2,28,0,0,0,0,0,0,0,0,0,0,0,0,0,0
1399,Jack Wilshere,1694,"[2008, 2010, 2012, 2013, 2014, 2015, 2017]",Arsenal FC,61,52,9,4357,4,0,61,40,21,3807,3,0,122,92,30,8164,7,0,0,1,1,3,2,5,0,0,0,0,0,0
1400,Jack Wilshere,1694,[2009],Bolton Wanderers,6,6,0,499,0,0,8,7,1,592,1,0,14,13,1,1091,1,0,0,0,0,0,0,0,0,0,0,0,0,0
1401,Jack Wilshere,1694,[2016],AFC Bournemouth,14,11,3,967,0,0,13,11,2,945,0,0,27,22,5,1912,0,0,0,0,0,0,0,0,0,0,0,0,0,0
1402,Jack Wilshere,1694,"[2018, 2019]",West Ham United,8,3,5,291,0,0,8,3,5,309,0,0,16,6,10,600,0,0,0,0,0,0,0,0,0,0,0,0,0,0
1403,Neil Taylor,1695,"[2011, 2012, 2013, 2014, 2015, 2016]",Swansea City,66,60,6,5368,0,0,65,63,2,5452,0,0,131,123,8,10820,0,0,0,0,0,0,0,0,0,0,0,0,0,0
1404,Neil Taylor,1695,[2019],Aston Villa,8,6,2,594,0,0,6,5,1,495,0,0,14,11,3,1089,0,0,0,0,0,0,0,0,0,0,0,0,0,0
1405,√Ängel Rangel,1696,"[2011, 2012, 2013, 2014, 2015, 2016, 2017]",Swansea City,85,76,9,6811,2,0,84,67,17,6286,2,0,169,143,26,13097,4,0,0,3,3,1,2,3,0,0,0,0,0,0
1406,Federico Fern√°ndez,1697,"[2014, 2015, 2016, 2017]",Swansea City,54,54,0,4860,1,0,63,62,1,5601,1,0,117,116,1,10461,2,0,3,1,4,1,1,2,0,0,0,0,0,0
1407,Federico Fern√°ndez,1697,"[2018, 2019]",Newcastle United,24,22,2,1962,1,0,27,24,3,2140,1,0,51,46,5,4102,2,0,3,0,3,1,0,1,0,0,0,0,0,0
1408,Sung-yueng Ki,1698,"[2012, 2014, 2015, 2016, 2017]",Swansea City,70,50,20,4907,8,0,68,55,13,4829,4,0,138,105,33,9736,12,0,7,3,10,7,3,10,0,0,0,0,0,0
1409,Sung-yueng Ki,1698,"[2018, 2019]",Newcastle United,11,9,2,841,0,0,10,6,4,597,0,0,21,15,6,1438,0,0,0,0,0,0,0,0,0,0,0,0,0,0
1410,Sung-yueng Ki,1698,[2013],Sunderland AFC,15,14,1,1233,0,0,12,11,1,952,3,0,27,25,2,2185,3,0,0,3,3,0,1,1,0,1,1,0,0,0
1411,Jonjo Shelvey,1699,"[2013, 2014, 2015]",Swansea City,39,34,5,2985,6,0,40,37,3,3186,4,0,79,71,8,6171,10,0,2,6,8,5,2,7,2,0,2,0,0,0
1412,Jonjo Shelvey,1699,"[2010, 2011, 2012]",Liverpool FC,26,8,18,913,1,0,21,9,12,1105,0,0,47,17,30,2018,1,0,0,0,0,0,0,0,0,0,0,0,0,0
1413,Jonjo Shelvey,1699,"[2017, 2018, 2019]",Newcastle United,40,33,7,2930,3,0,32,27,5,2447,5,0,72,60,12,5377,8,0,2,0,2,3,2,5,0,0,0,0,0,0
1414,Jefferson Montero,1700,"[2014, 2015, 2016]",Swansea City,31,17,14,1709,1,0,35,14,21,1627,0,0,66,31,35,3336,1,0,0,0,0,1,0,1,0,0,0,0,0,0
1415,Jack Cork,1701,"[2014, 2015, 2016]",Swansea City,38,32,6,2873,1,0,42,36,6,3229,1,0,80,68,12,6102,2,0,0,0,0,0,0,0,0,0,0,0,0,0
1416,Jack Cork,1701,"[2009, 2017, 2018, 2019]",Burnley FC,58,56,2,5046,3,0,58,57,1,5077,1,0,116,113,3,10123,4,0,0,3,3,3,1,4,0,0,0,0,0,0
1417,Jack Cork,1701,"[2012, 2013]",Southampton FC,28,25,3,2111,0,0,28,24,4,2057,0,0,56,49,7,4168,0,0,0,0,0,0,0,0,0,0,0,0,0,0
1418,Nathan Dyer,1702,"[2011, 2012, 2013, 2014, 2015, 2016, 2017]",Swansea City,84,59,25,5238,10,0,79,56,23,4664,7,0,163,115,48,9902,17,0,3,1,4,5,4,9,0,0,0,0,0,0
1419,Jazz Richards,1703,"[2011, 2012, 2013, 2014]",Swansea City,8,6,2,579,0,0,10,7,3,632,0,0,18,13,5,1211,0,0,0,0,0,0,0,0,0,0,0,0,0,0
1420,Jazz Richards,1703,[2018],Cardiff City,2,0,2,52,0,0,2,0,2,76,0,0,4,0,4,128,0,0,0,0,0,0,0,0,0,0,0,0,0,0
1421,Baf√©timbi Gomis,1704,"[2014, 2015]",Swansea City,31,17,14,1601,7,0,33,19,14,1736,6,0,64,36,28,3337,13,0,9,7,16,5,5,10,0,1,1,0,0,0
1422,Modou Barrow,1705,"[2014, 2015, 2016]",Swansea City,30,8,22,1127,0,0,21,11,10,1081,1,0,51,19,32,2208,1,0,0,0,0,0,1,1,0,0,0,0,0,0
1423,Gerhard Tremmel,1706,"[2011, 2012, 2013, 2014, 2015, 2016]",Swansea City,11,11,0,990,0,0,18,15,3,1400,0,0,29,26,3,2390,0,0,0,0,0,0,0,0,0,0,0,0,0,0
1424,Leon Britton,1707,"[2011, 2012, 2013, 2014, 2015, 2016, 2017]",Swansea City,80,72,8,6091,0,0,69,62,7,5029,0,0,149,134,15,11120,0,0,0,0,0,0,0,0,0,0,0,0,0,0
1425,Matt Grimes,1708,"[2014, 2015]",Swansea City,1,0,1,1,0,0,3,1,2,131,0,0,4,1,3,132,0,0,0,0,0,0,0,0,0,0,0,0,0,0
1426,Marvin Emnes,1709,"[2013, 2014, 2015]",Swansea City,14,2,12,369,0,0,12,4,8,338,1,0,26,6,20,707,1,0,0,0,0,0,0,0,0,0,0,0,0,0
1427,Marvin Emnes,1709,[2008],Middlesbrough FC,7,1,6,157,0,0,8,2,6,224,0,0,15,3,12,381,0,0,0,0,0,0,0,0,0,0,0,0,0,0
1428,Jussi J√§√§skel√§inen,1710,"[2001, 2002, 2003, 2004, 2005, 2006, 2007, 2008, 2009, 2010, 2011]",Bolton Wanderers,190,190,0,17100,0,0,186,186,0,16740,0,0,376,376,0,33840,0,0,0,0,0,0,0,0,0,0,0,0,0,0
1429,Jussi J√§√§skel√§inen,1710,"[2012, 2013, 2014]",West Ham United,28,28,0,2520,0,0,29,28,1,2547,0,0,57,56,1,5067,0,0,0,0,0,0,0,0,0,0,0,0,0,0
1430,Nicky Hunt,1711,"[2003, 2004, 2005, 2006, 2007]",Bolton Wanderers,65,56,9,4968,1,0,61,56,5,4903,0,0,126,112,14,9871,1,0,0,0,0,1,0,1,0,0,0,0,0,0
1431,Abdoulaye M√©√Øt√©,1712,"[2006, 2007]",Bolton Wanderers,28,28,0,2520,0,0,28,28,0,2409,0,0,56,56,0,4929,0,0,0,0,0,0,0,0,0,0,0,0,0,0
1432,Abdoulaye M√©√Øt√©,1712,"[2008, 2010]",West Bromwich Albion,11,11,0,924,0,0,17,17,0,1379,0,0,28,28,0,2303,0,0,0,0,0,0,0,0,0,0,0,0,0,0
1433,Iv√°n Campo,1713,"[2002, 2003, 2004, 2005, 2006, 2007]",Bolton Wanderers,83,77,6,6739,8,0,86,70,16,6414,5,0,169,147,22,13153,13,0,1,3,4,5,2,7,0,0,0,0,0,0
1434,Abdoulaye Faye,1714,"[2005, 2006]",Bolton Wanderers,28,26,2,2353,3,0,31,26,5,2173,0,0,59,52,7,4526,3,0,0,0,0,3,0,3,0,0,0,0,0,0
1435,Abdoulaye Faye,1714,"[2008, 2009, 2010]",Stoke City,40,39,1,3456,3,0,38,36,2,3022,3,0,78,75,3,6478,6,0,0,1,1,2,2,4,0,0,0,0,0,0
1436,Abdoulaye Faye,1714,[2013],Hull City,2,2,0,180,0,0,1,1,0,90,0,0,3,3,0,270,0,0,0,0,0,0,0,0,0,0,0,0,0,0
1437,Abdoulaye Faye,1714,[2007],Newcastle United,10,10,0,874,1,0,12,10,2,780,0,0,22,20,2,1654,1,0,0,0,0,0,0,0,0,0,0,0,0,0
1438,Tal Ben Haim,1715,"[2004, 2005, 2006]",Bolton Wanderers,46,42,4,3809,1,0,39,36,3,3198,0,0,85,78,7,7007,1,0,0,0,0,1,0,1,0,0,0,0,0,0
1439,Tal Ben Haim,1715,[2008],Sunderland AFC,2,2,0,167,0,0,3,3,0,270,0,0,5,5,0,437,0,0,0,0,0,0,0,0,0,0,0,0,0,0
1440,Tal Ben Haim,1715,[2012],Queens Park Rangers,3,2,1,196,0,0,0,0,0,0,0,0,3,2,1,196,0,0,0,0,0,0,0,0,0,0,0,0,0,0
1441,Tal Ben Haim,1715,[2009],Portsmouth FC,10,10,0,900,0,0,12,11,1,1014,0,0,22,21,1,1914,0,0,0,0,0,0,0,0,0,0,0,0,0,0
1442,Tal Ben Haim,1715,[2007],Chelsea FC,6,4,2,424,0,0,7,6,1,591,0,0,13,10,3,1015,0,0,0,0,0,0,0,0,0,0,0,0,0,0
1443,Tal Ben Haim,1715,[2010],West Ham United,3,3,0,270,0,0,5,5,0,443,0,0,8,8,0,713,0,0,0,0,0,0,0,0,0,0,0,0,0,0
1444,Gary Speed,1716,"[2004, 2005, 2006, 2007]",Bolton Wanderers,62,57,5,4979,6,0,57,57,0,4933,8,0,119,114,5,9912,14,0,3,7,10,5,4,9,2,5,7,0,0,0
1445,Gary Speed,1716,"[2000, 2001, 2002, 2003]",Newcastle United,61,59,2,5207,10,0,57,56,1,4930,5,0,118,115,3,10137,15,0,3,1,4,8,3,11,0,0,0,0,0,0
1446,Stylianos Giannakopoulos,1717,"[2003, 2004, 2005, 2006, 2007]",Bolton Wanderers,68,42,26,3758,11,0,68,43,25,3841,9,0,136,85,51,7599,20,0,12,0,12,7,5,12,0,0,0,0,0,0
1447,Stylianos Giannakopoulos,1717,[2008],Hull City,1,0,1,22,0,0,1,0,1,8,0,0,2,0,2,30,0,0,0,0,0,0,0,0,0,0,0,0,0,0
1448,Kevin Davies,1718,"[2003, 2004, 2005, 2006, 2007, 2008, 2009, 2010, 2011]",Bolton Wanderers,159,151,8,13114,41,0,152,145,7,12801,26,0,311,296,15,25915,67,0,23,10,33,26,19,45,5,1,6,0,0,0
1449,Kevin Davies,1718,"[2000, 2001, 2002]",Southampton FC,22,14,8,1206,3,0,34,24,10,2122,1,0,56,38,18,3328,4,0,1,1,2,2,1,3,0,0,0,0,0,0
1450,El-Hadji Diouf,1719,"[2004, 2005, 2006, 2007]",Bolton Wanderers,55,50,5,4351,10,0,55,48,7,4102,11,0,110,98,12,8453,21,0,1,12,13,9,10,19,1,1,2,0,0,0
1451,El-Hadji Diouf,1719,"[2002, 2003]",Liverpool FC,29,20,9,1717,3,0,25,20,5,1780,0,0,54,40,14,3497,3,0,0,0,0,2,0,2,0,0,0,0,0,0
1452,El-Hadji Diouf,1719,"[2008, 2009, 2010]",Blackburn Rovers,31,27,4,2343,3,0,28,27,1,2274,1,0,59,54,5,4617,4,0,2,0,2,3,1,4,0,0,0,0,0,0
1453,Nicolas Anelka,1720,[2006],Bolton Wanderers,18,18,0,1492,6,0,17,17,0,1524,5,0,35,35,0,3016,11,0,3,3,6,1,4,5,0,0,0,0,0,0
1454,Nicolas Anelka,1720,"[2007, 2008, 2009, 2010, 2011]",Chelsea FC,65,54,11,4775,19,0,58,48,10,4415,19,0,123,102,21,9190,38,0,4,3,7,10,7,17,0,0,0,0,0,0
1455,Nicolas Anelka,1720,[2001],West Ham United,1,1,0,90,0,0,0,0,0,0,0,0,1,1,0,90,0,0,0,0,0,0,0,0,0,0,0,0,0,0
1456,Nicolas Anelka,1720,"[2002, 2003, 2004]",Manchester City,45,44,1,3902,20,0,37,36,1,3099,18,0,82,80,2,7001,38,0,3,9,12,8,14,22,4,3,7,0,0,0
1457,Nicolas Anelka,1720,[2013],West Bromwich Albion,6,6,0,476,0,0,6,5,1,379,2,0,12,11,1,855,2,0,0,0,0,0,2,2,0,0,0,0,0,0
1458,Idan Tal,1721,[2006],Bolton Wanderers,8,1,7,174,0,0,9,4,5,465,0,0,17,5,12,639,0,0,0,0,0,0,0,0,0,0,0,0,0,0
1459,Idan Tal,1721,"[2000, 2001]",Everton FC,13,4,9,538,2,0,16,9,7,768,0,0,29,13,16,1306,2,0,1,0,1,2,0,2,0,0,0,0,0,0
1460,Henrik Pedersen,1722,"[2001, 2002, 2003, 2004, 2005, 2006]",Bolton Wanderers,70,47,23,4299,11,0,72,45,27,4110,11,0,142,92,50,8409,22,0,4,4,8,7,8,15,0,0,0,0,0,0
1461,Johann Smith,1723,[2006],Bolton Wanderers,1,0,1,5,0,0,0,0,0,0,0,0,1,0,1,5,0,0,0,0,0,0,0,0,0,0,0,0,0,0
1462,Patrice Evra,1724,"[2005, 2006, 2007, 2008, 2009, 2010, 2011, 2012, 2013]",Manchester United,138,133,5,11649,4,0,133,130,3,11267,3,0,271,263,8,22916,7,0,0,0,0,2,2,4,0,0,0,0,0,0
1463,Patrice Evra,1724,[2017],West Ham United,1,1,0,66,0,0,4,2,2,163,0,0,5,3,2,229,0,0,0,0,0,0,0,0,0,0,0,0,0,0
1464,Nemanja Vidiƒá,1725,"[2005, 2006, 2007, 2008, 2009, 2010, 2011, 2012, 2013]",Manchester United,106,101,5,8924,9,0,104,103,1,9093,6,0,210,204,6,18017,15,0,3,4,7,3,4,7,0,0,0,0,0,0
1465,Cristiano Ronaldo,1726,"[2003, 2004, 2005, 2006, 2007, 2008]",Manchester United,101,84,17,7676,57,0,94,72,22,6834,27,0,195,156,39,14510,84,0,12,13,25,27,16,43,8,3,11,0,0,0
1466,Louis Saha,1727,"[2004, 2005, 2006, 2007]",Manchester United,36,21,15,2000,10,0,38,22,16,2175,11,0,74,43,31,4175,21,0,3,3,6,7,6,13,2,2,4,0,0,0
1467,Louis Saha,1727,"[2008, 2009, 2010, 2011]",Everton FC,48,31,17,3024,18,0,48,33,15,3049,9,0,96,64,32,6073,27,0,6,4,10,10,6,16,2,1,3,0,0,0
1468,Louis Saha,1727,"[2001, 2002, 2003]",Fulham FC,37,32,5,2727,16,0,31,23,8,2237,10,0,68,55,13,4964,26,0,3,4,7,11,8,19,3,2,5,0,0,0
1469,Louis Saha,1727,[2012],Sunderland AFC,6,0,6,91,0,0,5,0,5,93,0,0,11,0,11,184,0,0,0,0,0,0,0,0,0,0,0,0,0,0
1470,Gabriel Heinze,1728,"[2004, 2005, 2006]",Manchester United,26,23,3,2032,0,0,25,21,4,1901,1,0,51,44,7,3933,1,0,0,0,0,0,1,1,0,0,0,0,0,0
1471,John O'Shea,1729,"[2001, 2002, 2003, 2004, 2005, 2006, 2007, 2008, 2009, 2010]",Manchester United,121,90,31,8314,3,0,130,93,37,8563,7,0,251,183,68,16877,10,0,3,6,9,1,3,4,0,0,0,0,0,0
1472,John O'Shea,1729,"[2011, 2012, 2013, 2014, 2015, 2016]",Sunderland AFC,96,92,4,7736,3,0,93,90,3,8072,0,0,189,182,7,15808,3,0,1,0,1,3,0,3,0,0,0,0,0,0
1473,Darren Fletcher,1730,"[2003, 2004, 2005, 2006, 2007, 2008, 2009, 2010, 2011, 2012, 2013, 2014]",Manchester United,107,82,25,7258,10,0,117,98,19,8403,8,0,224,180,44,15661,18,0,4,6,10,7,7,14,0,0,0,0,0,0
1474,Darren Fletcher,1730,[2017],Stoke City,13,13,0,1050,0,0,14,12,2,1173,1,0,27,25,2,2223,1,0,0,3,3,0,1,1,0,0,0,0,0,0
1475,Darren Fletcher,1730,"[2015, 2016]",West Bromwich Albion,38,37,1,3279,3,0,38,38,0,3332,0,0,76,75,1,6611,3,0,3,0,3,2,0,2,0,0,0,0,0,0
1476,Nicky Shorey,1731,"[2010, 2011]",West Bromwich Albion,27,23,4,2093,0,0,26,24,2,2234,0,0,53,47,6,4327,0,0,0,0,0,0,0,0,0,0,0,0,0,0
1477,Nicky Shorey,1731,"[2006, 2007, 2012]",Reading FC,43,43,0,3850,3,0,43,42,1,3783,1,0,86,85,1,7633,4,0,0,0,0,1,0,1,0,0,0,0,0,0
1478,Nicky Shorey,1731,[2009],Fulham FC,3,3,0,270,0,0,6,6,0,540,0,0,9,9,0,810,0,0,0,0,0,0,0,0,0,0,0,0,0,0
1479,Nicky Shorey,1731,[2008],Aston Villa,9,8,1,672,0,0,11,10,1,830,0,0,20,18,2,1502,0,0,0,0,0,0,0,0,0,0,0,0,0,0
1480,Gareth McAuley,1732,"[2011, 2012, 2013, 2014, 2015, 2016, 2017]",West Bromwich Albion,102,101,1,9011,8,0,101,98,3,8788,7,0,203,199,4,17799,15,0,6,2,8,6,5,11,0,0,0,0,0,0
1481,Billy Jones,1733,"[2011, 2012, 2013]",West Bromwich Albion,33,32,1,2763,1,0,33,30,3,2793,0,0,66,62,4,5556,1,0,1,0,1,1,0,1,0,0,0,0,0,0
1482,Billy Jones,1733,"[2014, 2015, 2016]",Sunderland AFC,29,29,0,2573,1,0,36,33,3,2987,1,0,65,62,3,5560,2,0,0,0,0,0,1,1,0,0,0,0,0,0
1483,Paul Scharner,1734,"[2010, 2011]",West Bromwich Albion,31,25,6,2156,0,0,31,26,5,2215,7,0,62,51,11,4371,7,0,0,10,10,0,5,5,0,0,0,0,0,0
1484,Paul Scharner,1734,"[2005, 2006, 2008, 2009, 2012]",Wigan Athletic,58,48,10,4348,4,0,62,57,5,4998,6,0,120,105,15,9346,10,0,1,1,2,3,5,8,0,0,0,0,0,0
1485,Paul Scharner,1734,[2007],Blackburn Rovers,0,0,0,0,0,0,1,1,0,90,0,0,1,1,0,90,0,0,0,0,0,0,0,0,0,0,0,0,0,0
1486,James Morrison,1735,"[2008, 2010, 2011, 2012, 2013, 2014, 2015, 2016, 2017]",West Bromwich Albion,117,100,17,8799,15,0,127,99,28,8901,14,0,244,199,45,17700,29,0,4,5,9,7,11,18,1,1,2,0,0,0
1487,James Morrison,1735,"[2003, 2004, 2005, 2006]",Middlesbrough FC,30,16,14,1495,2,0,36,24,12,2226,1,0,66,40,26,3721,3,0,0,0,0,2,1,3,0,0,0,0,0,0
1488,Jerome Thomas,1736,"[2010, 2011, 2012]",West Bromwich Albion,38,33,5,2741,3,0,34,29,5,2255,1,0,72,62,10,4996,4,0,0,0,0,2,0,2,0,0,0,0,0,0
1489,Jerome Thomas,1736,"[2003, 2004, 2005, 2006]",Charlton Athletic,38,30,8,2499,5,0,31,22,9,1941,2,0,69,52,17,4440,7,0,0,0,0,2,0,2,1,0,1,0,0,0
1490,Jerome Thomas,1736,"[2013, 2014]",Crystal Palace,6,2,4,225,0,0,4,1,3,149,0,0,10,3,7,374,0,0,0,0,0,0,0,0,0,0,0,0,0,0
1491,Jerome Thomas,1736,[2008],Portsmouth FC,1,0,1,34,0,0,2,0,2,35,0,0,3,0,3,69,0,0,0,0,0,0,0,0,0,0,0,0,0,0
1492,Graham Dorrans,1737,"[2008, 2010, 2011, 2012, 2013, 2014]",West Bromwich Albion,61,42,19,3740,5,0,60,47,13,4094,3,0,121,89,32,7834,8,0,3,3,6,3,1,4,0,1,1,0,0,0
1493,Graham Dorrans,1737,[2015],Norwich City,11,7,4,654,0,0,10,7,3,633,0,0,21,14,7,1287,0,0,0,0,0,0,0,0,0,0,0,0,0,0
1494,Gonzalo Jara,1738,"[2010, 2011, 2012]",West Bromwich Albion,19,14,5,1255,0,0,15,11,4,1118,1,0,34,25,9,2373,1,0,0,0,0,0,0,0,0,0,0,0,0,0
1495,Somen Tchoyi,1739,"[2010, 2011]",West Bromwich Albion,20,6,14,636,1,0,21,7,14,828,6,0,41,13,28,1464,7,0,0,3,3,1,3,4,0,0,0,0,0,0
1496,George Thorne,1740,"[2010, 2011, 2012]",West Bromwich Albion,2,0,2,7,0,0,7,4,3,355,0,0,9,4,5,362,0,0,0,0,0,0,0,0,0,0,0,0,0,0
1497,Simon Cox,1741,"[2010, 2011]",West Bromwich Albion,17,7,10,766,0,0,20,8,12,759,1,0,37,15,22,1525,1,0,0,1,1,0,1,1,0,0,0,0,0,0
1498,Marc-Antoine Fortun√©,1742,"[2008, 2010, 2011, 2012]",West Bromwich Albion,42,26,16,2318,8,0,38,26,12,2177,2,0,80,52,28,4495,10,0,4,0,4,5,1,6,0,0,0,0,0,0
1499,Tim Howard,1743,"[2006, 2007, 2008, 2009, 2010, 2011, 2012, 2013, 2014, 2015]",Everton FC,177,177,0,15886,1,0,171,171,0,15390,0,0,348,348,0,31276,1,0,0,0,0,1,0,1,0,0,0,0,0,0
1500,Tim Howard,1743,"[2003, 2004, 2005]",Manchester United,23,23,0,2070,0,0,22,21,1,1935,0,0,45,44,1,4005,0,0,0,0,0,0,0,0,0,0,0,0,0,0
1501,Tony Hibbert,1744,"[2000, 2001, 2002, 2003, 2004, 2005, 2006, 2007, 2008, 2009, 2010, 2011, 2012, 2013, 2014, 2015]",Everton FC,133,120,13,10606,0,0,123,113,10,10059,0,0,256,233,23,20665,0,0,0,0,0,0,0,0,0,0,0,0,0,0
1502,John Heitinga,1745,"[2009, 2010, 2011, 2012, 2013]",Everton FC,61,53,8,4645,2,0,54,45,9,4007,0,0,115,98,17,8652,2,0,1,0,1,1,0,1,0,0,0,0,0,0
1503,Tim Cahill,1746,"[2004, 2005, 2006, 2007, 2008, 2009, 2010, 2011]",Everton FC,111,102,9,8717,25,0,108,102,6,8762,31,0,219,204,15,17479,56,0,1,29,30,12,24,36,0,0,0,0,0,0
1504,Leon Osman,1747,"[2002, 2003, 2004, 2005, 2006, 2007, 2008, 2009, 2010, 2011, 2012, 2013, 2014, 2015]",Everton FC,178,157,21,13595,25,0,168,132,36,11910,18,0,346,289,57,25505,43,0,23,1,24,20,12,32,0,0,0,0,0,0
1505,Jack Rodwell,1748,"[2007, 2008, 2009, 2010, 2011]",Everton FC,41,21,20,2205,2,0,43,30,13,2717,2,0,84,51,33,4922,4,0,0,0,0,0,0,0,0,0,0,0,0,0
1506,Jack Rodwell,1748,"[2012, 2013]",Manchester City,9,5,4,438,2,0,7,2,5,170,0,0,16,7,9,608,2,0,0,0,0,2,0,2,0,0,0,0,0,0
1507,Jack Rodwell,1748,"[2014, 2015, 2016]",Sunderland AFC,31,19,12,1791,1,0,34,24,10,2344,3,0,65,43,22,4135,4,0,1,1,2,1,2,3,0,0,0,0,0,0
1508,Jack Rodwell,1748,[2019],Sheffield United,0,0,0,0,0,0,1,0,1,15,0,0,1,0,1,15,0,0,0,0,0,0,0,0,0,0,0,0,0,0
1509,Denis Stracqualursi,1749,[2011],Everton FC,13,4,9,449,1,0,8,3,5,288,0,0,21,7,14,737,1,0,0,0,0,0,0,0,0,0,0,0,0,0
1510,Magaye Gueye,1750,"[2010, 2011, 2012, 2013]",Everton FC,12,3,9,481,1,0,12,2,10,299,0,0,24,5,19,780,1,0,0,0,0,1,0,1,0,0,0,0,0,0
1511,Victor Anichebe,1751,"[2005, 2006, 2007, 2008, 2009, 2010, 2011, 2012]",Everton FC,66,29,37,2880,10,0,62,28,34,2762,8,0,128,57,71,5642,18,0,0,8,8,3,7,10,0,0,0,0,0,0
1512,Victor Anichebe,1751,"[2013, 2014, 2015]",West Bromwich Albion,26,8,18,1152,5,0,29,17,12,1461,1,0,55,25,30,2613,6,0,2,0,2,2,1,3,0,0,0,0,0,0
1513,Victor Anichebe,1751,[2016],Sunderland AFC,8,7,1,581,2,0,10,7,3,636,1,0,18,14,4,1217,3,0,0,0,0,0,1,1,0,0,0,0,0,0
1514,J√°n Mucha,1752,"[2010, 2011, 2012]",Everton FC,2,2,0,180,0,0,0,0,0,0,0,0,2,2,0,180,0,0,0,0,0,0,0,0,0,0,0,0,0,0
1515,Diniyar Bilyaletdinov,1753,"[2009, 2010, 2011]",Everton FC,32,21,11,1800,7,0,27,12,15,1104,1,0,59,33,26,2904,8,0,4,0,4,7,0,7,0,0,0,0,0,0
1516,Ross Barkley,1754,"[2010, 2011, 2012, 2013, 2014, 2015, 2016]",Everton FC,77,62,15,5624,14,0,73,57,16,5044,7,0,150,119,31,10668,21,0,3,4,7,6,5,11,2,0,2,0,0,0
1517,Ross Barkley,1754,"[2017, 2018, 2019]",Chelsea FC,23,13,10,1126,2,0,27,15,12,1350,2,0,50,28,22,2476,4,0,1,0,1,1,0,1,0,0,0,0,0,0
1518,Zat Knight,1755,"[2001, 2002, 2003, 2004, 2005, 2006]",Fulham FC,67,65,2,5849,1,0,69,62,7,5597,2,0,136,127,9,11446,3,0,0,0,0,0,1,1,0,0,0,0,0,0
1519,Zat Knight,1755,"[2009, 2010, 2011]",Bolton Wanderers,49,46,3,4167,2,0,45,44,1,3961,0,0,94,90,4,8128,2,0,3,0,3,2,0,2,0,0,0,0,0,0
1520,Zat Knight,1755,"[2007, 2008]",Aston Villa,19,19,0,1624,2,0,20,18,2,1664,0,0,39,37,2,3288,2,0,1,0,1,2,0,2,0,0,0,0,0,0
1521,Liam Rosenior,1756,"[2004, 2005, 2006]",Fulham FC,38,36,2,3260,0,0,36,35,1,3128,0,0,74,71,3,6388,0,0,0,0,0,0,0,0,0,0,0,0,0,0
1522,Liam Rosenior,1756,"[2013, 2014]",Hull City,23,13,10,1349,1,0,20,14,6,1251,0,0,43,27,16,2600,1,0,0,0,0,1,0,1,0,0,0,0,0,0
1523,Liam Rosenior,1756,[2007],Reading FC,8,7,1,571,0,0,8,7,1,579,0,0,16,14,2,1150,0,0,0,0,0,0,0,0,0,0,0,0,0,0
1524,Liam Rosenior,1756,[2017],Brighton & Hove Albion,1,0,1,28,0,0,2,1,1,134,0,0,3,1,2,162,0,0,0,0,0,0,0,0,0,0,0,0,0,0
1525,Papa Bouba Diop,1757,"[2004, 2005, 2006]",Fulham FC,37,35,2,2994,5,0,34,32,2,2816,3,0,71,67,4,5810,8,0,4,3,7,4,3,7,0,0,0,0,0,0
1526,Papa Bouba Diop,1757,"[2007, 2008, 2009]",Portsmouth FC,23,22,1,1891,0,0,29,26,3,2223,0,0,52,48,4,4114,0,0,0,0,0,0,0,0,0,0,0,0,0,0
1527,Wayne Routledge,1758,[2006],Fulham FC,13,7,6,738,0,0,9,5,4,569,0,0,22,12,10,1307,0,0,0,0,0,0,0,0,0,0,0,0,0,0
1528,Wayne Routledge,1758,[2004],Crystal Palace,19,19,0,1570,0,0,18,18,0,1498,1,0,37,37,0,3068,1,0,0,0,0,0,1,1,0,0,0,0,0,0
1529,Wayne Routledge,1758,"[2011, 2012, 2013, 2014, 2015, 2016, 2017]",Swansea City,101,81,20,6616,11,0,97,75,22,6435,5,0,198,156,42,13051,16,0,1,0,1,6,3,9,0,0,0,0,0,0
1530,Wayne Routledge,1758,"[2007, 2008]",Aston Villa,1,0,1,4,0,0,1,0,1,17,0,0,2,0,2,21,0,0,0,0,0,0,0,0,0,0,0,0,0,0
1531,Wayne Routledge,1758,[2005],Portsmouth FC,8,1,7,272,0,0,5,2,3,165,0,0,13,3,10,437,0,0,0,0,0,0,0,0,0,0,0,0,0,0
1532,Wayne Routledge,1758,[2010],Newcastle United,8,4,4,361,0,0,8,5,3,556,0,0,16,9,7,917,0,0,0,0,0,0,0,0,0,0,0,0,0,0
1533,Hei√∞ar Helguson,1759,"[2005, 2006]",Fulham FC,29,14,15,1394,6,0,26,16,10,1345,5,0,55,30,25,2739,11,0,3,0,3,5,3,8,3,1,4,0,0,0
1534,Hei√∞ar Helguson,1759,[2011],Queens Park Rangers,10,8,2,714,6,0,6,5,1,440,2,0,16,13,3,1154,8,0,3,0,3,5,1,6,2,0,2,0,0,0
1535,Hei√∞ar Helguson,1759,"[2007, 2008]",Bolton Wanderers,2,0,2,39,0,0,5,3,2,258,2,0,7,3,4,297,2,0,0,0,0,0,1,1,0,0,0,0,0,0
1536,Ricardo Carvalho,1760,"[2004, 2005, 2006, 2007, 2008, 2009]",Chelsea FC,70,68,2,5751,4,0,65,61,4,5405,3,0,135,129,6,11156,7,0,9,1,10,3,2,5,0,0,0,0,0,0
1537,Paulo Ferreira,1761,"[2004, 2005, 2006, 2007, 2008, 2009, 2010, 2011, 2012]",Chelsea FC,64,50,14,4564,0,0,75,55,20,5035,0,0,139,105,34,9599,0,0,0,0,0,0,0,0,0,0,0,0,0,0
1538,Claude Mak√©l√©l√©,1762,"[2003, 2004, 2005, 2006, 2007]",Chelsea FC,69,60,9,5312,1,0,74,71,3,6286,1,0,143,131,12,11598,2,0,3,0,3,1,1,2,0,0,0,0,0,0
1539,Michael Essien,1763,"[2005, 2006, 2007, 2008, 2009, 2010, 2011, 2012, 2013]",Chelsea FC,83,77,6,6856,12,0,83,71,12,6322,5,0,166,148,18,13178,17,0,10,4,14,8,4,12,0,0,0,0,0,0
1540,Geremi,1764,"[2003, 2004, 2005, 2006]",Chelsea FC,33,22,11,1979,3,0,38,25,13,2222,1,0,71,47,24,4201,4,0,3,0,3,2,0,2,0,0,0,0,0,0
1541,Geremi,1764,[2002],Middlesbrough FC,17,17,0,1530,4,0,15,15,0,1348,3,0,32,32,0,2878,7,0,3,0,3,2,1,3,0,0,0,0,0,0
1542,Geremi,1764,"[2007, 2008]",Newcastle United,22,18,4,1614,0,0,20,17,3,1472,2,0,42,35,7,3086,2,0,0,1,1,0,2,2,0,0,0,0,0,0
1543,Andriy Shevchenko,1765,"[2006, 2007, 2009]",Chelsea FC,25,17,8,1430,8,0,23,13,10,1126,1,0,48,30,18,2556,9,0,0,0,0,5,1,6,1,0,1,0,0,0
1544,Didier Drogba,1766,"[2004, 2005, 2006, 2007, 2008, 2009, 2010, 2011, 2014]",Chelsea FC,131,93,38,8935,70,0,121,92,29,8485,35,0,252,185,67,17420,105,0,23,15,38,36,26,62,4,0,4,0,0,0
1545,Arjen Robben,1767,"[2004, 2005, 2006]",Chelsea FC,35,25,10,2217,7,0,32,26,6,2213,8,0,67,51,16,4430,15,0,3,9,12,1,7,8,0,0,0,0,0,0
1546,Wayne Bridge,1768,"[2003, 2004, 2006, 2007]",Chelsea FC,42,38,4,3438,1,0,38,32,6,2950,0,0,80,70,10,6388,1,0,0,0,0,1,0,1,0,0,0,0,0,0
1547,Wayne Bridge,1768,"[2000, 2001, 2002]",Southampton FC,54,54,0,4850,0,0,50,50,0,4500,1,0,104,104,0,9350,1,0,0,0,0,0,1,1,0,0,0,0,0,0
1548,Wayne Bridge,1768,"[2008, 2009]",Manchester City,19,19,0,1668,0,0,19,19,0,1500,0,0,38,38,0,3168,0,0,0,0,0,0,0,0,0,0,0,0,0,0
1549,Wayne Bridge,1768,[2011],Sunderland AFC,5,2,3,204,0,0,3,1,2,113,0,0,8,3,5,317,0,0,0,0,0,0,0,0,0,0,0,0,0,0
1550,Wayne Bridge,1768,[2005],Fulham FC,6,6,0,540,0,0,6,6,0,540,0,0,12,12,0,1080,0,0,0,0,0,0,0,0,0,0,0,0,0,0
1551,Wayne Bridge,1768,[2010],West Ham United,8,8,0,719,0,0,7,7,0,630,0,0,15,15,0,1349,0,0,0,0,0,0,0,0,0,0,0,0,0,0
1552,John Mikel Obi,1769,"[2006, 2007, 2008, 2009, 2010, 2011, 2012, 2013, 2014, 2015]",Chelsea FC,116,82,34,7313,1,0,132,100,32,8919,0,0,248,182,66,16232,1,0,0,0,0,0,0,0,0,0,0,0,0,0
1553,Salomon Kalou,1770,"[2006, 2007, 2008, 2009, 2010, 2011]",Chelsea FC,78,45,33,4203,18,0,78,49,29,4459,19,0,156,94,62,8662,37,0,7,10,17,7,10,17,0,0,0,0,0,0
1554,Jonas Olsson,1771,"[2008, 2010, 2011, 2012, 2013, 2014, 2015, 2016]",West Bromwich Albion,101,97,4,8434,2,0,100,97,3,8671,6,0,201,194,7,17105,8,0,0,7,7,1,6,7,0,0,0,0,0,0
1555,Liam Ridgewell,1772,"[2011, 2012, 2013]",West Bromwich Albion,37,36,1,3179,2,0,39,38,1,3347,0,0,76,74,2,6526,2,0,0,0,0,0,0,0,0,0,0,0,0,0
1556,Liam Ridgewell,1772,"[2007, 2009, 2010]",Birmingham City,51,51,0,4566,6,0,51,50,1,4500,2,0,102,101,1,9066,8,0,3,1,4,6,2,8,0,0,0,0,0,0
1557,Liam Ridgewell,1772,"[2003, 2004, 2005, 2006]",Aston Villa,38,32,6,2936,2,0,39,32,7,3029,5,0,77,64,13,5965,7,0,0,1,1,1,3,4,0,0,0,0,0,0
1558,Youssuf Mulumbu,1773,"[2008, 2010, 2011, 2012, 2013, 2014]",West Bromwich Albion,78,70,8,6226,6,0,79,71,8,6205,5,0,157,141,16,12431,11,0,6,3,9,4,4,8,0,0,0,0,0,0
1559,Youssuf Mulumbu,1773,[2015],Norwich City,2,1,1,91,0,0,5,4,1,280,0,0,7,5,2,371,0,0,0,0,0,0,0,0,0,0,0,0,0,0
1560,Yassine El Ghanassi,1774,[2012],West Bromwich Albion,0,0,0,0,0,0,0,0,0,0,0,0,0,0,0,0,0,0,0,0,0,0,0,0,0,0,0,0,0,0
1561,Pepe Reina,1775,"[2005, 2006, 2007, 2008, 2009, 2010, 2011, 2012]",Liverpool FC,143,143,0,12870,0,0,142,142,0,12780,0,0,285,285,0,25650,0,0,0,0,0,0,0,0,0,0,0,0,0,0
1562,Pepe Reina,1775,[2019],Aston Villa,5,5,0,450,0,0,7,7,0,630,0,0,12,12,0,1080,0,0,0,0,0,0,0,0,0,0,0,0,0,0
1563,Daniel Agger,1776,"[2005, 2006, 2007, 2008, 2009, 2010, 2011, 2012, 2013]",Liverpool FC,90,82,8,7328,7,0,85,74,11,6759,2,0,175,156,19,14087,9,0,3,0,3,4,1,5,0,0,0,0,0,0
1564,Fabio Borini,1777,"[2012, 2014]",Liverpool FC,14,3,11,419,0,0,11,5,6,483,2,0,25,8,17,902,2,0,0,0,0,0,1,1,0,0,0,0,0,0
1565,Fabio Borini,1777,"[2013, 2015, 2016]",Sunderland AFC,43,32,11,2897,8,0,39,34,5,2885,6,0,82,66,16,5782,14,0,5,3,8,4,3,7,1,3,4,0,0,0
1566,Fabio Borini,1777,"[2009, 2010]",Chelsea FC,4,0,4,33,0,0,0,0,0,0,0,0,4,0,4,33,0,0,0,0,0,0,0,0,0,0,0,0,0,0
1567,Jamie Carragher,1778,"[2000, 2002, 2003, 2004, 2005, 2006, 2007, 2008, 2009, 2010, 2011, 2012]",Liverpool FC,188,179,9,16032,1,0,189,181,8,16176,0,0,377,360,17,32208,1,0,0,0,0,0,0,0,0,0,0,0,0,0
1568,Jamie Carragher,1778,[2001],West Ham United,1,1,0,90,0,0,0,0,0,0,0,0,1,1,0,90,0,0,0,0,0,0,0,0,0,0,0,0,0,0
1569,Andy Carroll,1779,"[2010, 2011, 2012]",Liverpool FC,22,12,10,1237,2,0,22,14,8,1293,4,0,44,26,18,2530,6,0,0,3,3,1,3,4,0,0,0,0,0,0
1570,Andy Carroll,1779,"[2006, 2007, 2008, 2019]",Newcastle United,22,4,18,628,1,0,19,6,13,746,2,0,41,10,31,1374,3,0,1,1,2,1,1,2,0,0,0,0,0,0
1571,Andy Carroll,1779,"[2013, 2014, 2015, 2016, 2017, 2018]",West Ham United,53,30,23,3191,16,0,50,32,18,2991,10,0,103,62,41,6182,26,0,10,0,10,12,9,21,0,1,1,0,0,0
1572,Stephen Carr,1780,"[2009, 2010]",Birmingham City,36,36,0,3214,0,0,37,37,0,3273,0,0,73,73,0,6487,0,0,0,0,0,0,0,0,0,0,0,0,0,0
1573,Stephen Carr,1780,"[2004, 2005, 2006, 2007]",Newcastle United,38,37,1,3195,0,0,38,37,1,3194,1,0,76,74,2,6389,1,0,0,3,3,0,1,1,0,0,0,0,0,0
1574,Stephen Carr,1780,"[2000, 2002, 2003]",Tottenham Hotspur,45,45,0,3981,2,0,44,43,1,3810,2,0,89,88,1,7791,4,0,0,0,0,2,1,3,0,0,0,0,0,0
1575,Roger Johnson,1781,"[2009, 2010]",Birmingham City,38,38,0,3420,1,0,38,38,0,3376,1,0,76,76,0,6796,2,0,0,0,0,1,1,2,0,0,0,0,0,0
1576,Roger Johnson,1781,[2011],Wolverhampton Wanderers,14,13,1,1186,0,0,13,13,0,1170,0,0,27,26,1,2356,0,0,0,0,0,0,0,0,0,0,0,0,0,0
1577,Roger Johnson,1781,[2013],West Ham United,2,1,1,171,0,0,2,1,1,102,0,0,4,2,2,273,0,0,0,0,0,0,0,0,0,0,0,0,0,0
1578,Barry Ferguson,1782,"[2009, 2010]",Birmingham City,37,37,0,3330,0,0,35,35,0,3150,0,0,72,72,0,6480,0,0,0,0,0,0,0,0,0,0,0,0,0,0
1579,Barry Ferguson,1782,"[2003, 2004]",Blackburn Rovers,18,18,0,1587,1,0,17,16,1,1423,2,0,35,34,1,3010,3,0,0,0,0,1,2,3,0,0,0,0,0,0
1580,Cameron Jerome,1783,"[2007, 2009, 2010]",Birmingham City,46,38,8,3442,7,0,53,45,8,3883,13,0,99,83,16,7325,20,0,0,6,6,3,9,12,0,0,0,0,0,0
1581,Cameron Jerome,1783,[2015],Norwich City,18,8,10,795,1,0,16,11,5,980,2,0,34,19,15,1775,3,0,0,0,0,1,2,3,0,0,0,0,0,0
1582,Cameron Jerome,1783,[2013],Crystal Palace,12,9,3,784,1,0,16,11,5,973,1,0,28,20,8,1757,2,0,0,0,0,1,0,1,0,0,0,0,0,0
1583,Cameron Jerome,1783,"[2011, 2012]",Stoke City,24,5,19,747,6,0,25,10,15,1197,1,0,49,15,34,1944,7,0,5,0,5,5,1,6,0,0,0,0,0,0
1584,Christian Ben√≠tez,1784,[2009],Birmingham City,16,12,4,1087,1,0,14,9,5,848,2,0,30,21,9,1935,3,0,0,0,0,0,2,2,0,0,0,0,0,0
1585,Keith Fahey,1785,"[2009, 2010]",Birmingham City,28,16,12,1473,0,0,30,21,9,1750,1,0,58,37,21,3223,1,0,0,0,0,0,0,0,0,0,0,0,0,0
1586,Tomasz Kuszczak,1786,"[2006, 2007, 2008, 2009, 2010, 2011]",Manchester United,17,17,0,1530,0,0,15,13,2,1272,0,0,32,30,2,2802,0,0,0,0,0,0,0,0,0,0,0,0,0,0
1587,Tomasz Kuszczak,1786,"[2004, 2005]",West Bromwich Albion,15,15,0,1350,0,0,15,14,1,1299,0,0,30,29,1,2649,0,0,0,0,0,0,0,0,0,0,0,0,0,0
1588,Rafael,1787,"[2008, 2009, 2010, 2011, 2012, 2013, 2014]",Manchester United,60,53,7,4513,2,0,49,43,6,3697,3,0,109,96,13,8210,5,0,0,0,0,0,2,2,0,0,0,0,0,0
1589,Ji-Sung Park,1788,"[2005, 2006, 2007, 2008, 2009, 2010, 2011]",Manchester United,65,51,14,4365,16,0,67,41,26,3690,4,0,132,92,40,8055,20,0,9,0,9,10,1,11,0,0,0,0,0,0
1590,Ji-Sung Park,1788,[2012],Queens Park Rangers,9,7,2,629,0,0,11,8,3,713,0,0,20,15,5,1342,0,0,0,0,0,0,0,0,0,0,0,0,0,0
1591,Jlloyd Samuel,1789,"[2000, 2001, 2002, 2003, 2004, 2005, 2006]",Aston Villa,79,70,9,6324,1,0,75,64,11,5819,1,0,154,134,20,12143,2,0,0,3,3,0,1,1,0,0,0,0,0,0
1592,Jlloyd Samuel,1789,"[2007, 2008, 2009]",Bolton Wanderers,31,29,2,2581,0,0,37,32,5,2856,0,0,68,61,7,5437,0,0,0,0,0,0,0,0,0,0,0,0,0,0
1593,Olof Mellberg,1790,"[2001, 2002, 2003, 2004, 2005, 2006, 2007]",Aston Villa,110,109,1,9760,2,0,116,116,0,10286,6,0,226,225,1,20046,8,0,0,1,1,2,4,6,0,0,0,0,0,0
1594,Nolberto Solano,1791,"[2003, 2004]",Aston Villa,22,21,1,1781,7,0,23,20,3,1750,1,0,45,41,4,3531,8,0,7,0,7,5,1,6,0,0,0,0,0,0
1595,Nolberto Solano,1791,"[2000, 2001, 2002, 2005, 2006]",Newcastle United,82,81,1,6770,18,0,70,62,8,5251,10,0,152,143,9,12021,28,0,10,10,20,13,8,21,3,2,5,0,0,0
1596,Nolberto Solano,1791,[2007],West Ham United,12,8,4,646,2,0,11,6,5,606,2,0,23,14,9,1252,4,0,0,3,3,2,1,3,0,0,0,0,0,0
1597,Thomas Hitzlsperger,1792,"[2000, 2001, 2002, 2003, 2004]",Aston Villa,47,35,12,3238,3,0,49,36,13,3292,5,0,96,71,25,6530,8,0,3,6,9,2,4,6,0,0,0,0,0,0
1598,Thomas Hitzlsperger,1792,[2012],Everton FC,6,3,3,269,0,0,1,1,0,82,0,0,7,4,3,351,0,0,0,0,0,0,0,0,0,0,0,0,0,0
1599,Thomas Hitzlsperger,1792,[2010],West Ham United,6,6,0,540,2,0,5,5,0,450,0,0,11,11,0,990,2,0,1,0,1,1,0,1,0,0,0,0,0,0
1600,Eric Djemba-Djemba,1793,"[2004, 2005, 2006]",Aston Villa,3,2,1,166,0,0,8,2,6,300,0,0,11,4,7,466,0,0,0,0,0,0,0,0,0,0,0,0,0,0
1601,Eric Djemba-Djemba,1793,[2003],Manchester United,7,4,3,383,0,0,8,6,2,499,0,0,15,10,5,882,0,0,0,0,0,0,0,0,0,0,0,0,0,0
1602,Ulises De la Cruz,1794,"[2002, 2003, 2004, 2005]",Aston Villa,46,35,11,3339,1,0,40,28,12,2764,0,0,86,63,23,6103,1,0,0,0,0,1,0,1,0,0,0,0,0,0
1603,Ulises De la Cruz,1794,"[2006, 2007]",Reading FC,6,4,2,391,1,0,7,7,0,590,0,0,13,11,2,981,1,0,0,0,0,0,0,0,0,0,0,0,0,0
1604,Juan Pablo √Ångel,1795,"[2000, 2001, 2002, 2003, 2004, 2005, 2006]",Aston Villa,87,68,19,6190,28,0,82,60,22,5239,16,0,169,128,41,11429,44,0,11,2,13,17,11,28,4,1,5,0,0,0
1605,Luke Moore,1796,"[2004, 2005, 2006, 2007]",Aston Villa,37,18,19,1737,6,0,41,17,24,1962,8,0,78,35,43,3699,14,0,1,2,3,4,6,10,0,0,0,0,0,0
1606,Luke Moore,1796,"[2011, 2012]",Swansea City,20,4,16,536,2,0,17,3,14,513,3,0,37,7,30,1049,5,0,6,1,7,2,2,4,0,0,0,0,0,0
1607,Luke Moore,1796,[2008],West Bromwich Albion,12,3,9,413,1,0,9,2,7,262,0,0,21,5,16,675,1,0,0,0,0,1,0,1,0,0,0,0,0,0
1608,Luke Moore,1796,[2003],Newcastle United,1,0,1,40,0,0,0,0,0,0,0,0,1,0,1,40,0,0,0,0,0,0,0,0,0,0,0,0,0,0
1609,Lee Hendrie,1797,"[2000, 2001, 2002, 2003, 2004, 2005, 2006]",Aston Villa,81,72,9,5906,11,0,79,60,19,5348,9,0,160,132,28,11254,20,0,4,2,6,7,8,15,0,0,0,0,0,0
1610,Darius Vassell,1798,"[2000, 2001, 2002, 2003, 2004]",Aston Villa,72,54,18,4971,20,0,69,49,20,4392,15,0,141,103,38,9363,35,0,9,3,12,13,9,22,1,1,2,0,0,0
1611,Darius Vassell,1798,"[2005, 2006, 2007, 2008]",Manchester City,51,45,6,3779,9,0,50,44,6,3871,8,0,101,89,12,7650,17,0,1,6,7,5,6,11,0,0,0,0,0,0
1612,Alessandro Pistone,1799,"[2000, 2001, 2002, 2004, 2005]",Everton FC,39,35,4,3021,1,0,42,38,4,3285,0,0,81,73,8,6306,1,0,0,0,0,1,0,1,0,0,0,0,0,0
1613,Alessandro Pistone,1799,[2003],Leeds United,1,1,0,90,0,0,0,0,0,0,0,0,1,1,0,90,0,0,0,0,0,0,0,0,0,0,0,0,0,0
1614,David Weir,1800,"[2000, 2001, 2002, 2003, 2004, 2005, 2006]",Everton FC,92,88,4,7812,4,0,90,85,5,7714,4,0,182,173,9,15526,8,0,3,4,7,2,3,5,0,0,0,0,0,0
1615,Joseph Yobo,1801,"[2002, 2003, 2004, 2005, 2006, 2007, 2008, 2009]",Everton FC,106,99,7,8795,7,0,104,95,9,8601,1,0,210,194,16,17396,8,0,3,0,3,4,0,4,0,0,0,0,0,0
1616,Joseph Yobo,1801,[2013],Norwich City,5,5,0,450,0,0,3,3,0,270,0,0,8,8,0,720,0,0,0,0,0,0,0,0,0,0,0,0,0,0
1617,Mikel Arteta,1802,"[2004, 2005, 2006, 2007, 2008, 2009, 2010]",Everton FC,91,86,5,7569,19,0,73,72,1,6276,8,0,164,158,6,13845,27,0,7,2,9,15,5,20,6,3,9,0,0,0
1618,Mikel Arteta,1802,"[2011, 2012, 2013, 2014, 2015]",Arsenal FC,55,49,6,4231,9,0,55,47,8,4311,5,0,110,96,14,8542,14,0,6,3,9,4,4,8,4,3,7,0,0,0
1619,Lee Carsley,1803,"[2001, 2002, 2003, 2004, 2005, 2006, 2007]",Everton FC,81,74,7,6536,5,0,79,75,4,6592,6,0,160,149,11,13128,11,0,3,4,7,4,5,9,0,0,0,0,0,0
1620,Lee Carsley,1803,[2000],Leeds United,1,1,0,76,0,0,0,0,0,0,0,0,1,1,0,76,0,0,0,0,0,0,0,0,0,0,0,0,0,0
1621,Lee Carsley,1803,[2009],Birmingham City,3,0,3,52,0,0,4,3,1,301,0,0,7,3,4,353,0,0,0,0,0,0,0,0,0,0,0,0,0,0
1622,Gary Naysmith,1804,"[2000, 2001, 2002, 2004, 2005, 2006]",Everton FC,56,48,8,4198,3,0,49,38,11,3569,1,0,105,86,19,7767,4,0,0,3,3,1,1,2,0,0,0,0,0,0
1623,Gary Naysmith,1804,[2003],Leeds United,1,1,0,90,0,0,0,0,0,0,0,0,1,1,0,90,0,0,0,0,0,0,0,0,0,0,0,0,0,0
1624,Duncan Ferguson,1805,"[2000, 2001, 2002, 2003, 2004, 2005]",Everton FC,63,30,33,3319,18,0,55,19,36,2413,6,0,118,49,69,5732,24,0,14,3,17,14,3,17,2,1,3,0,0,0
1625,David Sommeil,1806,"[2002, 2003, 2005]",Manchester City,25,24,1,2151,3,0,20,19,1,1655,1,0,45,43,2,3806,4,0,1,0,1,3,1,4,0,0,0,0,0,0
1626,David Sommeil,1806,[2006],Sheffield United,2,2,0,180,0,0,3,2,1,148,0,0,5,4,1,328,0,0,0,0,0,0,0,0,0,0,0,0,0,0
1627,Ben Thatcher,1807,"[2004, 2005, 2006]",Manchester City,24,23,1,2050,0,0,22,22,0,1936,0,0,46,45,1,3986,0,0,0,0,0,0,0,0,0,0,0,0,0,0
1628,Ben Thatcher,1807,"[2000, 2001, 2002]",Tottenham Hotspur,17,12,5,1158,0,0,18,16,2,1418,0,0,35,28,7,2576,0,0,0,0,0,0,0,0,0,0,0,0,0,0
1629,Ben Thatcher,1807,[2003],Leicester City,15,14,1,1221,0,0,14,14,0,1260,1,0,29,28,1,2481,1,0,0,0,0,0,1,1,0,0,0,0,0,0
1630,Jihai Sun,1808,"[2002, 2003, 2004, 2005, 2006, 2007]",Manchester City,58,40,18,3990,0,0,60,48,12,4444,3,0,118,88,30,8434,3,0,0,0,0,0,1,1,0,0,0,0,0,0
1631,Stephen Ireland,1809,"[2005, 2006, 2007, 2008, 2009]",Manchester City,70,59,11,5064,8,0,64,47,17,4305,8,0,134,106,28,9369,16,0,6,4,10,7,6,13,0,0,0,0,0,0
1632,Stephen Ireland,1809,"[2010, 2011, 2012]",Aston Villa,23,15,8,1341,0,0,22,18,4,1410,1,0,45,33,12,2751,1,0,0,0,0,0,1,1,0,0,0,0,0,0
1633,Stephen Ireland,1809,"[2013, 2014, 2015, 2017]",Stoke City,28,14,14,1363,1,0,31,12,19,1319,1,0,59,26,33,2682,2,0,0,0,0,1,0,1,0,0,0,0,0,0
1634,Antoine Sibierski,1810,"[2003, 2004, 2005]",Manchester City,45,33,12,2889,6,0,39,23,16,2112,5,0,84,56,28,5001,11,0,1,0,1,3,3,6,1,0,1,0,0,0
1635,Antoine Sibierski,1810,"[2007, 2008]",Wigan Athletic,15,6,9,553,2,0,17,4,13,476,2,0,32,10,22,1029,4,0,3,3,6,1,1,2,1,0,1,0,0,0
1636,Antoine Sibierski,1810,[2006],Newcastle United,11,4,7,573,3,0,14,9,5,785,0,0,25,13,12,1358,3,0,3,0,3,2,0,2,0,0,0,0,0,0
1637,Bradley Wright-Phillips,1811,"[2004, 2005]",Manchester City,17,2,15,402,1,0,14,0,14,176,1,0,31,2,29,578,2,0,0,0,0,0,0,0,0,0,0,0,0,0
1638,Lee Croft,1812,"[2004, 2005]",Manchester City,15,3,12,426,0,0,11,1,10,264,1,0,26,4,22,690,1,0,0,0,0,0,1,1,0,0,0,0,0,0
1639,Ishmael Miller,1813,"[2005, 2006]",Manchester City,10,2,8,338,0,0,7,1,6,153,0,0,17,3,14,491,0,0,0,0,0,0,0,0,0,0,0,0,0,0
1640,Ishmael Miller,1813,"[2008, 2010]",West Bromwich Albion,8,6,2,513,1,0,13,5,8,619,2,0,21,11,10,1132,3,0,0,0,0,1,1,2,0,0,0,0,0,0
1641,Georgios Samaras,1814,"[2005, 2006, 2007]",Manchester City,27,13,14,1429,7,0,28,15,13,1494,1,0,55,28,27,2923,8,0,0,0,0,4,0,4,1,0,1,0,0,0
1642,Georgios Samaras,1814,[2014],West Bromwich Albion,4,0,4,64,0,0,1,0,1,3,0,0,5,0,5,67,0,0,0,0,0,0,0,0,0,0,0,0,0,0
1643,John Filan,1815,"[2005, 2006]",Wigan Athletic,13,13,0,1125,0,0,12,12,0,1080,0,0,25,25,0,2205,0,0,0,0,0,0,0,0,0,0,0,0,0,0
1644,Graham Kavanagh,1816,"[2005, 2006]",Wigan Athletic,18,16,2,1370,0,0,19,16,3,1437,0,0,37,32,5,2807,0,0,0,0,0,0,0,0,0,0,0,0,0,0
1645,Gary Teale,1817,"[2005, 2006]",Wigan Athletic,18,14,4,1220,0,0,18,13,5,1064,0,0,36,27,9,2284,0,0,0,0,0,0,0,0,0,0,0,0,0,0
1646,Gary Teale,1817,[2007],Derby County,8,5,3,382,0,0,10,4,6,534,0,0,18,9,9,916,0,0,0,0,0,0,0,0,0,0,0,0,0,0
1647,Henri Camara,1818,"[2005, 2006, 2008]",Wigan Athletic,37,25,12,2334,15,0,32,21,11,2017,5,0,69,46,23,4351,20,0,4,6,10,8,4,12,0,1,1,0,0,0
1648,Henri Camara,1818,[2003],Wolverhampton Wanderers,15,15,0,1337,5,0,15,14,1,1252,2,0,30,29,1,2589,7,0,3,0,3,3,2,5,0,0,0,0,0,0
1649,Henri Camara,1818,[2007],West Ham United,5,1,4,177,0,0,5,2,3,159,0,0,10,3,7,336,0,0,0,0,0,0,0,0,0,0,0,0,0,0
1650,Henri Camara,1818,[2004],Southampton FC,6,4,2,361,2,0,5,4,1,368,2,0,11,8,3,729,4,0,3,0,3,2,0,2,0,0,0,0,0,0
1651,Lee McCulloch,1819,"[2005, 2006]",Wigan Athletic,29,27,2,2415,6,0,30,25,5,2293,3,0,59,52,7,4708,9,0,3,6,9,4,3,7,0,0,0,0,0,0
1652,Jason Roberts,1820,"[2005, 2009]",Wigan Athletic,18,17,1,1548,4,0,17,17,0,1489,4,0,35,34,1,3037,8,0,6,0,6,3,3,6,1,0,1,0,0,0
1653,Jason Roberts,1820,[2012],Reading FC,5,4,1,339,0,0,6,4,2,368,0,0,11,8,3,707,0,0,0,0,0,0,0,0,0,0,0,0,0,0
1654,Jason Roberts,1820,"[2006, 2007, 2008, 2010, 2011]",Blackburn Rovers,54,32,22,3222,11,0,49,25,24,2639,8,0,103,57,46,5861,19,0,0,9,9,4,6,10,0,0,0,0,0,0
1655,Jason Roberts,1820,[2002],West Bromwich Albion,16,16,0,1399,1,0,15,14,1,1243,2,0,31,30,1,2642,3,0,1,3,4,1,1,2,0,0,0,0,0,0
1656,Jason Roberts,1820,[2003],Portsmouth FC,4,1,3,146,1,0,5,2,3,244,0,0,9,3,6,390,1,0,0,0,0,1,0,1,0,0,0,0,0,0
1657,Andreas Johansson,1821,"[2005, 2006]",Wigan Athletic,11,4,7,404,1,0,17,6,11,672,3,0,28,10,18,1076,4,0,0,1,1,1,3,4,0,0,0,0,0,0
1658,Tim Krul,1822,[2019],Norwich City,18,18,0,1620,0,0,18,18,0,1620,0,0,36,36,0,3240,0,0,0,0,0,0,0,0,0,0,0,0,0,0
1659,Tim Krul,1822,"[2010, 2011, 2012, 2013, 2014, 2015]",Newcastle United,80,80,0,7167,0,0,77,76,1,6895,0,0,157,156,1,14062,0,0,0,0,0,0,0,0,0,0,0,0,0,0
1660,Tim Krul,1822,[2017],Brighton & Hove Albion,0,0,0,0,0,0,0,0,0,0,0,0,0,0,0,0,0,0,0,0,0,0,0,0,0,0,0,0,0,0
1661,Sam Byram,1823,[2019],Norwich City,9,7,2,574,0,0,8,8,0,720,0,0,17,15,2,1294,0,0,0,0,0,0,0,0,0,0,0,0,0,0
1662,Sam Byram,1823,"[2015, 2016, 2017]",West Ham United,15,10,5,973,0,0,12,7,5,806,0,0,27,17,10,1779,0,0,0,0,0,0,0,0,0,0,0,0,0,0
1663,Ben Godfrey,1824,[2019],Norwich City,15,15,0,1350,0,0,15,15,0,1310,0,0,30,30,0,2660,0,0,0,0,0,0,0,0,0,0,0,0,0,0
1664,Jamal Lewis,1825,[2019],Norwich City,15,13,2,1215,1,0,13,12,1,1090,0,0,28,25,3,2305,1,0,3,0,3,1,0,1,0,0,0,0,0,0
1665,Todd Cantwell,1826,[2019],Norwich City,19,13,6,1126,5,0,18,17,1,1377,1,0,37,30,7,2503,6,0,0,0,0,4,1,5,0,0,0,0,0,0
1666,Marco Stiepermann,1827,[2019],Norwich City,10,7,3,585,0,0,14,7,7,600,0,0,24,14,10,1185,0,0,0,0,0,0,0,0,0,0,0,0,0,0
1667,Kenny McLean,1828,[2019],Norwich City,18,15,3,1391,1,0,19,17,2,1575,0,0,37,32,5,2966,1,0,0,0,0,1,0,1,0,0,0,0,0,0
1668,Ibrahim Amadou,1829,[2019],Norwich City,4,4,0,360,0,0,7,4,3,397,0,0,11,8,3,757,0,0,0,0,0,0,0,0,0,0,0,0,0,0
1669,Alexander Tettey,1830,"[2012, 2013, 2015, 2019]",Norwich City,50,43,7,3734,3,0,51,46,5,3953,1,0,101,89,12,7687,4,0,3,0,3,2,0,2,0,0,0,0,0,0
1670,Emiliano Buendia,1831,[2019],Norwich City,19,16,3,1408,0,0,17,12,5,1112,1,0,36,28,8,2520,1,0,0,0,0,0,1,1,0,0,0,0,0,0
1671,Teemu Pukki,1832,[2019],Norwich City,18,16,2,1424,7,0,18,17,1,1470,4,0,36,33,3,2894,11,0,3,0,3,4,2,6,1,1,2,0,0,0
1672,Dennis Srbeny,1833,[2019],Norwich City,5,0,5,33,0,0,3,0,3,8,1,0,8,0,8,41,1,0,0,0,0,0,0,0,0,0,0,0,0,0
1673,Josip Drmiƒá,1834,[2019],Norwich City,10,4,6,397,1,0,11,1,10,283,0,0,21,5,16,680,1,0,0,0,0,0,0,0,0,0,0,0,0,0
1674,Ralf F√§hrmann,1835,[2019],Norwich City,0,0,0,0,0,0,1,1,0,22,0,0,1,1,0,22,0,0,0,0,0,0,0,0,0,0,0,0,0,0
1675,Michael McGovern,1836,[2019],Norwich City,1,1,0,90,0,0,1,0,1,68,0,0,2,1,1,158,0,0,0,0,0,0,0,0,0,0,0,0,0,0
1676,Grant Hanley,1837,[2019],Norwich City,8,7,1,642,0,0,7,7,0,620,0,0,15,14,1,1262,0,0,0,0,0,0,0,0,0,0,0,0,0,0
1677,Grant Hanley,1837,"[2009, 2010, 2011]",Blackburn Rovers,14,10,4,1010,0,0,17,15,2,1347,2,0,31,25,6,2357,2,0,0,3,3,0,2,2,0,0,0,0,0,0
1678,Philip Heise,1838,[2019],Norwich City,0,0,0,0,0,0,0,0,0,0,0,0,0,0,0,0,0,0,0,0,0,0,0,0,0,0,0,0,0,0
1679,Adam Idah,1839,[2019],Norwich City,6,0,6,69,0,0,6,1,5,150,0,0,12,1,11,219,0,0,0,0,0,0,0,0,0,0,0,0,0,0
1680,Rodri,1840,[2019],Manchester City,17,13,4,1082,1,0,18,16,2,1406,2,0,35,29,6,2488,3,0,0,0,0,1,0,1,0,0,0,0,0,0
1681,Gabriel Jesus,1841,"[2016, 2017, 2018, 2019]",Manchester City,50,28,22,2699,21,0,51,27,24,2581,20,0,101,55,46,5280,41,0,3,7,10,9,10,19,2,0,2,0,0,0
1682,Riyad Mahrez,1842,"[2018, 2019]",Manchester City,30,17,13,1589,8,0,30,18,12,1691,10,0,60,35,25,3280,18,0,3,6,9,2,4,6,1,0,1,0,0,0
1683,Riyad Mahrez,1842,"[2014, 2015, 2016, 2017]",Leicester City,70,67,3,5789,17,0,69,61,8,5149,22,0,139,128,11,10938,39,0,3,9,12,9,16,25,2,5,7,0,0,0
1684,Jo√£o Cancelo,1843,[2019],Manchester City,10,8,2,729,0,0,7,5,2,477,0,0,17,13,4,1206,0,0,0,0,0,0,0,0,0,0,0,0,0,0
1685,Phil Foden,1844,"[2017, 2018, 2019]",Manchester City,27,9,18,850,5,0,14,3,11,417,1,0,41,12,29,1267,6,0,3,0,3,2,0,2,0,0,0,0,0,0
1686,Antonio R√ºdiger,1845,"[2017, 2018, 2019]",Chelsea FC,41,39,2,3596,3,0,39,38,1,3324,2,0,80,77,3,6920,5,0,3,1,4,3,2,5,0,0,0,0,0,0
1687,Marcos Alonso,1846,"[2016, 2017, 2018, 2019]",Chelsea FC,56,55,1,4958,9,0,57,54,3,4788,10,0,113,109,4,9746,19,0,10,5,15,5,7,12,0,0,0,0,0,0
1688,Marcos Alonso,1846,[2013],Sunderland AFC,8,8,0,720,0,0,8,8,0,720,0,0,16,16,0,1440,0,0,0,0,0,0,0,0,0,0,0,0,0,0
1689,Marcos Alonso,1846,"[2010, 2011]",Bolton Wanderers,2,2,0,180,0,0,7,6,1,512,1,0,9,8,1,692,1,0,0,0,0,0,1,1,0,0,0,0,0,0
1690,Jorginho,1847,"[2018, 2019]",Chelsea FC,34,33,1,2822,3,0,34,31,3,2727,3,0,68,64,4,5549,6,0,0,3,3,3,2,5,3,1,4,0,0,0
1691,N'Golo Kant√©,1848,"[2016, 2017, 2018, 2019]",Chelsea FC,65,64,1,5515,4,0,62,61,1,5451,5,0,127,125,2,10966,9,0,0,3,3,2,3,5,0,0,0,0,0,0
1692,N'Golo Kant√©,1848,[2015],Leicester City,18,15,3,1376,1,0,19,18,1,1644,0,0,37,33,4,3020,1,0,0,0,0,1,0,1,0,0,0,0,0,0
1693,Mateo Kovaƒçiƒá,1849,"[2018, 2019]",Chelsea FC,32,22,10,1962,0,0,31,22,9,1854,1,0,63,44,19,3816,1,0,0,0,0,0,0,0,0,0,0,0,0,0
1694,Gonzalo Higua√≠n,1850,[2018],Chelsea FC,6,6,0,496,4,0,8,7,1,596,1,0,14,13,1,1092,5,0,0,0,0,2,1,3,0,0,0,0,0,0
1695,Pedro,1851,"[2015, 2016, 2017, 2018, 2019]",Chelsea FC,71,49,22,4172,19,0,66,47,19,3988,11,0,137,96,41,8160,30,0,0,0,0,10,5,15,0,0,0,0,0,0
1696,Ruben Loftus-Cheek,1852,"[2014, 2015, 2016, 2018, 2019]",Chelsea FC,27,7,20,896,3,0,26,7,19,865,4,0,53,14,39,1761,7,0,0,3,3,1,3,4,0,0,0,0,0,0
1697,Ruben Loftus-Cheek,1852,[2017],Crystal Palace,12,11,1,962,2,0,12,10,2,914,0,0,24,21,3,1876,2,0,0,0,0,1,0,1,0,0,0,0,0,0
1698,Kepa,1853,"[2018, 2019]",Chelsea FC,34,34,0,3060,0,0,35,35,0,3150,0,0,69,69,0,6210,0,0,0,0,0,0,0,0,0,0,0,0,0,0
1699,Kepa,1853,[2006],West Ham United,4,0,4,54,1,0,4,1,3,116,0,0,8,1,7,170,1,0,0,0,0,0,0,0,0,0,0,0,0,0
1700,Andreas Christensen,1854,"[2012, 2014, 2017, 2018, 2019]",Chelsea FC,29,24,5,2123,0,0,28,26,2,2329,0,0,57,50,7,4452,0,0,0,0,0,0,0,0,0,0,0,0,0,0
1701,Callum Hudson-Odoi,1855,"[2017, 2018, 2019]",Chelsea FC,20,7,13,751,1,0,14,4,10,523,0,0,34,11,23,1274,1,0,0,0,0,0,0,0,0,0,0,0,0,0
1702,Davinson S√°nchez,1856,"[2017, 2018, 2019]",Tottenham Hotspur,41,39,2,3452,1,0,42,39,3,3495,0,0,83,78,5,6947,1,0,0,0,0,1,0,1,0,0,0,0,0,0
1703,Harry Winks,1857,"[2013, 2014, 2015, 2016, 2017, 2018, 2019]",Tottenham Hotspur,50,31,19,2751,1,0,44,24,20,2317,1,0,94,55,39,5068,2,0,0,3,3,1,1,2,0,0,0,0,0,0
1704,Moussa Sissoko,1858,"[2016, 2017, 2018, 2019]",Tottenham Hotspur,58,38,20,3519,2,0,58,40,18,3571,1,0,116,78,38,7090,3,0,0,0,0,0,0,0,0,0,0,0,0,0
1705,Moussa Sissoko,1858,"[2012, 2013, 2014, 2015]",Newcastle United,59,59,0,5213,9,0,59,59,0,5167,2,0,118,118,0,10380,11,0,9,0,9,7,1,8,0,0,0,0,0,0
1706,Heung-min Son,1859,"[2015, 2016, 2017, 2018, 2019]",Tottenham Hotspur,81,60,21,5248,30,0,79,54,25,4887,23,0,160,114,46,10135,53,0,13,8,21,13,13,26,0,0,0,0,0,0
1707,Llorente,1860,"[2017, 2018]",Tottenham Hotspur,18,5,13,586,1,0,18,2,16,323,1,0,36,7,29,909,2,0,3,0,3,1,1,2,0,0,0,0,0,0
1708,Llorente,1860,[2016],Swansea City,16,13,3,1105,11,0,17,15,2,1346,4,0,33,28,5,2451,15,0,12,0,12,8,3,11,0,0,0,0,0,0
1709,Lucas,1861,"[2017, 2018, 2019]",Tottenham Hotspur,35,27,8,2298,7,0,38,25,13,2283,7,0,73,52,21,4581,14,0,0,1,1,1,3,4,0,0,0,0,0,0
1710,Juan Foyth,1862,"[2017, 2018, 2019]",Tottenham Hotspur,7,5,2,469,0,0,9,6,3,529,1,0,16,11,5,998,1,0,0,3,3,0,1,1,0,0,0,0,0,0
1711,Serge Aurier,1863,"[2017, 2018, 2019]",Tottenham Hotspur,27,26,1,2300,2,0,31,27,4,2477,1,0,58,53,5,4777,3,0,0,0,0,2,0,2,0,0,0,0,0,0
1712,Victor Wanyama,1864,"[2016, 2017, 2018, 2019]",Tottenham Hotspur,36,23,13,2175,4,0,33,24,9,2214,2,0,69,47,22,4389,6,0,3,0,3,3,1,4,0,0,0,0,0,0
1713,Victor Wanyama,1864,"[2013, 2014, 2015]",Southampton FC,41,35,6,3185,2,0,44,39,5,3401,2,0,85,74,11,6586,4,0,0,6,6,0,2,2,0,0,0,0,0,0
1714,Mohamed Elneny,1865,"[2015, 2016, 2017, 2018]",Arsenal FC,23,18,5,1482,0,0,22,14,8,1190,0,0,45,32,13,2672,0,0,0,0,0,0,0,0,0,0,0,0,0,0
1715,Kevin Toner,1866,[2015],Aston Villa,2,1,1,134,0,0,2,2,0,180,0,0,4,3,1,314,0,0,0,0,0,0,0,0,0,0,0,0,0,0
1716,Carlos S√°nchez,1867,"[2014, 2015]",Aston Villa,25,19,6,1732,0,0,23,17,6,1624,1,0,48,36,12,3356,1,0,0,0,0,0,1,1,0,0,0,0,0,0
1717,Carlos S√°nchez,1867,"[2018, 2019]",West Ham United,7,2,5,213,0,0,6,1,5,140,0,0,13,3,10,353,0,0,0,0,0,0,0,0,0,0,0,0,0,0
1718,Jordan Lyden,1868,[2015],Aston Villa,3,1,2,78,0,0,1,1,0,75,0,0,4,2,2,153,0,0,0,0,0,0,0,0,0,0,0,0,0,0
1719,Jordan Ayew,1869,[2015],Aston Villa,15,14,1,1254,4,0,15,13,2,1173,3,0,30,27,3,2427,7,0,1,1,2,2,2,4,1,0,1,0,0,0
1720,Jordan Ayew,1869,"[2018, 2019]",Crystal Palace,27,27,0,2240,4,0,30,24,6,2109,6,0,57,51,6,4349,10,0,10,7,17,4,5,9,0,0,0,0,0,0
1721,Jordan Ayew,1869,"[2016, 2017]",Swansea City,26,22,4,2028,5,0,24,20,4,1774,3,0,50,42,8,3802,8,0,2,0,2,4,2,6,1,0,1,0,0,0
1722,Jack Grealish,1870,"[2011, 2013, 2014, 2015, 2019]",Aston Villa,36,24,12,2417,3,0,34,28,6,2465,6,0,70,52,18,4882,9,0,0,1,1,1,4,5,0,0,0,0,0,0
1723,Adama Traor√©,1871,[2015],Aston Villa,5,0,5,56,0,0,5,0,5,129,0,0,10,0,10,185,0,0,0,0,0,0,0,0,0,0,0,0,0,0
1724,Adama Traor√©,1871,"[2018, 2019]",Wolverhampton Wanderers,31,15,16,1567,2,0,35,20,15,1926,3,0,66,35,31,3493,5,0,0,3,3,1,2,3,0,0,0,0,0,0
1725,Adama Traor√©,1871,[2016],Middlesbrough FC,15,7,8,766,0,0,12,9,3,771,0,0,27,16,11,1537,0,0,0,0,0,0,0,0,0,0,0,0,0,0
1726,Carles Gil,1872,"[2014, 2015]",Aston Villa,17,11,6,999,0,0,11,10,1,800,2,0,28,21,7,1799,2,0,0,0,0,0,1,1,0,0,0,0,0,0
1727,Rushian Hepburn-Murphy,1873,"[2014, 2015]",Aston Villa,1,0,1,1,0,0,1,0,1,7,0,0,2,0,2,8,0,0,0,0,0,0,0,0,0,0,0,0,0,0
1728,Rudy Gestede,1874,[2015],Aston Villa,15,7,8,808,2,0,17,7,10,856,3,0,32,14,18,1664,5,0,1,3,4,1,1,2,0,0,0,0,0,0
1729,Rudy Gestede,1874,[2016],Middlesbrough FC,8,1,7,143,1,0,8,3,5,381,0,0,16,4,12,524,1,0,0,0,0,0,0,0,0,0,0,0,0,0
1730,Rudy Gestede,1874,[2013],Cardiff City,0,0,0,0,0,0,3,0,3,49,0,0,3,0,3,49,0,0,0,0,0,0,0,0,0,0,0,0,0,0
1731,Nicky Weaver,1875,"[2000, 2004, 2006]",Manchester City,28,27,1,2377,0,0,26,26,0,2296,0,0,54,53,1,4673,0,0,0,0,0,0,0,0,0,0,0,0,0,0
1732,Joey Barton,1876,"[2002, 2003, 2004, 2005, 2006]",Manchester City,63,59,4,5249,5,0,59,56,3,5068,10,0,122,115,7,10317,15,0,3,4,7,1,6,7,2,0,2,0,0,0
1733,Joey Barton,1876,"[2011, 2014]",Queens Park Rangers,33,32,1,2840,2,0,26,26,0,2330,2,0,59,58,1,5170,4,0,0,0,0,2,1,3,0,0,0,0,0,0
1734,Joey Barton,1876,"[2007, 2008, 2010]",Newcastle United,30,28,2,2458,5,0,33,29,4,2623,1,0,63,57,6,5081,6,0,0,3,3,3,1,4,3,1,4,0,0,0
1735,Joey Barton,1876,[2016],Burnley FC,6,5,1,467,1,0,8,7,1,637,0,0,14,12,2,1104,1,0,3,0,3,1,0,1,0,0,0,0,0,0
1736,DaMarcus Beasley,1877,[2006],Manchester City,7,6,1,536,0,0,11,5,6,490,3,0,18,11,7,1026,3,0,0,3,3,0,2,2,0,0,0,0,0,0
1737,Paul Dickov,1878,"[2000, 2006]",Manchester City,22,14,8,1299,2,0,15,10,5,953,2,0,37,24,13,2252,4,0,0,0,0,1,1,2,0,0,0,0,0,0
1738,Paul Dickov,1878,"[2001, 2003]",Leicester City,25,21,4,1906,9,0,22,18,4,1577,6,0,47,39,8,3483,15,0,3,0,3,6,4,10,1,1,2,0,0,0
1739,Paul Dickov,1878,"[2004, 2005]",Blackburn Rovers,25,23,2,1915,9,0,24,21,3,1663,5,0,49,44,5,3578,14,0,3,5,8,6,4,10,2,1,3,0,0,0
1740,Hatem Trabelsi,1879,[2006],Manchester City,11,10,1,832,0,0,9,6,3,537,1,0,20,16,4,1369,1,0,0,0,0,0,0,0,0,0,0,0,0,0
1741,Bernardo Corradi,1880,[2006],Manchester City,11,8,3,635,2,0,14,11,3,979,1,0,25,19,6,1614,3,0,0,0,0,1,1,2,0,0,0,0,0,0
1742,Stuart Parnaby,1881,"[2002, 2003, 2004, 2005, 2006]",Middlesbrough FC,45,36,9,3263,1,0,45,36,9,3094,1,0,90,72,18,6357,2,0,3,0,3,1,0,1,0,0,0,0,0,0
1743,Stuart Parnaby,1881,"[2007, 2009, 2010]",Birmingham City,13,8,5,876,0,0,13,7,6,712,0,0,26,15,11,1588,0,0,0,0,0,0,0,0,0,0,0,0,0,0
1744,Jonathan Woodgate,1882,[2006],Middlesbrough FC,14,14,0,1159,0,0,15,15,0,1350,0,0,29,29,0,2509,0,0,0,0,0,0,0,0,0,0,0,0,0,0
1745,Jonathan Woodgate,1882,[2003],Newcastle United,11,11,0,933,0,0,7,7,0,630,0,0,18,18,0,1563,0,0,0,0,0,0,0,0,0,0,0,0,0,0
1746,Jonathan Woodgate,1882,"[2000, 2001, 2002]",Leeds United,18,18,0,1546,2,0,23,21,2,1708,0,0,41,39,2,3254,2,0,0,0,0,1,0,1,0,0,0,0,0,0
1747,Jonathan Woodgate,1882,"[2007, 2008, 2009, 2010]",Tottenham Hotspur,28,28,0,2307,1,0,20,20,0,1799,1,0,48,48,0,4106,2,0,0,3,3,1,1,2,0,0,0,0,0,0
1748,Jonathan Woodgate,1882,[2011],Stoke City,7,6,1,522,0,0,10,10,0,758,0,0,17,16,1,1280,0,0,0,0,0,0,0,0,0,0,0,0,0,0
1749,Emanuel Pogatetz,1883,"[2005, 2006, 2007, 2008]",Middlesbrough FC,55,53,2,4621,3,0,54,52,2,4711,1,0,109,105,4,9332,4,0,0,0,0,1,1,2,0,0,0,0,0,0
1750,Emanuel Pogatetz,1883,[2012],West Ham United,2,0,2,19,0,0,4,1,3,130,0,0,6,1,5,149,0,0,0,0,0,0,0,0,0,0,0,0,0,0
1751,Robert Huth,1884,"[2006, 2007, 2008]",Middlesbrough FC,25,20,5,1896,0,0,23,19,4,1801,2,0,48,39,9,3697,2,0,0,1,1,0,2,2,0,0,0,0,0,0
1752,Robert Huth,1884,"[2001, 2002, 2003, 2004, 2005]",Chelsea FC,16,10,6,907,0,0,26,13,13,1195,0,0,42,23,19,2102,0,0,0,0,0,0,0,0,0,0,0,0,0,0
1753,Robert Huth,1884,"[2009, 2010, 2011, 2012, 2013]",Stoke City,74,71,3,6368,7,0,74,72,2,6580,6,0,148,143,5,12948,13,0,7,4,11,7,6,13,0,0,0,0,0,0
1754,Robert Huth,1884,"[2014, 2015, 2016]",Leicester City,41,41,0,3591,0,0,41,41,0,3668,6,0,82,82,0,7259,6,0,0,3,3,0,4,4,0,0,0,0,0,0
1755,F√°bio Rochemback,1885,"[2005, 2006, 2007]",Middlesbrough FC,35,31,4,2759,4,0,33,29,4,2609,1,0,68,60,8,5368,5,0,0,0,0,2,1,3,0,0,0,0,0,0
1756,Jason Euell,1886,[2006],Middlesbrough FC,6,5,1,412,0,0,10,3,7,314,0,0,16,8,8,726,0,0,0,0,0,0,0,0,0,0,0,0,0,0
1757,Jason Euell,1886,"[2001, 2002, 2003, 2004, 2005]",Charlton Athletic,70,51,19,4895,21,0,63,46,17,4328,13,0,133,97,36,9223,34,0,9,6,15,15,7,22,4,2,6,0,0,0
1758,Jason Euell,1886,[2010],Blackpool FC,1,0,1,19,0,0,2,1,1,83,0,0,3,1,2,102,0,0,0,0,0,0,0,0,0,0,0,0,0,0
1759,Matthew Bates,1887,"[2003, 2004, 2005, 2006, 2008]",Middlesbrough FC,16,11,5,985,1,0,20,16,4,1528,0,0,36,27,9,2513,1,0,0,0,0,1,0,1,0,0,0,0,0,0
1760,Massimo Maccarone,1888,"[2002, 2003, 2005, 2006]",Middlesbrough FC,46,24,22,2366,15,0,33,20,13,1767,3,0,79,44,35,4133,18,0,4,0,4,4,2,6,2,2,4,0,0,0
1761,Emiliano Ins√∫a,1889,"[2006, 2007, 2008, 2009]",Liverpool FC,19,18,1,1672,0,0,27,25,2,2268,0,0,46,43,3,3940,0,0,0,0,0,0,0,0,0,0,0,0,0,0
1762,Albert Riera,1890,"[2008, 2009]",Liverpool FC,24,21,3,1663,3,0,16,12,4,888,0,0,40,33,7,2551,3,0,0,0,0,2,0,2,0,0,0,0,0,0
1763,Albert Riera,1890,[2005],Manchester City,7,7,0,579,1,0,8,5,3,489,0,0,15,12,3,1068,1,0,0,0,0,1,0,1,0,0,0,0,0,0
1764,Xabi Alonso,1891,"[2004, 2005, 2006, 2007, 2008]",Liverpool FC,75,66,9,5857,8,0,68,55,13,5219,7,0,143,121,22,11076,15,0,3,3,6,5,5,10,0,2,2,0,0,0
1765,Yossi Benayoun,1892,"[2007, 2008, 2009]",Liverpool FC,49,30,19,2957,13,0,43,25,18,2366,5,0,92,55,37,5323,18,0,2,7,9,8,4,12,0,0,0,0,0,0
1766,Yossi Benayoun,1892,"[2005, 2006, 2012]",West Ham United,37,33,4,2986,6,0,31,26,5,2272,2,0,68,59,9,5258,8,0,3,1,4,3,1,4,0,0,0,0,0,0
1767,Yossi Benayoun,1892,[2010],Chelsea FC,5,1,4,181,0,0,2,0,2,23,1,0,7,1,6,204,1,0,0,0,0,0,0,0,0,0,0,0,0,0
1768,Yossi Benayoun,1892,[2011],Arsenal FC,9,5,4,437,1,0,10,5,5,467,3,0,19,10,9,904,4,0,0,3,3,1,2,3,0,0,0,0,0,0
1769,Javier Mascherano,1893,"[2006, 2007, 2008, 2009, 2010]",Liverpool FC,48,46,2,4055,1,0,46,45,1,3957,0,0,94,91,3,8012,1,0,0,0,0,1,0,1,0,0,0,0,0,0
1770,Dirk Kuyt,1894,"[2006, 2007, 2008, 2009, 2010, 2011]",Liverpool FC,109,92,17,8358,30,0,99,84,15,7410,21,0,208,176,32,15768,51,0,8,10,18,16,12,28,4,4,8,0,0,0
1771,David N'Gog,1895,"[2008, 2009, 2010]",Liverpool FC,37,13,24,1332,9,0,26,8,18,1050,0,0,63,21,42,2382,9,0,0,0,0,5,0,5,0,0,0,0,0,0
1772,David N'Gog,1895,[2011],Bolton Wanderers,16,12,4,1050,0,0,17,12,5,995,3,0,33,24,9,2045,3,0,0,3,3,0,3,3,0,0,0,0,0,0
1773,David N'Gog,1895,[2013],Swansea City,1,0,1,17,0,0,2,0,2,26,0,0,3,0,3,43,0,0,0,0,0,0,0,0,0,0,0,0,0,0
1774,Nabil El Zhar,1896,"[2006, 2008, 2009]",Liverpool FC,11,0,11,141,0,0,10,2,8,235,0,0,21,2,19,376,0,0,0,0,0,0,0,0,0,0,0,0,0,0
1775,Ryan Babel,1897,"[2007, 2008, 2009, 2010]",Liverpool FC,45,14,31,1535,7,0,46,17,29,1863,5,0,91,31,60,3398,12,0,3,0,3,1,0,1,0,0,0,0,0,0
1776,Ryan Babel,1897,[2018],Fulham FC,9,8,1,668,3,0,7,7,0,592,2,0,16,15,1,1260,5,0,3,0,3,2,2,4,0,0,0,0,0,0
1777,Kieran Richardson,1898,"[2007, 2008, 2009, 2010, 2011]",Sunderland AFC,65,60,5,5134,8,0,67,62,5,5328,6,0,132,122,10,10462,14,0,4,0,4,7,4,11,0,0,0,0,0,0
1778,Kieran Richardson,1898,"[2002, 2005, 2006]",Manchester United,23,12,11,1272,2,0,16,8,8,709,0,0,39,20,19,1981,2,0,0,0,0,1,0,1,0,0,0,0,0,0
1779,Kieran Richardson,1898,"[2012, 2013]",Fulham FC,20,17,3,1444,2,0,25,23,2,1760,3,0,45,40,5,3204,5,0,0,0,0,1,2,3,0,0,0,0,0,0
1780,Kieran Richardson,1898,"[2014, 2015]",Aston Villa,14,11,3,951,0,0,19,13,6,1184,0,0,33,24,9,2135,0,0,0,0,0,0,0,0,0,0,0,0,0,0
1781,Kieran Richardson,1898,[2004],West Bromwich Albion,6,5,1,448,2,0,5,5,0,353,1,0,11,10,1,801,3,0,0,0,0,1,1,2,0,0,0,0,0,0
1782,Djibril Ciss√©,1899,[2008],Sunderland AFC,17,17,0,1420,5,0,18,12,6,1099,5,0,35,29,6,2519,10,0,3,6,9,4,4,8,1,0,1,0,0,0
1783,Djibril Ciss√©,1899,"[2011, 2012]",Queens Park Rangers,12,9,3,831,4,0,14,10,4,905,5,0,26,19,7,1736,9,0,4,0,4,3,4,7,0,0,0,0,0,0
1784,Djibril Ciss√©,1899,"[2004, 2005]",Liverpool FC,23,13,10,1176,5,0,26,16,10,1511,8,0,49,29,20,2687,13,0,3,4,7,2,4,6,1,2,3,0,0,0
1785,Daryl Murphy,1900,"[2005, 2007, 2008, 2009]",Sunderland AFC,38,13,25,1347,4,0,32,19,13,1679,0,0,70,32,38,3026,4,0,1,0,1,2,0,2,0,0,0,0,0,0
1786,Jack Butland,1901,"[2013, 2014, 2015, 2016, 2017]",Stoke City,37,36,1,3284,0,0,39,39,0,3510,0,0,76,75,1,6794,0,0,0,0,0,0,0,0,0,0,0,0,0,0
1787,Kevin Wimmer,1902,[2017],Stoke City,7,6,1,577,0,0,10,8,2,744,0,0,17,14,3,1321,0,0,0,0,0,0,0,0,0,0,0,0,0,0
1788,Kevin Wimmer,1902,"[2015, 2016]",Tottenham Hotspur,5,4,1,401,0,0,10,9,1,768,0,0,15,13,2,1169,0,0,0,0,0,0,0,0,0,0,0,0,0,0
1789,Kurt Zouma,1903,[2017],Stoke City,16,14,2,1292,0,0,17,17,0,1506,1,0,33,31,2,2798,1,0,0,0,0,0,1,1,0,0,0,0,0,0
1790,Kurt Zouma,1903,"[2014, 2015, 2016, 2019]",Chelsea FC,37,30,7,2688,1,0,38,26,12,2462,0,0,75,56,19,5150,1,0,0,0,0,1,0,1,0,0,0,0,0,0
1791,Kurt Zouma,1903,[2018],Everton FC,16,15,1,1351,1,0,16,14,2,1262,1,0,32,29,3,2613,2,0,0,0,0,1,1,2,0,0,0,0,0,0
1792,Xherdan Shaqiri,1904,"[2015, 2016, 2017]",Stoke City,42,42,0,3221,6,0,41,41,0,3477,9,0,83,83,0,6698,15,0,4,1,5,5,8,13,0,0,0,0,0,0
1793,Xherdan Shaqiri,1904,"[2018, 2019]",Liverpool FC,15,8,7,705,6,0,16,5,11,536,1,0,31,13,18,1241,7,0,0,0,0,1,0,1,0,0,0,0,0,0
1794,Saido Berahino,1905,[2017],Stoke City,10,1,9,274,0,0,5,2,3,210,0,0,15,3,12,484,0,0,0,0,0,0,0,0,0,0,0,0,0,0
1795,Saido Berahino,1905,"[2013, 2014, 2015, 2016]",West Bromwich Albion,54,34,20,3395,17,0,51,29,22,2927,6,0,105,63,42,6322,23,0,16,8,24,12,6,18,4,1,5,0,0,0
1796,Eric Maxim Choupo-Moting,1906,[2017],Stoke City,14,13,1,1124,4,0,15,12,3,1045,1,0,29,25,4,2169,5,0,1,0,1,3,1,4,0,0,0,0,0,0
1797,Ibrahim Afellay,1907,"[2015, 2016, 2017]",Stoke City,23,14,9,1330,1,0,26,14,12,1379,1,0,49,28,21,2709,2,0,0,0,0,1,0,1,0,0,0,0,0,0
1798,Lee Grant,1908,"[2016, 2017]",Stoke City,16,16,0,1440,0,0,15,15,0,1350,0,0,31,31,0,2790,0,0,0,0,0,0,0,0,0,0,0,0,0,0
1799,Lee Grant,1908,"[2018, 2019]",Manchester United,0,0,0,0,0,0,0,0,0,0,0,0,0,0,0,0,0,0,0,0,0,0,0,0,0,0,0,0,0,0
1800,Josh Tymon,1909,[2017],Stoke City,1,0,1,27,0,0,2,2,0,136,0,0,3,2,1,163,0,0,0,0,0,0,0,0,0,0,0,0,0,0
1801,Josh Tymon,1909,[2016],Hull City,3,2,1,191,0,0,2,2,0,134,0,0,5,4,1,325,0,0,0,0,0,0,0,0,0,0,0,0,0,0
1802,C√©dric Soares,1910,"[2015, 2016, 2017, 2018, 2019]",Southampton FC,60,59,1,5164,1,0,60,58,2,4928,0,0,120,117,3,10092,1,0,0,0,0,0,0,0,0,0,0,0,0,0
1803,Mario Lemina,1911,"[2017, 2018]",Southampton FC,20,19,1,1607,0,0,26,19,7,1731,2,0,46,38,8,3338,2,0,0,0,0,0,1,1,0,0,0,0,0,0
1804,Sofiane Boufal,1912,"[2016, 2017, 2019]",Southampton FC,35,16,19,1628,2,0,35,15,20,1447,1,0,70,31,39,3075,3,0,6,0,6,2,0,2,0,0,0,0,0,0
1805,Manolo Gabbiadini,1913,"[2016, 2017, 2018]",Southampton FC,27,14,13,1313,5,0,24,11,13,962,5,0,51,25,26,2275,10,0,1,4,5,5,4,9,1,0,1,0,0,0
1806,Wesley Hoedt,1914,"[2017, 2018]",Southampton FC,17,17,0,1530,0,0,24,24,0,2160,0,0,41,41,0,3690,0,0,0,0,0,0,0,0,0,0,0,0,0,0
1807,Dele Alli,1915,"[2015, 2016, 2017, 2018, 2019]",Tottenham Hotspur,75,67,8,5878,21,0,81,73,8,6306,29,0,156,140,16,12184,50,0,4,6,10,12,17,29,1,1,2,0,0,0
1808,Orestis Karnezis,1916,[2017],Watford FC,7,7,0,630,0,0,8,7,1,661,0,0,15,14,1,1291,0,0,0,0,0,0,0,0,0,0,0,0,0,0
1809,Adrian Mariappa,1917,"[2006, 2016, 2017, 2018, 2019]",Watford FC,45,37,8,3496,0,0,55,45,10,4295,0,0,100,82,18,7791,0,0,0,0,0,0,0,0,0,0,0,0,0,0
1810,Adrian Mariappa,1917,[2012],Reading FC,15,15,0,1350,0,0,14,14,0,1260,1,0,29,29,0,2610,1,0,0,0,0,0,0,0,0,0,0,0,0,0
1811,Adrian Mariappa,1917,"[2013, 2014, 2015]",Crystal Palace,15,12,3,1209,1,0,23,21,2,1909,0,0,38,33,5,3118,1,0,0,0,0,1,0,1,0,0,0,0,0,0
1812,Craig Cathcart,1918,"[2015, 2016, 2017, 2018, 2019]",Watford FC,61,58,3,5168,2,0,61,57,4,5154,2,0,122,115,7,10322,4,0,3,0,3,1,2,3,0,0,0,0,0,0
1813,Craig Cathcart,1918,[2010],Blackpool FC,16,15,1,1275,1,0,14,13,1,1113,0,0,30,28,2,2388,1,0,0,0,0,1,0,1,0,0,0,0,0,0
1814,Kiko Femen√≠a,1919,"[2017, 2018, 2019]",Watford FC,40,33,7,3065,2,0,40,34,6,2936,0,0,80,67,13,6001,2,0,0,0,0,1,0,1,0,0,0,0,0,0
1815,Jos√© Cholevas,1920,"[2015, 2016, 2017, 2018, 2019]",Watford FC,58,53,5,4707,3,0,56,55,1,4991,3,0,114,108,6,9698,6,0,1,4,5,1,2,3,0,0,0,0,0,0
1816,Christian Kabasele,1921,"[2016, 2017, 2018, 2019]",Watford FC,49,41,8,3742,1,0,43,38,5,3299,3,0,92,79,13,7041,4,0,0,0,0,1,1,2,0,0,0,0,0,0
1817,Abdoulaye Doucour√©,1922,"[2016, 2017, 2018, 2019]",Watford FC,67,62,5,5633,9,0,62,59,3,5278,8,0,129,121,8,10911,17,0,2,0,2,4,6,10,0,0,0,0,0,0
1818,Will Hughes,1923,"[2017, 2018, 2019]",Watford FC,38,34,4,2781,2,0,39,35,4,2913,3,0,77,69,8,5694,5,0,0,0,0,2,2,4,0,0,0,0,0,0
1819,√âtienne Capoue,1924,"[2015, 2016, 2017, 2018, 2019]",Watford FC,80,77,3,6767,4,0,76,74,2,6389,5,0,156,151,5,13156,9,0,3,0,3,4,4,8,0,0,0,0,0,0
1820,√âtienne Capoue,1924,"[2013, 2014]",Tottenham Hotspur,11,8,3,751,1,0,13,11,2,834,0,0,24,19,5,1585,1,0,0,0,0,0,0,0,0,0,0,0,0,0
1821,Andre Gray,1925,"[2017, 2018, 2019]",Watford FC,38,21,17,1927,8,0,45,15,30,1674,6,0,83,36,47,3601,14,0,7,0,7,5,3,8,0,0,0,0,0,0
1822,Andre Gray,1925,[2016],Burnley FC,14,12,2,1035,5,0,18,14,4,1232,4,0,32,26,6,2267,9,0,3,0,3,2,3,5,0,2,2,0,0,0
1823,Andr√© Carrillo,1926,[2017],Watford FC,15,7,8,748,1,0,13,9,4,789,0,0,28,16,12,1537,1,0,0,0,0,1,0,1,0,0,0,0,0,0
1824,Gerard Deulofeu,1927,"[2017, 2018, 2019]",Watford FC,31,27,4,2198,6,0,34,29,5,2431,9,0,65,56,9,4629,15,0,0,0,0,2,4,6,1,0,1,0,0,0
1825,Gerard Deulofeu,1927,"[2013, 2015, 2016]",Everton FC,29,14,15,1275,4,0,33,15,18,1460,1,0,62,29,33,2735,5,0,0,1,1,4,1,5,0,0,0,0,0,0
1826,Troy Deeney,1928,"[2015, 2016, 2017, 2018, 2019]",Watford FC,82,73,9,6788,27,0,81,68,13,6205,20,0,163,141,22,12993,47,0,14,3,17,19,11,30,13,5,18,0,0,0
1827,Daryl Janmaat,1929,"[2016, 2017, 2018, 2019]",Watford FC,40,32,8,2784,1,0,36,31,5,2781,4,0,76,63,13,5565,5,0,0,0,0,1,1,2,0,0,0,0,0,0
1828,Daryl Janmaat,1929,"[2014, 2015]",Newcastle United,34,34,0,2994,3,0,35,35,0,3065,0,0,69,69,0,6059,3,0,0,0,0,1,0,1,0,0,0,0,0,0
1829,Miguel Britos,1930,"[2015, 2016, 2017, 2018]",Watford FC,32,30,2,2613,2,0,34,33,1,2822,0,0,66,63,3,5435,2,0,4,0,4,2,0,2,0,0,0,0,0,0
1830,Jerome Sinclair,1931,"[2016, 2017]",Watford FC,3,0,3,21,0,0,6,1,5,122,0,0,9,1,8,143,0,0,0,0,0,0,0,0,0,0,0,0,0,0
1831,Jerome Sinclair,1931,"[2014, 2015]",Liverpool FC,1,0,1,3,0,0,1,0,1,22,0,0,2,0,2,25,0,0,0,0,0,0,0,0,0,0,0,0,0,0
1832,Mark Crossley,1932,"[2003, 2004, 2005]",Fulham FC,12,11,1,990,0,0,7,7,0,611,0,0,19,18,1,1601,0,0,0,0,0,0,0,0,0,0,0,0,0,0
1833,Mark Crossley,1932,"[2000, 2001, 2002]",Middlesbrough FC,10,9,1,868,0,0,12,11,1,925,0,0,22,20,2,1793,0,0,0,0,0,0,0,0,0,0,0,0,0,0
1834,Mark Pembridge,1933,"[2003, 2004, 2005]",Fulham FC,22,19,3,1627,0,0,20,18,2,1565,1,0,42,37,5,3192,1,0,0,0,0,0,1,1,0,0,0,0,0,0
1835,Mark Pembridge,1933,"[2000, 2001, 2002]",Everton FC,24,19,5,1722,2,0,31,29,2,2388,0,0,55,48,7,4110,2,0,0,0,0,1,0,1,0,0,0,0,0,0
1836,Zeshan Rehman,1934,"[2003, 2004, 2005]",Fulham FC,9,8,1,765,0,0,10,8,2,792,0,0,19,16,3,1557,0,0,0,0,0,0,0,0,0,0,0,0,0,0
1837,Tomasz Radzinski,1935,"[2004, 2005, 2006]",Fulham FC,49,36,13,3171,6,0,48,31,17,3030,4,0,97,67,30,6201,10,0,3,0,3,1,2,3,0,0,0,0,0,0
1838,Tomasz Radzinski,1935,"[2001, 2002, 2003]",Everton FC,46,36,10,3274,18,0,41,38,3,3265,7,0,87,74,13,6539,25,0,15,1,16,15,4,19,0,0,0,0,0,0
1839,Noureddine Naybet,1936,"[2004, 2005]",Tottenham Hotspur,15,15,0,1309,1,0,15,14,1,1248,0,0,30,29,1,2557,1,0,0,0,0,1,0,1,0,0,0,0,0,0
1840,Goran Bunjevƒçeviƒá,1937,"[2001, 2002, 2003, 2004]",Tottenham Hotspur,26,19,7,1732,0,0,25,22,3,1933,0,0,51,41,10,3665,0,0,0,0,0,0,0,0,0,0,0,0,0,0
1841,Reto Ziegler,1938,"[2004, 2006]",Tottenham Hotspur,9,6,3,575,1,0,14,6,8,541,0,0,23,12,11,1116,1,0,0,0,0,0,0,0,0,0,0,0,0,0
1842,Reto Ziegler,1938,[2005],Wigan Athletic,6,2,4,279,0,0,4,3,1,275,0,0,10,5,5,554,0,0,0,0,0,0,0,0,0,0,0,0,0,0
1843,Roy Carroll,1939,"[2005, 2006]",West Ham United,15,15,0,1350,0,0,16,16,0,1440,0,0,31,31,0,2790,0,0,0,0,0,0,0,0,0,0,0,0,0,0
1844,Roy Carroll,1939,"[2001, 2002, 2003, 2004]",Manchester United,20,18,2,1688,0,0,28,27,1,2483,0,0,48,45,3,4171,0,0,0,0,0,0,0,0,0,0,0,0,0,0
1845,Roy Carroll,1939,[2007],Derby County,7,7,0,630,0,0,7,7,0,630,0,0,14,14,0,1260,0,0,0,0,0,0,0,0,0,0,0,0,0,0
1846,Carl Fletcher,1940,[2005],West Ham United,7,4,3,372,1,0,4,1,3,206,0,0,11,5,6,578,1,0,0,0,0,1,0,1,0,0,0,0,0,0
1847,Hayden Mullins,1941,"[2005, 2006, 2007, 2008]",West Ham United,56,43,13,3913,2,0,57,48,9,4403,1,0,113,91,22,8316,3,0,3,0,3,1,1,2,0,0,0,0,0,0
1848,Hayden Mullins,1941,[2009],Portsmouth FC,9,6,3,522,0,0,9,9,0,795,0,0,18,15,3,1317,0,0,0,0,0,0,0,0,0,0,0,0,0,0
1849,Marlon Harewood,1942,"[2005, 2006]",West Ham United,34,23,11,2189,10,0,33,26,7,2304,7,0,67,49,18,4493,17,0,3,6,9,6,5,11,1,1,2,0,0,0
1850,Marlon Harewood,1942,[2010],Blackpool FC,8,3,5,311,2,0,8,4,4,350,3,0,16,7,9,661,5,0,0,0,0,1,1,2,0,0,0,0,0,0
1851,Marlon Harewood,1942,"[2007, 2008]",Aston Villa,14,0,14,265,1,0,15,1,14,298,4,0,29,1,28,563,5,0,0,0,0,0,1,1,0,0,0,0,0,0
1852,Bobby Zamora,1943,"[2005, 2006, 2007]",West Ham United,42,28,14,2430,8,0,34,24,10,2076,10,0,76,52,24,4506,18,0,4,10,14,8,8,16,0,0,0,0,0,0
1853,Bobby Zamora,1943,"[2008, 2009, 2010]",Fulham FC,36,30,6,2496,12,0,34,32,2,2680,3,0,70,62,8,5176,15,0,9,3,12,8,3,11,1,0,1,0,0,0
1854,Bobby Zamora,1943,"[2011, 2012, 2014]",Queens Park Rangers,35,29,6,2463,2,0,31,20,11,1881,7,0,66,49,17,4344,9,0,1,1,2,2,3,5,0,0,0,0,0,0
1855,Bobby Zamora,1943,[2003],Tottenham Hotspur,8,4,4,352,0,0,8,2,6,263,0,0,16,6,10,615,0,0,0,0,0,0,0,0,0,0,0,0,0,0
1856,David Bellion,1944,[2005],West Ham United,3,1,2,85,0,0,5,1,4,130,0,0,8,2,6,215,0,0,0,0,0,0,0,0,0,0,0,0,0,0
1857,David Bellion,1944,"[2003, 2004]",Manchester United,15,5,10,577,3,0,9,0,9,90,1,0,24,5,19,667,4,0,0,0,0,1,1,2,0,0,0,0,0,0
1858,David Bellion,1944,"[2001, 2002]",Sunderland AFC,8,3,5,370,1,0,12,2,10,409,0,0,20,5,15,779,1,0,3,0,3,1,0,1,0,0,0,0,0,0
1859,Robbie Elliott,1945,"[2001, 2002, 2004, 2005]",Newcastle United,30,27,3,2290,1,0,32,27,5,2442,1,0,62,54,8,4732,2,0,0,0,0,1,0,1,0,0,0,0,0,0
1860,Jean-Alain Boumsong,1946,"[2004, 2005]",Newcastle United,22,21,1,1949,0,0,24,22,2,1952,0,0,46,43,3,3901,0,0,0,0,0,0,0,0,0,0,0,0,0,0
1861,Peter Ramage,1947,"[2004, 2005, 2006, 2007]",Newcastle United,23,21,2,1894,0,0,27,23,4,2099,0,0,50,44,6,3993,0,0,0,0,0,0,0,0,0,0,0,0,0,0
1862,Peter Ramage,1947,[2013],Crystal Palace,0,0,0,0,0,0,0,0,0,0,0,0,0,0,0,0,0,0,0,0,0,0,0,0,0,0,0,0,0,0
1863,Peter Ramage,1947,[2011],Queens Park Rangers,0,0,0,0,0,0,0,0,0,0,0,0,0,0,0,0,0,0,0,0,0,0,0,0,0,0,0,0,0,0
1864,Alan Shearer,1948,"[2000, 2001, 2002, 2003, 2004, 2005]",Newcastle United,94,93,1,8302,47,0,87,84,3,7391,37,0,181,177,4,15693,84,0,23,13,36,25,27,52,11,12,23,0,0,0
1865,Michael Owen,1949,"[2005, 2006, 2007, 2008]",Newcastle United,33,26,7,2430,14,0,38,32,6,2773,12,0,71,58,13,5203,26,0,9,1,10,8,7,15,2,1,3,0,0,0
1866,Michael Owen,1949,"[2000, 2002, 2003]",Liverpool FC,47,44,3,3847,30,0,40,32,8,2812,21,0,87,76,11,6659,51,0,9,0,9,18,12,30,4,2,6,0,0,0
1867,Michael Owen,1949,"[2009, 2010, 2011]",Manchester United,16,3,13,516,3,0,14,3,11,386,2,0,30,6,24,902,5,0,3,1,4,1,1,2,0,0,0,0,0,0
1868,Michael Owen,1949,[2001],West Ham United,1,0,1,31,0,0,0,0,0,0,0,0,1,0,1,31,0,0,0,0,0,0,0,0,0,0,0,0,0,0
1869,Michael Owen,1949,[2012],Stoke City,3,0,3,26,0,0,5,0,5,69,1,0,8,0,8,95,1,0,0,0,0,0,0,0,0,0,0,0,0,0
1870,Shola Ameobi,1950,"[2000, 2001, 2002, 2003, 2004, 2005, 2006, 2007, 2008, 2010, 2011, 2012, 2013]",Newcastle United,147,80,67,7521,31,0,134,72,62,6813,12,0,281,152,129,14334,43,0,9,6,15,20,7,27,5,0,5,0,0,0
1871,Shola Ameobi,1950,[2014],Crystal Palace,1,0,1,10,0,0,3,0,3,28,0,0,4,0,4,38,0,0,0,0,0,0,0,0,0,0,0,0,0,0
1872,Thomas Myhre,1951,"[2005, 2006]",Charlton Athletic,11,11,0,990,0,0,10,10,0,900,0,0,21,21,0,1890,0,0,0,0,0,0,0,0,0,0,0,0,0,0
1873,Thomas Myhre,1951,[2000],Everton FC,3,3,0,270,0,0,3,3,0,270,0,0,6,6,0,540,0,0,0,0,0,0,0,0,0,0,0,0,0,0
1874,Thomas Myhre,1951,[2002],Sunderland AFC,0,0,0,0,0,0,2,1,1,104,0,0,2,1,1,104,0,0,0,0,0,0,0,0,0,0,0,0,0,0
1875,Luke Young,1952,"[2001, 2002, 2003, 2004, 2005, 2006]",Charlton Athletic,91,88,3,7787,2,0,89,86,3,7638,2,0,180,174,6,15425,4,0,0,0,0,0,1,1,0,0,0,0,0,0
1876,Luke Young,1952,[2011],Queens Park Rangers,12,12,0,1055,0,0,11,11,0,977,2,0,23,23,0,2032,2,0,0,0,0,0,2,2,0,0,0,0,0,0
1877,Luke Young,1952,"[2008, 2009, 2010]",Aston Villa,33,31,2,2815,2,0,32,31,1,2689,0,0,65,62,3,5504,2,0,3,0,3,2,0,2,0,0,0,0,0,0
1878,Luke Young,1952,[2007],Middlesbrough FC,18,18,0,1580,1,0,17,17,0,1530,0,0,35,35,0,3110,1,0,1,0,1,1,0,1,0,0,0,0,0,0
1879,Luke Young,1952,[2000],Tottenham Hotspur,11,9,2,781,0,0,9,8,1,739,0,0,20,17,3,1520,0,0,0,0,0,0,0,0,0,0,0,0,0,0
1880,Hermann Hrei√∞arsson,1953,"[2003, 2004, 2005, 2006]",Charlton Athletic,67,65,2,5816,2,0,63,63,0,5647,1,0,130,128,2,11463,3,0,0,3,3,1,1,2,0,0,0,0,0,0
1881,Hermann Hrei√∞arsson,1953,"[2000, 2001]",Ipswich Town,37,37,0,3289,1,0,35,34,1,3059,1,0,72,71,1,6348,2,0,0,0,0,1,0,1,0,0,0,0,0,0
1882,Hermann Hrei√∞arsson,1953,"[2007, 2008, 2009]",Portsmouth FC,35,32,3,2790,5,0,36,33,3,2865,1,0,71,65,6,5655,6,0,0,0,0,4,0,4,0,0,0,0,0,0
1883,Chris Perry,1954,"[2003, 2004, 2005]",Charlton Athletic,37,35,2,3175,2,0,38,33,5,2989,1,0,75,68,7,6164,3,0,1,0,1,1,0,1,0,0,0,0,0,0
1884,Chris Perry,1954,"[2000, 2001, 2002]",Tottenham Hotspur,39,36,3,3109,0,0,41,36,5,3297,2,0,80,72,8,6406,2,0,0,0,0,0,1,1,0,0,0,0,0,0
1885,Matt Holland,1955,"[2003, 2004, 2005, 2006]",Charlton Athletic,64,58,6,5163,3,0,59,55,4,4852,8,0,123,113,10,10015,11,0,4,6,10,3,7,10,0,0,0,0,0,0
1886,Matt Holland,1955,"[2000, 2001]",Ipswich Town,38,38,0,3379,5,0,36,36,0,3240,1,0,74,74,0,6619,6,0,0,3,3,4,1,5,0,0,0,0,0,0
1887,Darren Ambrose,1956,"[2005, 2006]",Charlton Athletic,28,19,9,1763,4,0,26,21,5,1709,2,0,54,40,14,3472,6,0,0,1,1,3,2,5,0,0,0,0,0,0
1888,Darren Ambrose,1956,"[2002, 2003, 2004]",Newcastle United,17,9,8,836,0,0,18,7,11,711,5,0,35,16,19,1547,5,0,0,2,2,0,5,5,0,0,0,0,0,0
1889,Darren Ambrose,1956,[2001],Ipswich Town,0,0,0,0,0,0,1,0,1,5,0,0,1,0,1,5,0,0,0,0,0,0,0,0,0,0,0,0,0,0
1890,Bryan Hughes,1957,"[2004, 2005, 2006]",Charlton Athletic,36,21,15,2031,4,0,37,25,12,2253,1,0,73,46,27,4284,5,0,3,0,3,4,0,4,0,0,0,0,0,0
1891,Bryan Hughes,1957,[2008],Hull City,2,0,2,23,0,0,4,1,3,105,0,0,6,1,5,128,0,0,0,0,0,0,0,0,0,0,0,0,0,0
1892,Bryan Hughes,1957,"[2002, 2003]",Birmingham City,25,12,13,1246,5,0,23,15,8,1375,0,0,48,27,21,2621,5,0,0,0,0,4,0,4,0,0,0,0,0,0
1893,Darren Bent,1958,"[2005, 2006]",Charlton Athletic,34,34,0,3012,20,0,34,34,0,3016,12,0,68,68,0,6028,32,0,15,3,18,15,7,22,4,2,6,0,0,0
1894,Darren Bent,1958,"[2007, 2008]",Tottenham Hotspur,31,15,16,1602,8,0,28,17,11,1670,10,0,59,32,27,3272,18,0,3,4,7,3,7,10,1,0,1,0,0,0
1895,Darren Bent,1958,[2009],Sunderland AFC,19,19,0,1681,16,0,18,18,0,1619,8,0,37,37,0,3300,24,0,6,6,12,9,7,16,4,1,5,0,0,0
1896,Darren Bent,1958,"[2010, 2011, 2012, 2014]",Aston Villa,32,22,10,2061,10,0,29,23,6,2086,11,0,61,45,16,4147,21,0,5,0,5,6,8,14,1,1,2,0,0,0
1897,Darren Bent,1958,[2013],Fulham FC,12,5,7,584,2,0,12,6,6,656,1,0,24,11,13,1240,3,0,3,1,4,1,1,2,0,0,0,0,0,0
1898,Darren Bent,1958,[2001],Ipswich Town,4,1,3,160,1,0,1,1,0,69,0,0,5,2,3,229,1,0,3,0,3,1,0,1,0,0,0,0,0,0
1899,Talal El-Karkouri,1959,"[2004, 2005, 2006]",Charlton Athletic,41,34,7,3144,7,0,35,32,3,2912,1,0,76,66,10,6056,8,0,6,1,7,6,1,7,0,0,0,0,0,0
1900,Talal El-Karkouri,1959,[2002],Sunderland AFC,4,4,0,328,0,0,4,4,0,325,0,0,8,8,0,653,0,0,0,0,0,0,0,0,0,0,0,0,0,0
1901,Jay Bothroyd,1960,[2005],Charlton Athletic,10,3,7,388,2,0,8,0,8,175,0,0,18,3,15,563,2,0,0,0,0,0,0,0,0,0,0,0,0,0
1902,Jay Bothroyd,1960,[2000],Leeds United,1,0,1,14,0,0,0,0,0,0,0,0,1,0,1,14,0,0,0,0,0,0,0,0,0,0,0,0,0,0
1903,Jay Bothroyd,1960,"[2011, 2012]",Queens Park Rangers,10,6,4,517,1,0,15,8,7,823,2,0,25,14,11,1340,3,0,0,3,3,1,1,2,0,0,0,0,0,0
1904,Jay Bothroyd,1960,[2004],Blackburn Rovers,5,3,2,270,1,0,6,3,3,264,0,0,11,6,5,534,1,0,0,0,0,1,0,1,0,0,0,0,0,0
1905,Milan Baro≈°,1961,"[2005, 2006]",Aston Villa,23,18,5,1531,6,0,19,16,3,1384,3,0,42,34,8,2915,9,0,6,4,10,4,2,6,0,1,1,0,0,0
1906,Milan Baro≈°,1961,"[2002, 2003, 2004]",Liverpool FC,30,16,14,1717,9,0,36,29,7,2305,10,0,66,45,21,4022,19,0,3,2,5,6,7,13,3,0,3,0,0,0
1907,Milan Baro≈°,1961,[2007],Portsmouth FC,7,5,2,405,0,0,5,3,2,214,0,0,12,8,4,619,0,0,0,0,0,0,0,0,0,0,0,0,0,0
1908,Colin Doyle,1962,"[2007, 2010]",Birmingham City,2,2,0,180,0,0,2,1,1,140,0,0,4,3,1,320,0,0,0,0,0,0,0,0,0,0,0,0,0,0
1909,Olivier Kapo,1963,[2007],Birmingham City,12,12,0,1032,3,0,14,10,4,986,2,0,26,22,4,2018,5,0,6,0,6,3,2,5,1,0,1,0,0,0
1910,Olivier Kapo,1963,"[2008, 2009]",Wigan Athletic,8,4,4,330,0,0,12,6,6,593,1,0,20,10,10,923,1,0,0,0,0,0,1,1,0,0,0,0,0,0
1911,Fabrice Muamba,1964,[2007],Birmingham City,19,19,0,1646,1,0,18,18,0,1552,1,0,37,37,0,3198,2,0,0,0,0,0,0,0,0,0,0,0,0,0
1912,Fabrice Muamba,1964,"[2008, 2009, 2010, 2011]",Bolton Wanderers,63,55,8,4497,2,0,66,62,4,5129,1,0,129,117,12,9626,3,0,0,0,0,1,0,1,0,0,0,0,0,0
1913,Mikael Forssell,1965,"[2003, 2005, 2007]",Birmingham City,46,36,10,3247,19,0,43,27,16,2543,10,0,89,63,26,5790,29,0,7,3,10,11,4,15,3,0,3,0,0,0
1914,Mikael Forssell,1965,"[2001, 2004]",Chelsea FC,11,1,10,200,3,0,11,1,10,258,1,0,22,2,20,458,4,0,3,0,3,1,1,2,0,0,0,0,0,0
1915,Gary McSheffrey,1966,"[2007, 2009]",Birmingham City,16,11,5,984,2,0,21,14,7,1166,1,0,37,25,12,2150,3,0,0,0,0,0,1,1,2,1,3,0,0,0
1916,Garry O'Connor,1967,"[2007, 2009, 2010]",Birmingham City,20,7,13,809,1,0,16,5,11,674,2,0,36,12,24,1483,3,0,0,4,4,1,2,3,0,0,0,0,0,0
1917,Greg Halford,1968,[2007],Sunderland AFC,3,3,0,270,0,0,5,5,0,430,0,0,8,8,0,700,0,0,0,0,0,0,0,0,0,0,0,0,0,0
1918,Greg Halford,1968,[2006],Reading FC,2,1,1,91,0,0,1,1,0,90,0,0,3,2,1,181,0,0,0,0,0,0,0,0,0,0,0,0,0,0
1919,Greg Halford,1968,"[2009, 2010]",Wolverhampton Wanderers,8,5,3,410,0,0,9,7,2,509,0,0,17,12,5,919,0,0,0,0,0,0,0,0,0,0,0,0,0,0
1920,Dickson Etuhu,1969,[2007],Sunderland AFC,9,9,0,746,1,0,11,9,2,762,0,0,20,18,2,1508,1,0,0,0,0,1,0,1,0,0,0,0,0,0
1921,Dickson Etuhu,1969,"[2008, 2009, 2010, 2011]",Fulham FC,43,33,10,2957,1,0,47,31,16,2853,2,0,90,64,26,5810,3,0,0,1,1,0,2,2,0,0,0,0,0,0
1922,David Connolly,1970,[2007],Sunderland AFC,2,0,2,37,0,0,1,1,0,58,0,0,3,1,2,95,0,0,0,0,0,0,0,0,0,0,0,0,0,0
1923,David Connolly,1970,"[2005, 2006]",Wigan Athletic,9,1,8,224,0,0,10,3,7,339,1,0,19,4,15,563,1,0,0,0,0,0,1,1,0,0,0,0,0,0
1924,Stern John,1971,[2007],Sunderland AFC,0,0,0,0,0,0,1,0,1,32,1,0,1,0,1,32,1,0,0,1,1,0,1,1,0,0,0,0,0,0
1925,Stern John,1971,"[2002, 2003, 2004]",Birmingham City,32,11,21,1221,2,0,30,16,14,1442,7,0,62,27,35,2663,9,0,1,6,7,2,6,8,0,1,1,0,0,0
1926,Enda Stevens,1972,"[2011, 2012]",Aston Villa,4,4,0,294,0,0,3,2,1,177,0,0,7,6,1,471,0,0,0,0,0,0,0,0,0,0,0,0,0,0
1927,Enda Stevens,1972,[2019],Sheffield United,19,19,0,1637,1,0,19,19,0,1710,1,0,38,38,0,3347,2,0,0,0,0,1,1,2,0,0,0,0,0,0
1928,Nathan Baker,1973,"[2010, 2011, 2012, 2013, 2014, 2015]",Aston Villa,41,38,3,3146,0,0,37,33,4,2808,0,0,78,71,7,5954,0,0,0,0,0,0,0,0,0,0,0,0,0,0
1929,Brett Holman,1974,[2012],Aston Villa,13,8,5,704,0,0,13,7,6,641,1,0,26,15,11,1345,1,0,0,0,0,0,1,1,0,0,0,0,0,0
1930,Barry Bannan,1975,"[2010, 2011, 2012]",Aston Villa,34,20,14,1935,0,0,29,14,15,1485,1,0,63,34,29,3420,1,0,0,0,0,0,1,1,0,1,1,0,0,0
1931,Barry Bannan,1975,"[2013, 2014]",Crystal Palace,10,8,2,571,0,0,12,7,5,572,1,0,22,15,7,1143,1,0,0,3,3,0,1,1,0,0,0,0,0,0
1932,Eric Lichaj,1976,"[2010, 2011, 2012]",Aston Villa,17,11,6,1139,1,0,14,9,5,1055,0,0,31,20,11,2194,1,0,0,0,0,1,0,1,0,0,0,0,0,0
1933,Jordan Bowery,1977,"[2012, 2013]",Aston Villa,10,2,8,270,0,0,8,3,5,251,0,0,18,5,13,521,0,0,0,0,0,0,0,0,0,0,0,0,0,0
1934,Sean Morrison,1978,[2012],Reading FC,8,8,0,720,1,0,7,7,0,605,1,0,15,15,0,1325,2,0,0,0,0,1,1,2,0,0,0,0,0,0
1935,Sean Morrison,1978,[2018],Cardiff City,18,18,0,1600,0,0,16,16,0,1440,1,0,34,34,0,3040,1,0,0,0,0,0,0,0,0,0,0,0,0,0
1936,Shaun Cummings,1979,[2012],Reading FC,4,4,0,360,0,0,5,5,0,450,0,0,9,9,0,810,0,0,0,0,0,0,0,0,0,0,0,0,0,0
1937,Mikele Leigertwood,1980,[2012],Reading FC,15,14,1,1295,1,0,15,15,0,1350,0,0,30,29,1,2645,1,0,0,0,0,1,0,1,0,0,0,0,0,0
1938,Mikele Leigertwood,1980,[2006],Sheffield United,9,8,1,638,0,0,10,8,2,781,0,0,19,16,3,1419,0,0,0,0,0,0,0,0,0,0,0,0,0,0
1939,Mikele Leigertwood,1980,[2004],Crystal Palace,10,8,2,759,1,0,10,8,2,804,0,0,20,16,4,1563,1,0,0,0,0,1,0,1,0,0,0,0,0,0
1940,Joel McAnuff,1981,[2012],Reading FC,19,19,0,1625,0,0,19,19,0,1649,0,0,38,38,0,3274,0,0,0,0,0,0,0,0,0,0,0,0,0,0
1941,Jay Tabb,1982,[2012],Reading FC,5,5,0,429,0,0,7,7,0,591,0,0,12,12,0,1020,0,0,0,0,0,0,0,0,0,0,0,0,0,0
1942,Adam Le Fondre,1983,[2012],Reading FC,18,5,13,750,8,0,16,6,10,739,4,0,34,11,23,1489,12,0,5,3,8,6,3,9,3,0,3,0,0,0
1943,Hal Robson-Kanu,1984,[2012],Reading FC,12,6,6,618,3,0,13,7,6,658,4,0,25,13,12,1276,7,0,1,0,1,2,1,3,0,1,1,0,0,0
1944,Hal Robson-Kanu,1984,"[2016, 2017]",West Bromwich Albion,23,4,19,576,2,0,27,9,18,935,3,0,50,13,37,1511,5,0,0,6,6,2,2,4,0,0,0,0,0,0
1945,Noel Hunt,1985,[2012],Reading FC,12,5,7,445,1,0,12,5,7,506,1,0,24,10,14,951,2,0,0,0,0,1,0,1,0,0,0,0,0,0
1946,Garath McCleary,1986,[2012],Reading FC,16,6,10,709,1,0,15,9,6,862,2,0,31,15,16,1571,3,0,0,0,0,1,0,1,0,0,0,0,0,0
1947,Alex Pearce,1987,[2012],Reading FC,8,8,0,720,0,0,11,10,1,925,0,0,19,18,1,1645,0,0,0,0,0,0,0,0,0,0,0,0,0,0
1948,Brynjar Gunnarsson,1988,"[2006, 2007, 2012]",Reading FC,22,13,9,1260,2,0,19,13,6,1290,1,0,41,26,15,2550,3,0,0,1,1,2,1,3,0,0,0,0,0,0
1949,Pavel Pogrebnyak,1989,[2012],Reading FC,16,14,2,1151,2,0,13,12,1,919,3,0,29,26,3,2070,5,0,6,0,6,2,3,5,0,0,0,0,0,0
1950,Pavel Pogrebnyak,1989,[2011],Fulham FC,6,6,0,444,5,0,6,6,0,506,1,0,12,12,0,950,6,0,0,3,3,3,1,4,0,0,0,0,0,0
1951,Danny Higginbotham,1990,"[2008, 2009, 2010, 2011]",Stoke City,35,34,1,3049,4,0,29,27,2,2372,0,0,64,61,3,5421,4,0,0,0,0,3,0,3,1,0,1,0,0,0
1952,Danny Higginbotham,1990,"[2002, 2003, 2004]",Southampton FC,22,18,4,1726,0,0,32,26,6,2474,1,0,54,44,10,4200,1,0,0,1,1,0,1,1,0,0,0,0,0,0
1953,Danny Higginbotham,1990,"[2000, 2001]",Derby County,27,27,0,2427,0,0,30,27,3,2442,1,0,57,54,3,4869,1,0,0,0,0,0,0,0,0,1,1,0,0,0
1954,Danny Higginbotham,1990,[2007],Sunderland AFC,9,9,0,810,3,0,11,11,0,990,0,0,20,20,0,1800,3,0,0,0,0,3,0,3,0,0,0,0,0,0
1955,Tom Soares,1991,"[2008, 2010, 2011]",Stoke City,4,4,0,287,0,0,3,1,2,125,0,0,7,5,2,412,0,0,0,0,0,0,0,0,0,0,0,0,0,0
1956,Tom Soares,1991,[2004],Crystal Palace,9,7,2,659,0,0,13,9,4,894,0,0,22,16,6,1553,0,0,0,0,0,0,0,0,0,0,0,0,0,0
1957,Salif Diao,1992,"[2008, 2009, 2010, 2011]",Stoke City,20,13,7,1101,0,0,30,21,9,1664,1,0,50,34,16,2765,1,0,0,3,3,0,1,1,0,0,0,0,0,0
1958,Salif Diao,1992,"[2002, 2003]",Liverpool FC,14,7,7,671,0,0,15,8,7,791,1,0,29,15,14,1462,1,0,0,3,3,0,1,1,0,0,0,0,0,0
1959,Salif Diao,1992,[2004],Birmingham City,1,1,0,90,0,0,1,1,0,68,0,0,2,2,0,158,0,0,0,0,0,0,0,0,0,0,0,0,0,0
1960,Salif Diao,1992,[2005],Portsmouth FC,6,3,3,282,0,0,5,4,1,374,0,0,11,7,4,656,0,0,0,0,0,0,0,0,0,0,0,0,0,0
1961,Rory Delap,1993,"[2008, 2009, 2010, 2011, 2012]",Stoke City,71,66,5,5722,4,0,63,53,10,4572,2,0,134,119,15,10294,6,0,3,0,3,3,2,5,0,0,0,0,0,0
1962,Rory Delap,1993,"[2001, 2002, 2003, 2004]",Southampton FC,54,51,3,4410,2,0,56,49,7,4269,3,0,110,100,10,8679,5,0,4,0,4,2,3,5,0,0,0,0,0,0
1963,Rory Delap,1993,[2000],Derby County,18,18,0,1580,1,0,13,12,1,1124,2,0,31,30,1,2704,3,0,0,3,3,0,2,2,0,0,0,0,0,0
1964,Rory Delap,1993,[2005],Sunderland AFC,2,2,0,136,0,0,4,3,1,286,1,0,6,5,1,422,1,0,0,1,1,0,1,1,0,0,0,0,0,0
1965,Mamady Sidibe,1994,"[2008, 2009, 2010, 2011]",Stoke City,25,16,9,1342,4,0,23,20,3,1609,1,0,48,36,12,2951,5,0,6,0,6,2,0,2,0,0,0,0,0,0
1966,Dave Kitson,1995,"[2008, 2009]",Stoke City,17,12,5,913,2,0,17,8,9,798,1,0,34,20,14,1711,3,0,3,0,3,2,1,3,0,0,0,0,0,0
1967,Dave Kitson,1995,"[2006, 2007]",Reading FC,25,20,5,1793,6,0,20,15,5,1385,6,0,45,35,10,3178,12,0,3,1,4,4,4,8,0,0,0,0,0,0
1968,Leon Cort,1996,[2008],Stoke City,6,5,1,416,0,0,5,4,1,428,0,0,11,9,2,844,0,0,0,0,0,0,0,0,0,0,0,0,0,0
1969,Leon Cort,1996,[2009],Burnley FC,8,8,0,720,0,0,7,7,0,573,0,0,15,15,0,1293,0,0,0,0,0,0,0,0,0,0,0,0,0,0
1970,Michael Tonge,1997,"[2008, 2010]",Stoke City,8,0,8,161,0,0,4,1,3,131,0,0,12,1,11,292,0,0,0,0,0,0,0,0,0,0,0,0,0,0
1971,Michael Tonge,1997,[2006],Sheffield United,12,9,3,787,2,0,13,12,1,1047,0,0,25,21,4,1834,2,0,0,0,0,1,0,1,0,0,0,0,0,0
1972,Richard Cresswell,1998,"[2008, 2009]",Stoke City,14,3,11,522,0,0,18,9,9,954,0,0,32,12,20,1476,0,0,0,0,0,0,0,0,0,0,0,0,0,0
1973,Richard Cresswell,1998,[2000],Leicester City,3,1,2,123,0,0,5,2,3,202,0,0,8,3,5,325,0,0,0,0,0,0,0,0,0,0,0,0,0,0
1974,Scott Carson,1999,"[2008, 2010]",West Bromwich Albion,32,32,0,2880,0,0,35,35,0,3150,0,0,67,67,0,6030,0,0,0,0,0,0,0,0,0,0,0,0,0,0
1975,Scott Carson,1999,[2003],Leeds United,1,0,1,1,0,0,2,2,0,180,0,0,3,2,1,181,0,0,0,0,0,0,0,0,0,0,0,0,0,0
1976,Scott Carson,1999,[2019],Manchester City,0,0,0,0,0,0,0,0,0,0,0,0,0,0,0,0,0,0,0,0,0,0,0,0,0,0,0,0,0,0
1977,Scott Carson,1999,[2007],Aston Villa,18,18,0,1620,0,0,17,17,0,1530,0,0,35,35,0,3150,0,0,0,0,0,0,0,0,0,0,0,0,0,0
1978,Scott Carson,1999,[2006],Charlton Athletic,18,18,0,1620,0,0,18,18,0,1620,0,0,36,36,0,3240,0,0,0,0,0,0,0,0,0,0,0,0,0,0
1979,Scott Carson,1999,[2004],Liverpool FC,2,2,0,180,0,0,2,2,0,180,0,0,4,4,0,360,0,0,0,0,0,0,0,0,0,0,0,0,0,0
1980,Robert Koren,2000,[2008],West Bromwich Albion,17,16,1,1440,2,0,18,18,0,1555,0,0,35,34,1,2995,2,0,0,0,0,0,0,0,0,0,0,0,0,0
1981,Robert Koren,2000,[2013],Hull City,14,5,9,623,2,0,8,5,3,509,0,0,22,10,12,1132,2,0,0,0,0,0,0,0,0,0,0,0,0,0
1982,Do-heon Kim,2001,[2008],West Bromwich Albion,6,3,3,320,0,0,10,6,4,443,0,0,16,9,7,763,0,0,0,0,0,0,0,0,0,0,0,0,0,0
1983,Gianni Zuiverloon,2002,"[2008, 2010]",West Bromwich Albion,17,16,1,1406,0,0,18,18,0,1607,0,0,35,34,1,3013,0,0,0,0,0,0,0,0,0,0,0,0,0,0
1984,Borja Valero,2003,[2008],West Bromwich Albion,15,13,2,1122,0,0,15,14,1,1179,0,0,30,27,3,2301,0,0,0,0,0,0,0,0,0,0,0,0,0,0
1985,Filipe Teixeira,2004,[2008],West Bromwich Albion,4,0,4,124,0,0,6,1,5,135,0,0,10,1,9,259,0,0,0,0,0,0,0,0,0,0,0,0,0,0
1986,Roman Bedn√°≈ô,2005,"[2008, 2010]",West Bromwich Albion,15,8,7,851,6,0,15,5,10,514,0,0,30,13,17,1365,6,0,6,0,6,5,0,5,2,0,2,0,0,0
1987,Zurab Khizanishvili,2006,"[2005, 2006, 2007, 2008]",Blackburn Rovers,30,26,4,2473,1,0,30,27,3,2428,0,0,60,53,7,4901,1,0,0,0,0,1,0,1,0,0,0,0,0,0
1988,Ryan Nelsen,2007,"[2004, 2005, 2006, 2007, 2008, 2010]",Blackburn Rovers,68,68,0,6020,3,0,72,72,0,6389,1,0,140,140,0,12409,4,0,0,0,0,1,0,1,0,0,0,0,0,0
1989,Ryan Nelsen,2007,[2011],Tottenham Hotspur,4,0,4,107,0,0,1,0,1,3,0,0,5,0,5,110,0,0,0,0,0,0,0,0,0,0,0,0,0,0
1990,Ryan Nelsen,2007,[2012],Queens Park Rangers,10,10,0,893,0,0,11,11,0,990,1,0,21,21,0,1883,1,0,0,0,0,0,1,1,0,0,0,0,0,0
1991,Ryan Nelsen,2007,[2009],Wigan Athletic,1,1,0,90,0,0,0,0,0,0,0,0,1,1,0,90,0,0,0,0,0,0,0,0,0,0,0,0,0,0
1992,Aaron Mokoena,2008,"[2004, 2005, 2006, 2007, 2008]",Blackburn Rovers,53,26,27,2498,0,0,46,28,18,2645,0,0,99,54,45,5143,0,0,0,0,0,0,0,0,0,0,0,0,0,0
1993,Aaron Mokoena,2008,[2009],Portsmouth FC,12,12,0,922,0,0,11,9,2,808,0,0,23,21,2,1730,0,0,0,0,0,0,0,0,0,0,0,0,0,0
1994,Morten Gamst Pedersen,2009,"[2004, 2005, 2006, 2007, 2008, 2010, 2011]",Blackburn Rovers,118,110,8,9440,20,0,106,100,6,8583,11,0,224,210,14,18023,31,0,10,9,19,16,9,25,0,0,0,0,0,0
1995,Morten Gamst Pedersen,2009,[2009],Wigan Athletic,1,0,1,14,0,0,0,0,0,0,0,0,1,0,1,14,0,0,0,0,0,0,0,0,0,0,0,0,0,0
1996,Vratislav Gre≈°ko,2010,"[2002, 2003, 2005]",Blackburn Rovers,16,14,2,1258,2,0,20,18,2,1570,0,0,36,32,4,2828,2,0,3,0,3,2,0,2,0,0,0,0,0,0
1997,Vratislav Gre≈°ko,2010,[2004],Southampton FC,1,0,1,1,0,0,0,0,0,0,0,0,1,0,1,1,0,0,0,0,0,0,0,0,0,0,0,0,0,0
1998,David Bentley,2011,"[2005, 2006, 2007]",Blackburn Rovers,52,49,3,4218,9,0,47,44,3,3928,4,0,99,93,6,8146,13,0,0,6,6,7,3,10,0,0,0,0,0,0
1999,David Bentley,2011,[2004],Norwich City,12,10,2,911,0,0,13,11,2,1000,2,0,25,21,4,1911,2,0,0,0,0,0,1,1,0,0,0,0,0,0
2000,David Bentley,2011,[2010],Birmingham City,7,6,1,560,0,0,6,3,3,258,0,0,13,9,4,818,0,0,0,0,0,0,0,0,0,0,0,0,0,0
2001,David Bentley,2011,"[2008, 2009]",Tottenham Hotspur,18,13,5,1247,1,0,21,17,4,1475,1,0,39,30,9,2722,2,0,0,0,0,0,1,1,0,0,0,0,0,0
2002,David Bentley,2011,[2003],Arsenal FC,0,0,0,0,0,0,1,1,0,61,0,0,1,1,0,61,0,0,0,0,0,0,0,0,0,0,0,0,0,0
2003,Craig Bellamy,2012,[2005],Blackburn Rovers,14,11,3,986,7,0,13,11,2,1027,6,0,27,22,5,2013,13,0,3,0,3,3,4,7,0,1,1,0,0,0
2004,Craig Bellamy,2012,"[2001, 2002, 2003, 2004]",Newcastle United,44,42,2,3723,16,0,43,40,3,3562,12,0,87,82,5,7285,28,0,10,0,10,10,8,18,0,0,0,0,0,0
2005,Craig Bellamy,2012,[2000],Leeds United,1,1,0,90,0,0,0,0,0,0,0,0,1,1,0,90,0,0,0,0,0,0,0,0,0,0,0,0,0,0
2006,Craig Bellamy,2012,"[2007, 2008]",West Ham United,11,9,2,789,2,0,12,11,1,956,5,0,23,20,3,1745,7,0,0,0,0,0,3,3,0,0,0,0,0,0
2007,Craig Bellamy,2012,"[2006, 2011]",Liverpool FC,21,11,10,1001,5,0,33,24,9,2158,8,0,54,35,19,3159,13,0,1,0,1,5,3,8,0,0,0,0,0,0
2008,Craig Bellamy,2012,[2009],Manchester City,17,11,6,1085,4,0,14,14,0,1230,6,0,31,25,6,2315,10,0,0,1,1,3,4,7,0,0,0,0,0,0
2009,Craig Bellamy,2012,[2013],Cardiff City,10,7,3,650,2,0,12,6,6,603,0,0,22,13,9,1253,2,0,0,0,0,2,0,2,0,0,0,0,0,0
2010,Shefki Kuqi,2013,"[2005, 2006]",Blackburn Rovers,16,6,10,805,5,0,18,9,9,857,2,0,34,15,19,1662,7,0,4,0,4,3,1,4,0,0,0,0,0,0
2011,Shefki Kuqi,2013,[2010],Newcastle United,2,0,2,6,0,0,4,0,4,17,0,0,6,0,6,23,0,0,0,0,0,0,0,0,0,0,0,0,0,0
2012,Shefki Kuqi,2013,[2007],Fulham FC,5,0,5,98,0,0,5,3,2,307,0,0,10,3,7,405,0,0,0,0,0,0,0,0,0,0,0,0,0,0
2013,Steven Taylor,2014,"[2003, 2004, 2005, 2006, 2007, 2008, 2010, 2011, 2012, 2013, 2014, 2015]",Newcastle United,95,86,9,7821,6,0,96,90,6,7947,6,0,191,176,15,15768,12,0,1,5,6,4,3,7,0,0,0,0,0,0
2014,Celestine Babayaro,2015,"[2004, 2005, 2006]",Newcastle United,24,23,1,2110,0,0,22,21,1,1851,0,0,46,44,2,3961,0,0,0,0,0,0,0,0,0,0,0,0,0,0
2015,Celestine Babayaro,2015,"[2000, 2001, 2002, 2003]",Chelsea FC,34,30,4,2666,1,0,31,26,5,2295,1,0,65,56,9,4961,2,0,3,0,3,1,0,1,0,0,0,0,0,0
2016,Charles N'Zogbia,2016,"[2004, 2005, 2006, 2007]",Newcastle United,48,37,11,3382,3,0,50,34,16,3170,5,0,98,71,27,6552,8,0,1,3,4,2,3,5,0,0,0,0,0,0
2017,Charles N'Zogbia,2016,"[2008, 2009, 2010]",Wigan Athletic,39,38,1,3294,6,0,43,41,2,3550,9,0,82,79,3,6844,15,0,6,3,9,5,4,9,0,0,0,0,0,0
2018,Charles N'Zogbia,2016,"[2011, 2012, 2014, 2015]",Aston Villa,42,31,11,2612,3,0,38,23,15,1937,1,0,80,54,26,4549,4,0,1,0,1,2,1,3,0,0,0,0,0,0
2019,Lee Clark,2017,[2005],Newcastle United,14,3,11,414,1,0,8,5,3,471,0,0,22,8,14,885,1,0,1,0,1,1,0,1,0,0,0,0,0,0
2020,Lee Clark,2017,"[2001, 2002, 2003, 2004]",Fulham FC,32,26,6,2320,3,0,25,23,2,2024,2,0,57,49,8,4344,5,0,4,0,4,3,2,5,0,0,0,0,0,0
2021,Anderson,2018,"[2007, 2008, 2009, 2010, 2011, 2012, 2013, 2014]",Manchester United,59,41,18,3635,3,0,44,27,17,2376,2,0,103,68,35,6011,5,0,0,0,0,2,2,4,0,0,0,0,0,0
2022,Anderson,2018,[2006],Everton FC,1,0,1,2,0,0,0,0,0,0,0,0,1,0,1,2,0,0,0,0,0,0,0,0,0,0,0,0,0,0
2023,Federico Macheda,2019,"[2008, 2009, 2010, 2011]",Manchester United,11,1,10,237,2,0,8,4,4,341,2,0,19,5,14,578,4,0,3,3,6,1,1,2,0,0,0,0,0,0
2024,G√°bor Kir√°ly,2020,[2004],Crystal Palace,16,16,0,1440,0,0,15,15,0,1350,0,0,31,31,0,2790,0,0,0,0,0,0,0,0,0,0,0,0,0,0
2025,G√°bor Kir√°ly,2020,[2006],Aston Villa,3,3,0,270,0,0,2,2,0,180,0,0,5,5,0,450,0,0,0,0,0,0,0,0,0,0,0,0,0,0
2026,Danny Granville,2021,[2004],Crystal Palace,19,19,0,1674,1,0,15,15,0,1350,2,0,34,34,0,3024,3,0,0,0,0,0,2,2,0,0,0,0,0,0
2027,Danny Granville,2021,[2000],Manchester City,9,8,1,632,0,0,9,7,2,606,0,0,18,15,3,1238,0,0,0,0,0,0,0,0,0,0,0,0,0,0
2028,Tony Popovic,2022,[2004],Crystal Palace,11,10,1,880,0,0,11,10,1,871,0,0,22,20,2,1751,0,0,0,0,0,0,0,0,0,0,0,0,0,0
2029,Emmerson Boyce,2023,[2004],Crystal Palace,14,13,1,1172,0,0,12,12,0,1080,0,0,26,25,1,2252,0,0,0,0,0,0,0,0,0,0,0,0,0,0
2030,Emmerson Boyce,2023,"[2006, 2008, 2009, 2010, 2011, 2012]",Wigan Athletic,82,80,2,7024,6,0,86,84,2,7389,5,0,168,164,4,14413,11,0,3,0,3,5,2,7,0,0,0,0,0,0
2031,Emmerson Boyce,2023,[2007],Blackburn Rovers,0,0,0,0,0,0,1,1,0,90,0,0,1,1,0,90,0,0,0,0,0,0,0,0,0,0,0,0,0,0
2032,Fitz Hall,2024,[2004],Crystal Palace,18,18,0,1576,2,0,17,17,0,1506,1,0,35,35,0,3082,3,0,0,0,0,2,1,3,0,0,0,0,0,0
2033,Fitz Hall,2024,[2011],Queens Park Rangers,7,5,2,485,0,0,7,6,1,438,0,0,14,11,3,923,0,0,0,0,0,0,0,0,0,0,0,0,0,0
2034,Fitz Hall,2024,[2003],Southampton FC,4,3,1,340,0,0,6,3,3,320,0,0,10,6,4,660,0,0,0,0,0,0,0,0,0,0,0,0,0,0
2035,Fitz Hall,2024,"[2006, 2007]",Wigan Athletic,12,11,1,950,0,0,13,11,2,984,0,0,25,22,3,1934,0,0,0,0,0,0,0,0,0,0,0,0,0,0
2036,Ben Watson,2025,[2004],Crystal Palace,11,8,3,709,0,0,9,7,2,600,0,0,20,15,5,1309,0,0,0,0,0,0,0,0,0,0,0,0,0,0
2037,Ben Watson,2025,"[2008, 2009, 2010, 2011, 2012]",Wigan Athletic,37,25,12,2370,5,0,40,29,11,2627,5,0,77,54,23,4997,10,0,3,4,7,3,5,8,3,1,4,0,0,0
2038,Ben Watson,2025,"[2015, 2016, 2017]",Watford FC,21,18,3,1602,0,0,26,19,7,1737,1,0,47,37,10,3339,1,0,0,3,3,0,1,1,0,0,0,0,0,0
2039,Aki Riihilahti,2026,[2004],Crystal Palace,15,14,1,1180,2,0,15,13,2,1008,1,0,30,27,3,2188,3,0,1,0,1,1,1,2,0,0,0,0,0,0
2040,Michael Hughes,2027,[2004],Crystal Palace,18,17,1,1532,1,0,17,16,1,1396,1,0,35,33,2,2928,2,0,0,0,0,0,1,1,0,0,0,0,0,0
2041,Joonas Kolkka,2028,[2004],Crystal Palace,12,10,2,897,1,0,10,9,1,720,2,0,22,19,3,1617,3,0,0,0,0,1,1,2,0,0,0,0,0,0
2042,Vassilios Lakis,2029,[2004],Crystal Palace,10,2,8,315,0,0,8,4,4,387,0,0,18,6,12,702,0,0,0,0,0,0,0,0,0,0,0,0,0,0
2043,Dougie Freedman,2030,[2004],Crystal Palace,11,6,5,587,0,0,9,4,5,301,1,0,20,10,10,888,1,0,0,0,0,0,1,1,0,0,0,0,0,0
2044,Ronny Johnsen,2031,[2004],Newcastle United,1,1,0,90,0,0,2,2,0,146,0,0,3,3,0,236,0,0,0,0,0,0,0,0,0,0,0,0,0,0
2045,Ronny Johnsen,2031,"[2002, 2003]",Aston Villa,23,21,2,1771,1,0,23,22,1,1880,0,0,46,43,3,3651,1,0,0,0,0,0,0,0,0,0,0,0,0,0
2046,Ronny Johnsen,2031,"[2000, 2001]",Manchester United,10,9,1,719,2,0,11,11,0,990,0,0,21,20,1,1709,2,0,0,0,0,2,0,2,0,0,0,0,0,0
2047,Olivier Bernard,2032,"[2001, 2002, 2003, 2004]",Newcastle United,48,40,8,3641,4,0,50,38,12,3531,2,0,98,78,20,7172,6,0,3,0,3,2,2,4,0,0,0,0,0,0
2048,Kieron Dyer,2033,"[2000, 2001, 2002, 2003, 2004, 2005, 2006]",Newcastle United,79,72,7,6330,10,0,73,62,11,5587,10,0,152,134,18,11917,20,0,3,0,3,6,7,13,0,1,1,0,0,0
2049,Kieron Dyer,2033,"[2011, 2012]",Queens Park Rangers,1,1,0,7,0,0,4,1,3,196,0,0,5,2,3,203,0,0,0,0,0,0,0,0,0,0,0,0,0,0
2050,Kieron Dyer,2033,"[2007, 2008, 2009, 2010]",West Ham United,15,7,8,631,0,0,15,8,7,707,0,0,30,15,15,1338,0,0,0,0,0,0,0,0,0,0,0,0,0,0
2051,Laurent Robert,2034,"[2001, 2002, 2003, 2004]",Newcastle United,65,57,8,4994,14,0,58,48,10,4224,8,0,123,105,18,9218,22,0,11,0,11,11,3,14,0,0,0,0,0,0
2052,Laurent Robert,2034,[2005],Portsmouth FC,8,7,1,657,0,0,9,6,3,500,1,0,17,13,4,1157,1,0,0,0,0,0,0,0,0,0,0,0,0,0
2053,Laurent Robert,2034,[2007],Derby County,2,1,1,65,0,0,2,2,0,116,0,0,4,3,1,181,0,0,0,0,0,0,0,0,0,0,0,0,0,0
2054,Patrick Kluivert,2035,[2004],Newcastle United,10,5,5,502,1,0,14,9,5,698,5,0,24,14,10,1200,6,0,0,0,0,1,4,5,0,0,0,0,0,0
2055,John Paintsil,2036,"[2008, 2009, 2010]",Fulham FC,36,35,1,3146,0,0,33,33,0,2851,0,0,69,68,1,5997,0,0,0,0,0,0,0,0,0,0,0,0,0,0
2056,John Paintsil,2036,"[2006, 2007]",West Ham United,8,2,6,326,0,0,10,5,5,623,0,0,18,7,11,949,0,0,0,0,0,0,0,0,0,0,0,0,0,0
2057,Toni Kallio,2037,"[2008, 2009]",Fulham FC,2,1,1,87,0,0,2,1,1,134,0,0,4,2,2,221,0,0,0,0,0,0,0,0,0,0,0,0,0,0
2058,Andranik Teymourian,2038,[2008],Fulham FC,1,0,1,9,0,0,0,0,0,0,0,0,1,0,1,9,0,0,0,0,0,0,0,0,0,0,0,0,0,0
2059,Andranik Teymourian,2038,"[2006, 2007]",Bolton Wanderers,10,3,7,395,0,0,10,4,6,508,2,0,20,7,13,903,2,0,0,0,0,0,1,1,0,0,0,0,0,0
2060,Manuel Almunia,2039,"[2004, 2006, 2007, 2008, 2009, 2010, 2011]",Arsenal FC,57,57,0,5118,0,0,50,50,0,4500,0,0,107,107,0,9618,0,0,0,0,0,0,0,0,0,0,0,0,0,0
2061,William Gallas,2040,"[2006, 2007, 2008, 2009]",Arsenal FC,51,51,0,4581,8,0,47,47,0,4164,4,0,98,98,0,8745,12,0,7,0,7,6,0,6,0,0,0,0,0,0
2062,William Gallas,2040,"[2001, 2002, 2003, 2004, 2005]",Chelsea FC,80,74,6,6683,10,0,77,71,6,6385,2,0,157,145,12,13068,12,0,3,0,3,7,1,8,0,0,0,0,0,0
2063,William Gallas,2040,"[2010, 2011, 2012]",Tottenham Hotspur,29,27,2,2409,1,0,32,30,2,2780,0,0,61,57,4,5189,1,0,0,0,0,1,0,1,0,0,0,0,0,0
2064,Laurent Courtois,2041,[2001],West Ham United,4,4,0,280,0,0,3,1,2,114,0,0,7,5,2,394,0,0,0,0,0,0,0,0,0,0,0,0,0,0
2065,Paolo Di Canio,2042,"[2000, 2001, 2002]",West Ham United,34,33,1,2931,14,0,27,26,1,2239,13,0,61,59,2,5170,27,0,10,10,20,8,12,20,6,4,10,0,0,0
2066,Paolo Di Canio,2042,[2003],Charlton Athletic,15,11,4,924,2,0,15,11,4,1003,2,0,30,22,8,1927,4,0,0,2,2,2,2,4,2,1,3,0,0,0
2067,John Moncur,2043,"[2000, 2001, 2002]",West Ham United,20,5,15,558,0,0,20,7,13,665,0,0,40,12,28,1223,0,0,0,0,0,0,0,0,0,0,0,0,0,0
2068,Paul Jones,2044,"[2000, 2001, 2002]",Southampton FC,41,40,1,3604,0,0,38,38,0,3420,0,0,79,78,1,7024,0,0,0,0,0,0,0,0,0,0,0,0,0,0
2069,Paul Jones,2044,[2003],Wolverhampton Wanderers,8,8,0,720,0,0,8,8,0,720,0,0,16,16,0,1440,0,0,0,0,0,0,0,0,0,0,0,0,0,0
2070,Taher El-Khalej,2045,"[2000, 2001]",Southampton FC,21,15,6,1527,1,0,21,18,3,1614,1,0,42,33,9,3141,2,0,0,1,1,0,1,1,0,0,0,0,0,0
2071,Taher El-Khalej,2045,[2002],Charlton Athletic,3,2,1,195,0,0,0,0,0,0,0,0,3,2,1,195,0,0,0,0,0,0,0,0,0,0,0,0,0,0
2072,Jason Dodd,2046,"[2000, 2001, 2002, 2003, 2004]",Southampton FC,53,48,5,4343,1,0,49,45,4,4019,1,0,102,93,9,8362,2,0,0,0,0,1,1,2,0,0,0,0,0,0
2073,Claus Lundekvam,2047,"[2000, 2001, 2002, 2003, 2004]",Southampton FC,83,82,1,7090,0,0,77,77,0,6686,1,0,160,159,1,13776,1,0,0,0,0,0,0,0,0,0,0,0,0,0
2074,Chris Marsden,2048,"[2000, 2001, 2002, 2003]",Southampton FC,46,43,3,3601,2,0,42,36,6,3285,2,0,88,79,9,6886,4,0,1,0,1,1,1,2,0,0,0,0,0,0
2075,Mark Draper,2049,"[2000, 2001]",Southampton FC,9,4,5,476,0,0,15,13,2,1190,1,0,24,17,7,1666,1,0,0,3,3,0,1,1,0,0,0,0,0,0
2076,James Beattie,2050,"[2000, 2001, 2002, 2003]",Southampton FC,68,58,10,5311,36,0,64,55,9,4959,24,0,132,113,19,10270,60,0,21,10,31,26,15,41,8,1,9,0,0,0
2077,James Beattie,2050,"[2008, 2009]",Stoke City,19,14,5,1087,7,0,19,13,6,1087,2,0,38,27,11,2174,9,0,6,0,6,6,0,6,2,0,2,0,0,0
2078,James Beattie,2050,"[2004, 2005, 2006]",Everton FC,41,27,14,2470,11,0,34,23,11,2065,2,0,75,50,25,4535,13,0,9,1,10,8,2,10,4,0,4,0,0,0
2079,James Beattie,2050,[2010],Blackpool FC,5,2,3,222,0,0,4,3,1,211,0,0,9,5,4,433,0,0,0,0,0,0,0,0,0,0,0,0,0,0
2080,Marians Pahars,2051,"[2000, 2001, 2002, 2003]",Southampton FC,46,40,6,3419,18,0,39,26,13,2372,8,0,85,66,19,5791,26,0,8,4,12,8,4,12,2,0,2,0,0,0
2081,Stuart Ripley,2052,"[2000, 2001]",Southampton FC,6,2,4,214,0,0,2,0,2,52,0,0,8,2,6,266,0,0,0,0,0,0,0,0,0,0,0,0,0,0
2082,Anders Svensson,2053,"[2001, 2002, 2003, 2004]",Southampton FC,60,46,14,4144,7,0,60,46,14,3943,3,0,120,92,28,8087,10,0,1,0,1,6,2,8,0,0,0,0,0,0
2083,F√°bio Aur√©lio,2054,"[2006, 2007, 2008, 2009, 2010, 2011]",Liverpool FC,47,33,14,2878,0,0,40,25,15,2280,3,0,87,58,29,5158,3,0,0,0,0,0,1,1,0,0,0,0,0,0
2084,Alberto Aquilani,2055,[2009],Liverpool FC,10,6,4,521,1,0,8,3,5,295,0,0,18,9,9,816,1,0,0,0,0,0,0,0,0,0,0,0,0,0
2085,Chris Kirkland,2056,"[2006, 2008, 2009, 2010, 2011]",Wigan Athletic,46,46,0,4073,0,0,46,46,0,3944,0,0,92,92,0,8017,0,0,0,0,0,0,0,0,0,0,0,0,0,0
2086,Chris Kirkland,2056,[2007],Blackburn Rovers,0,0,0,0,0,0,1,1,0,90,0,0,1,1,0,90,0,0,0,0,0,0,0,0,0,0,0,0,0,0
2087,Chris Kirkland,2056,"[2001, 2002, 2003, 2004]",Liverpool FC,11,11,0,990,0,0,13,13,0,1170,0,0,24,24,0,2160,0,0,0,0,0,0,0,0,0,0,0,0,0,0
2088,Chris Kirkland,2056,[2005],West Bromwich Albion,5,5,0,450,0,0,5,5,0,450,0,0,10,10,0,900,0,0,0,0,0,0,0,0,0,0,0,0,0,0
2089,Chris Kirkland,2056,[2000],Coventry City,11,11,0,990,0,0,10,10,0,900,0,0,21,21,0,1890,0,0,0,0,0,0,0,0,0,0,0,0,0,0
2090,Maynor Figueroa,2057,"[2007, 2008, 2009, 2010, 2011, 2012]",Wigan Athletic,89,86,3,7651,2,0,88,88,0,7753,2,0,177,174,3,15404,4,0,6,0,6,2,1,3,0,0,0,0,0,0
2091,Maynor Figueroa,2057,"[2013, 2014]",Hull City,17,17,0,1411,0,0,18,16,2,1513,0,0,35,33,2,2924,0,0,0,0,0,0,0,0,0,0,0,0,0,0
2092,Hendry Thomas,2058,"[2009, 2010, 2011]",Wigan Athletic,27,24,3,2077,0,0,27,24,3,2080,0,0,54,48,6,4157,0,0,0,0,0,0,0,0,0,0,0,0,0,0
2093,Jordi G√≥mez,2059,"[2009, 2010, 2011, 2012]",Wigan Athletic,45,30,15,2539,7,0,50,30,20,2715,3,0,95,60,35,5254,10,0,4,3,7,6,2,8,0,2,2,0,0,0
2094,Jordi G√≥mez,2059,"[2014, 2015]",Sunderland AFC,18,12,6,1032,3,0,17,15,2,1267,1,0,35,27,8,2299,4,0,3,0,3,3,1,4,3,0,3,0,0,0
2095,Momo Diam√©,2060,"[2009, 2010, 2011]",Wigan Athletic,49,40,9,3476,2,0,47,42,5,3622,3,0,96,82,14,7098,5,0,0,0,0,1,3,4,0,0,0,0,0,0
2096,Momo Diam√©,2060,"[2017, 2018]",Newcastle United,28,22,6,1930,0,0,32,25,7,2278,2,0,60,47,13,4208,2,0,0,0,0,0,2,2,0,0,0,0,0,0
2097,Momo Diam√©,2060,"[2012, 2013, 2014]",West Ham United,37,30,7,2707,5,0,34,30,4,2439,2,0,71,60,11,5146,7,0,0,0,0,4,1,5,0,0,0,0,0,0
2098,Hugo Rodallega,2061,"[2008, 2009, 2010, 2011]",Wigan Athletic,57,45,12,4295,14,0,54,46,8,4228,10,0,111,91,20,8523,24,0,17,6,23,12,9,21,1,0,1,0,0,0
2099,Hugo Rodallega,2061,"[2012, 2013]",Fulham FC,18,10,8,1118,3,0,24,10,14,1008,2,0,42,20,22,2126,5,0,6,3,9,3,2,5,0,0,0,0,0,0
2100,Jason Koumas,2062,"[2007, 2008, 2009]",Wigan Athletic,28,16,12,1605,1,0,26,16,10,1556,1,0,54,32,22,3161,2,0,1,0,1,1,0,1,1,0,1,0,0,0
2101,Jason Koumas,2062,"[2002, 2004]",West Bromwich Albion,22,16,6,1526,2,0,19,15,4,1269,2,0,41,31,10,2795,4,0,0,1,1,1,2,3,0,0,0,0,0,0
2102,Jason Scotland,2063,"[2009, 2010]",Wigan Athletic,16,8,8,816,0,0,15,5,10,645,1,0,31,13,18,1461,1,0,0,0,0,0,1,1,0,0,0,0,0,0
2103,Gary Pallister,2064,[2000],Middlesbrough FC,4,4,0,360,0,0,4,4,0,318,0,0,8,8,0,678,0,0,0,0,0,0,0,0,0,0,0,0,0,0
2104,Curtis Fleming,2065,"[2000, 2001]",Middlesbrough FC,19,19,0,1602,0,0,18,17,1,1516,0,0,37,36,1,3118,0,0,0,0,0,0,0,0,0,0,0,0,0,0
2105,Steve Vickers,2066,"[2000, 2001]",Middlesbrough FC,16,15,1,1253,0,0,15,15,0,1322,0,0,31,30,1,2575,0,0,0,0,0,0,0,0,0,0,0,0,0,0
2106,Steve Vickers,2066,[2002],Birmingham City,3,3,0,270,0,0,2,2,0,124,0,0,5,5,0,394,0,0,0,0,0,0,0,0,0,0,0,0,0,0
2107,Mark Summerbell,2067,[2000],Middlesbrough FC,3,3,0,270,1,0,4,2,2,213,0,0,7,5,2,483,1,0,1,0,1,1,0,1,0,0,0,0,0,0
2108,Keith O'Neill,2068,[2000],Middlesbrough FC,8,8,0,639,0,0,6,5,1,517,0,0,14,13,1,1156,0,0,0,0,0,0,0,0,0,0,0,0,0,0
2109,Christian Karembeu,2069,[2000],Middlesbrough FC,15,15,0,1237,2,0,17,16,1,1267,2,0,32,31,1,2504,4,0,6,1,7,2,2,4,0,0,0,0,0,0
2110,Paul Okon,2070,"[2000, 2001]",Middlesbrough FC,14,13,1,1113,0,0,14,11,3,958,0,0,28,24,4,2071,0,0,0,0,0,0,0,0,0,0,0,0,0,0
2111,Paul Okon,2070,[2002],Leeds United,7,7,0,599,0,0,7,7,0,596,0,0,14,14,0,1195,0,0,0,0,0,0,0,0,0,0,0,0,0,0
2112,Joseph-D√©sir√© Job,2071,"[2000, 2001, 2002, 2003, 2004, 2005]",Middlesbrough FC,43,31,12,2601,10,0,46,30,16,2724,7,0,89,61,28,5325,17,0,6,4,10,7,4,11,0,0,0,0,0,0
2113,Brian Deane,2072,[2000],Middlesbrough FC,13,5,8,642,1,0,10,7,3,707,1,0,23,12,11,1349,2,0,0,0,0,0,0,0,0,0,0,0,0,0
2114,Brian Deane,2072,"[2001, 2003]",Leicester City,10,5,5,577,0,0,10,8,2,721,6,0,20,13,7,1298,6,0,0,0,0,0,2,2,0,0,0,0,0,0
2115,H√°milton Ricard,2073,"[2000, 2001]",Middlesbrough FC,16,13,3,1075,1,0,19,14,5,1120,3,0,35,27,8,2195,4,0,0,0,0,0,2,2,1,0,1,0,0,0
2116,Andy Campbell,2074,"[2000, 2001]",Middlesbrough FC,4,1,3,129,0,0,7,4,3,383,0,0,11,5,6,512,0,0,0,0,0,0,0,0,0,0,0,0,0,0
2117,Noel Whelan,2075,"[2000, 2001, 2002]",Middlesbrough FC,30,17,13,1548,2,0,30,15,15,1496,3,0,60,32,28,3044,5,0,0,4,4,1,3,4,0,0,0,0,0,0
2118,Neil Sullivan,2076,"[2000, 2001]",Tottenham Hotspur,32,32,0,2880,0,0,30,30,0,2700,0,0,62,62,0,5580,0,0,0,0,0,0,0,0,0,0,0,0,0,0
2119,Neil Sullivan,2076,[2003],Chelsea FC,2,2,0,180,0,0,1,1,0,90,0,0,3,3,0,270,0,0,0,0,0,0,0,0,0,0,0,0,0,0
2120,Tim Sherwood,2077,"[2000, 2001]",Tottenham Hotspur,24,22,2,2001,2,0,27,23,4,2122,0,0,51,45,6,4123,2,0,3,0,3,2,0,2,0,0,0,0,0,0
2121,Tim Sherwood,2077,[2003],Portsmouth FC,6,4,2,379,0,0,7,3,4,290,0,0,13,7,6,669,0,0,0,0,0,0,0,0,0,0,0,0,0,0
2122,√òyvind Leonhardsen,2078,"[2000, 2001]",Tottenham Hotspur,16,11,5,940,2,0,14,12,2,1016,1,0,30,23,7,1956,3,0,0,0,0,1,1,2,0,0,0,0,0,0
2123,√òyvind Leonhardsen,2078,[2002],Aston Villa,8,5,3,539,2,0,10,7,3,636,1,0,18,12,6,1175,3,0,0,0,0,0,1,1,0,0,0,0,0,0
2124,Steffen Freund,2079,"[2000, 2001, 2002]",Tottenham Hotspur,27,23,4,2000,0,0,29,26,3,2385,0,0,56,49,7,4385,0,0,0,0,0,0,0,0,0,0,0,0,0,0
2125,Steffen Freund,2079,[2003],Leicester City,6,6,0,499,0,0,8,7,1,591,0,0,14,13,1,1090,0,0,0,0,0,0,0,0,0,0,0,0,0,0
2126,Steffen Iversen,2080,"[2000, 2001, 2002]",Tottenham Hotspur,21,9,12,1061,5,0,28,19,9,1705,2,0,49,28,21,2766,7,0,1,0,1,5,2,7,0,0,0,0,0,0
2127,Steffen Iversen,2080,[2003],Wolverhampton Wanderers,9,7,2,563,3,0,7,4,3,315,1,0,16,11,5,878,4,0,1,0,1,2,0,2,0,0,0,0,0,0
2128,Serhiy Rebrov,2081,"[2000, 2001]",Tottenham Hotspur,31,21,10,1853,6,0,26,14,12,1345,4,0,57,35,22,3198,10,0,0,3,3,2,2,4,1,0,1,0,0,0
2129,Darren Anderton,2082,"[2000, 2001, 2002, 2003]",Tottenham Hotspur,49,45,4,3904,4,0,47,42,5,3797,3,0,96,87,9,7701,7,0,0,0,0,3,3,6,2,0,2,0,0,0
2130,Darren Anderton,2082,[2004],Birmingham City,8,3,5,304,1,0,11,6,5,555,2,0,19,9,10,859,3,0,0,3,3,0,2,2,0,0,0,0,0,0
2131,Les Ferdinand,2083,"[2000, 2001]",Tottenham Hotspur,30,27,3,2133,17,0,21,18,3,1512,2,0,51,45,6,3645,19,0,9,3,12,10,2,12,0,0,0,0,0,0
2132,Les Ferdinand,2083,[2002],West Ham United,6,5,1,305,1,0,7,6,1,480,1,0,13,11,2,785,2,0,0,0,0,1,1,2,0,0,0,0,0,0
2133,Les Ferdinand,2083,[2003],Leicester City,14,11,3,795,3,0,15,9,6,807,9,0,29,20,9,1602,12,0,0,5,5,2,6,8,0,0,0,0,0,0
2134,Les Ferdinand,2083,[2004],Bolton Wanderers,6,0,6,86,1,0,5,1,4,161,0,0,11,1,10,247,1,0,1,0,1,1,0,1,0,0,0,0,0,0
2135,Alisson,2084,"[2018, 2019]",Liverpool FC,33,33,0,2919,0,0,34,34,0,3060,0,0,67,67,0,5979,0,0,0,0,0,0,0,0,0,0,0,0,0,0
2136,Fabinho,2085,"[2018, 2019]",Liverpool FC,28,24,4,2199,3,0,28,19,9,1903,0,0,56,43,13,4102,3,0,0,0,0,1,0,1,0,0,0,0,0,0
2137,Divock Origi,2086,"[2015, 2016, 2017, 2018, 2019]",Liverpool FC,41,16,25,1407,13,0,49,16,33,1786,6,0,90,32,58,3193,19,0,5,3,8,7,2,9,0,0,0,0,0,0
2138,Naby Ke√Øta,2087,"[2018, 2019]",Liverpool FC,21,11,10,1005,2,0,22,14,8,1203,2,0,43,25,18,2208,4,0,0,0,0,2,1,3,0,0,0,0,0,0
2139,Rafael Camacho,2088,[2018],Liverpool FC,1,0,1,1,0,0,0,0,0,0,0,0,1,0,1,1,0,0,0,0,0,0,0,0,0,0,0,0,0,0
2140,Adam Masina,2089,"[2018, 2019]",Watford FC,21,15,6,1398,1,0,19,16,3,1425,0,0,40,31,9,2823,1,0,0,0,0,1,0,1,0,0,0,0,0,0
2141,Roberto Pereyra,2090,"[2016, 2017, 2018, 2019]",Watford FC,54,40,14,3651,13,0,52,40,12,3490,3,0,106,80,26,7141,16,0,1,0,1,8,1,9,1,0,1,0,0,0
2142,Tom Cleverley,2091,"[2017, 2018, 2019]",Watford FC,23,17,6,1426,2,0,31,20,11,1921,1,0,54,37,17,3347,3,0,3,3,6,1,1,2,0,0,0,0,0,0
2143,Tom Cleverley,2091,"[2011, 2012, 2013]",Manchester United,25,16,9,1397,1,0,28,24,4,1981,2,0,53,40,13,3378,3,0,0,0,0,0,0,0,0,0,0,0,0,0
2144,Tom Cleverley,2091,[2014],Aston Villa,15,15,0,1122,2,0,16,16,0,1398,1,0,31,31,0,2520,3,0,3,0,3,1,0,1,0,0,0,0,0,0
2145,Tom Cleverley,2091,"[2015, 2016]",Everton FC,16,11,5,1096,1,0,16,10,6,945,1,0,32,21,11,2041,2,0,0,3,3,1,1,2,0,0,0,0,0,0
2146,Tom Cleverley,2091,[2010],Wigan Athletic,12,9,3,800,2,0,13,10,3,835,2,0,25,19,6,1635,4,0,1,0,1,2,0,2,0,0,0,0,0,0
2147,Ken Sema,2092,"[2018, 2019]",Watford FC,8,4,4,301,0,0,9,5,4,477,1,0,17,9,8,778,1,0,0,0,0,0,1,1,0,0,0,0,0,0
2148,Marc Navarro,2093,[2018],Watford FC,0,0,0,0,0,0,2,1,1,85,0,0,2,1,1,85,0,0,0,0,0,0,0,0,0,0,0,0,0,0
2149,Domingos Quina,2094,"[2018, 2019]",Watford FC,6,2,4,221,1,0,6,1,5,132,0,0,12,3,9,353,1,0,0,0,0,0,0,0,0,0,0,0,0,0
2150,Domingos Quina,2094,"[2016, 2017]",West Ham United,0,0,0,0,0,0,0,0,0,0,0,0,0,0,0,0,0,0,0,0,0,0,0,0,0,0,0,0,0,0
2151,Magnus Hedman,2095,[2000],Leeds United,1,1,0,90,0,0,0,0,0,0,0,0,1,1,0,90,0,0,0,0,0,0,0,0,0,0,0,0,0,0
2152,Richard Shaw,2096,[2000],Leeds United,1,1,0,90,0,0,0,0,0,0,0,0,1,1,0,90,0,0,0,0,0,0,0,0,0,0,0,0,0,0
2153,Paul Williams,2097,[2000],Leeds United,1,1,0,90,0,0,0,0,0,0,0,0,1,1,0,90,0,0,0,0,0,0,0,0,0,0,0,0,0,0
2154,Paul Williams,2097,"[2001, 2002]",Southampton FC,18,18,0,1606,0,0,20,17,3,1557,0,0,38,35,3,3163,0,0,0,0,0,0,0,0,0,0,0,0,0,0
2155,Gary Breen,2098,[2000],Leeds United,1,1,0,90,0,0,0,0,0,0,0,0,1,1,0,90,0,0,0,0,0,0,0,0,0,0,0,0,0,0
2156,Gary Breen,2098,[2002],West Ham United,5,4,1,381,0,0,9,5,4,479,0,0,14,9,5,860,0,0,0,0,0,0,0,0,0,0,0,0,0,0
2157,Gary Breen,2098,[2005],Sunderland AFC,16,15,1,1376,1,0,19,18,1,1555,0,0,35,33,2,2931,1,0,0,0,0,1,0,1,0,0,0,0,0,0
2158,Marcus Hall,2099,[2000],Leeds United,1,1,0,90,0,0,0,0,0,0,0,0,1,1,0,90,0,0,0,0,0,0,0,0,0,0,0,0,0,0
2159,Barry Quinn,2100,[2000],Leeds United,1,1,0,51,0,0,0,0,0,0,0,0,1,1,0,51,0,0,0,0,0,0,0,0,0,0,0,0,0,0
2160,John Eustace,2101,[2000],Leeds United,1,1,0,90,0,0,0,0,0,0,0,0,1,1,0,90,0,0,0,0,0,0,0,0,0,0,0,0,0,0
2161,John Eustace,2101,[2002],Middlesbrough FC,0,0,0,0,0,0,1,0,1,3,0,0,1,0,1,3,0,0,0,0,0,0,0,0,0,0,0,0,0,0
2162,David Thompson,2102,[2000],Leeds United,1,1,0,76,0,0,0,0,0,0,0,0,1,1,0,76,0,0,0,0,0,0,0,0,0,0,0,0,0,0
2163,David Thompson,2102,"[2002, 2003, 2004]",Blackburn Rovers,29,21,8,1962,3,0,29,23,6,2084,2,0,58,44,14,4046,5,0,3,0,3,2,2,4,0,0,0,0,0,0
2164,David Thompson,2102,[2005],Wigan Athletic,4,3,1,228,0,0,6,4,2,400,2,0,10,7,3,628,2,0,0,0,0,0,1,1,0,0,0,0,0,0
2165,David Thompson,2102,[2006],Bolton Wanderers,2,0,2,81,0,0,5,3,2,204,0,0,7,3,4,285,0,0,0,0,0,0,0,0,0,0,0,0,0,0
2166,Mustapha Hadji,2103,[2000],Leeds United,1,1,0,90,0,0,0,0,0,0,0,0,1,1,0,90,0,0,0,0,0,0,0,0,0,0,0,0,0,0
2167,Mustapha Hadji,2103,"[2001, 2002, 2003]",Aston Villa,18,11,7,1065,0,0,17,13,4,1135,2,0,35,24,11,2200,2,0,0,0,0,0,0,0,0,0,0,0,0,0
2168,Youssef Chippo,2104,[2000],Leeds United,1,0,1,14,0,0,0,0,0,0,0,0,1,0,1,14,0,0,0,0,0,0,0,0,0,0,0,0,0,0
2169,Paul Telfer,2105,[2000],Leeds United,1,0,1,39,0,0,0,0,0,0,0,0,1,0,1,39,0,0,0,0,0,0,0,0,0,0,0,0,0,0
2170,Paul Telfer,2105,"[2001, 2002, 2003, 2004]",Southampton FC,62,51,11,4710,1,0,59,55,4,5008,0,0,121,106,15,9718,1,0,0,0,0,0,0,0,0,0,0,0,0,0
2171,Nuno Valente,2106,"[2005, 2006, 2007, 2008]",Everton FC,25,21,4,1819,0,0,20,18,2,1625,0,0,45,39,6,3444,0,0,0,0,0,0,0,0,0,0,0,0,0,0
2172,Jose Baxter,2107,"[2008, 2009, 2010, 2011]",Everton FC,5,0,5,47,0,0,2,1,1,70,0,0,7,1,6,117,0,0,0,0,0,0,0,0,0,0,0,0,0,0
2173,Andr√© Ooijer,2108,"[2006, 2007, 2008]",Blackburn Rovers,40,37,3,3255,1,0,38,35,3,3080,1,0,78,72,6,6335,2,0,3,3,6,1,1,2,0,0,0,0,0,0
2174,Christopher Samba,2109,"[2006, 2007, 2008, 2010, 2011]",Blackburn Rovers,68,68,0,5909,5,0,60,59,1,5248,7,0,128,127,1,11157,12,0,0,4,4,4,4,8,0,0,0,0,0,0
2175,Christopher Samba,2109,[2012],Queens Park Rangers,5,5,0,450,0,0,5,5,0,450,0,0,10,10,0,900,0,0,0,0,0,0,0,0,0,0,0,0,0,0
2176,Christopher Samba,2109,[2009],Wigan Athletic,1,1,0,90,0,0,0,0,0,0,0,0,1,1,0,90,0,0,0,0,0,0,0,0,0,0,0,0,0,0
2177,Roque Santa Cruz,2110,"[2007, 2008, 2010]",Blackburn Rovers,34,31,3,2683,7,0,30,27,3,2358,16,0,64,58,6,5041,23,0,0,4,4,3,11,14,0,0,0,0,0,0
2178,Roque Santa Cruz,2110,[2009],Manchester City,7,1,6,173,2,0,12,5,7,465,1,0,19,6,13,638,3,0,3,0,3,2,1,3,0,0,0,0,0,0
2179,Keith Treacy,2111,[2008],Blackburn Rovers,6,1,5,140,0,0,6,1,5,156,0,0,12,2,10,296,0,0,0,0,0,0,0,0,0,0,0,0,0,0
2180,Benny McCarthy,2112,"[2006, 2007, 2008]",Blackburn Rovers,47,38,9,3347,25,0,44,34,10,2714,11,0,91,72,19,6061,36,0,17,1,18,19,9,28,9,4,13,0,0,0
2181,Benny McCarthy,2112,[2009],Wigan Athletic,1,1,0,90,0,0,0,0,0,0,0,0,1,1,0,90,0,0,0,0,0,0,0,0,0,0,0,0,0,0
2182,Benny McCarthy,2112,[2010],West Ham United,4,0,4,47,0,0,2,0,2,29,0,0,6,0,6,76,0,0,0,0,0,0,0,0,0,0,0,0,0,0
2183,Jordan Stewart,2113,[2006],Watford FC,14,13,1,1151,0,0,14,14,0,1260,0,0,28,27,1,2411,0,0,0,0,0,0,0,0,0,0,0,0,0,0
2184,Jordan Stewart,2113,"[2001, 2003]",Leicester City,18,11,7,1083,0,0,18,13,5,1166,1,0,36,24,12,2249,1,0,0,0,0,0,1,1,0,0,0,0,0,0
2185,Malky Mackay,2114,[2006],Watford FC,8,8,0,720,0,0,6,5,1,506,0,0,14,13,1,1226,0,0,0,0,0,0,0,0,0,0,0,0,0,0
2186,Lloyd Doyley,2115,[2006],Watford FC,9,5,4,538,0,0,10,10,0,900,0,0,19,15,4,1438,0,0,0,0,0,0,0,0,0,0,0,0,0,0
2187,Danny Shittu,2116,[2006],Watford FC,12,10,2,869,0,0,15,14,1,1205,1,0,27,24,3,2074,1,0,0,0,0,0,1,1,0,0,0,0,0,0
2188,Danny Shittu,2116,[2008],Bolton Wanderers,5,5,0,450,0,0,5,4,1,340,0,0,10,9,1,790,0,0,0,0,0,0,0,0,0,0,0,0,0,0
2189,Damien Francis,2117,[2006],Watford FC,15,14,1,1174,2,0,14,11,3,1011,2,0,29,25,4,2185,4,0,0,0,0,1,1,2,0,0,0,0,0,0
2190,Damien Francis,2117,[2004],Norwich City,15,15,0,1338,5,0,16,16,0,1438,2,0,31,31,0,2776,7,0,6,1,7,5,2,7,0,0,0,0,0,0
2191,Damien Francis,2117,[2005],Wigan Athletic,11,9,2,816,0,0,9,7,2,633,1,0,20,16,4,1449,1,0,0,3,3,0,1,1,0,0,0,0,0,0
2192,Gavin Mahon,2118,[2006],Watford FC,14,14,0,1194,1,0,17,16,1,1476,0,0,31,30,1,2670,1,0,0,0,0,1,0,1,0,0,0,0,0,0
2193,Marlon King,2119,[2006],Watford FC,6,6,0,540,3,0,7,6,1,581,1,0,13,12,1,1121,4,0,1,0,1,3,0,3,1,0,1,0,0,0
2194,Marlon King,2119,[2008],Hull City,9,8,1,706,1,0,11,11,0,929,4,0,20,19,1,1635,5,0,3,0,3,1,2,3,1,1,2,0,0,0
2195,Marlon King,2119,"[2007, 2009]",Wigan Athletic,9,4,5,354,0,0,9,4,5,326,1,0,18,8,10,680,1,0,0,0,0,0,1,1,0,1,1,0,0,0
2196,Darius Henderson,2120,[2006],Watford FC,15,10,5,860,1,0,17,11,6,1066,2,0,32,21,11,1926,3,0,0,3,3,1,1,2,0,1,1,0,0,0
2197,Tommy Smith,2121,[2006],Watford FC,13,13,0,1135,1,0,16,16,0,1202,0,0,29,29,0,2337,1,0,0,0,0,1,0,1,0,0,0,0,0,0
2198,Tommy Smith,2121,[2011],Queens Park Rangers,7,1,6,162,1,0,10,3,7,378,1,0,17,4,13,540,2,0,0,3,3,0,1,1,0,0,0,0,0,0
2199,Tommy Smith,2121,[2009],Portsmouth FC,10,7,3,575,1,0,6,5,1,451,0,0,16,12,4,1026,1,0,0,0,0,1,0,1,0,0,0,0,0,0
2200,Tommy Smith,2121,[2013],Cardiff City,0,0,0,0,0,0,0,0,0,0,0,0,0,0,0,0,0,0,0,0,0,0,0,0,0,0,0,0,0,0
2201,Jay DeMerit,2122,[2006],Watford FC,16,14,2,1318,1,0,13,12,1,1125,1,0,29,26,3,2443,2,0,3,0,3,1,1,2,0,0,0,0,0,0
2202,Tam√°s Priskin,2123,[2006],Watford FC,8,2,6,298,2,0,8,5,3,455,0,0,16,7,9,753,2,0,1,0,1,1,0,1,0,0,0,0,0,0
2203,Martin Laursen,2124,"[2004, 2006, 2007, 2008]",Aston Villa,37,37,0,3284,4,0,42,40,2,3522,4,0,79,77,2,6806,8,0,3,0,3,3,4,7,0,0,0,0,0,0
2204,Steve Mandanda,2125,[2016],Crystal Palace,4,4,0,360,0,0,5,5,0,450,0,0,9,9,0,810,0,0,0,0,0,0,0,0,0,0,0,0,0,0
2205,Chung-yong Lee,2126,"[2014, 2015, 2016, 2017]",Crystal Palace,21,5,16,615,0,0,17,5,12,458,1,0,38,10,28,1073,1,0,0,3,3,0,1,1,0,0,0,0,0,0
2206,Chung-yong Lee,2126,"[2009, 2010, 2011]",Bolton Wanderers,35,28,7,2439,6,0,32,24,8,2183,1,0,67,52,15,4622,7,0,3,3,6,4,1,5,0,0,0,0,0,0
2207,Ezekiel Fryers,2127,"[2014, 2016]",Crystal Palace,3,0,3,60,0,0,6,0,6,124,0,0,9,0,9,184,0,0,0,0,0,0,0,0,0,0,0,0,0,0
2208,Ezekiel Fryers,2127,[2011],Manchester United,2,0,2,67,0,0,0,0,0,0,0,0,2,0,2,67,0,0,0,0,0,0,0,0,0,0,0,0,0,0
2209,Ezekiel Fryers,2127,[2013],Tottenham Hotspur,4,3,1,314,0,0,3,0,3,83,0,0,7,3,4,397,0,0,0,0,0,0,0,0,0,0,0,0,0,0
2210,Alberto Moreno,2128,"[2014, 2015, 2016, 2017, 2018]",Liverpool FC,46,38,8,3446,2,0,43,33,10,2987,1,0,89,71,18,6433,3,0,0,0,0,2,0,2,0,0,0,0,0,0
2211,Connor Randall,2129,"[2015, 2016]",Liverpool FC,2,1,1,73,0,0,1,1,0,90,0,0,3,2,1,163,0,0,0,0,0,0,0,0,0,0,0,0,0,0
2212,Ra√∫l Bravo,2130,[2002],Leeds United,3,3,0,270,0,0,2,2,0,130,0,0,5,5,0,400,0,0,0,0,0,0,0,0,0,0,0,0,0,0
2213,Lucas Radebe,2131,"[2000, 2002, 2003]",Leeds United,24,22,2,1928,0,0,24,19,5,1761,0,0,48,41,7,3689,0,0,0,0,0,0,0,0,0,0,0,0,0,0
2214,Teddy Luƒçiƒá,2132,[2002],Leeds United,8,7,1,594,0,0,9,9,0,765,1,0,17,16,1,1359,1,0,0,0,0,0,1,1,0,0,0,0,0,0
2215,Nick Barmby,2133,"[2002, 2003]",Leeds United,12,8,4,665,2,0,13,9,4,833,2,0,25,17,8,1498,4,0,0,0,0,2,1,3,0,0,0,0,0,0
2216,Nick Barmby,2133,"[2000, 2001]",Liverpool FC,19,13,6,1210,2,0,12,9,3,788,0,0,31,22,9,1998,2,0,0,0,0,1,0,1,0,0,0,0,0,0
2217,Nick Barmby,2133,"[2008, 2009]",Hull City,20,10,10,958,1,0,21,9,12,893,0,0,41,19,22,1851,1,0,0,0,0,1,0,1,0,0,0,0,0,0
2218,Ugo Ehiogu,2134,"[2000, 2001, 2002, 2003, 2004, 2005]",Middlesbrough FC,64,61,3,5364,6,0,57,56,1,4794,1,0,121,117,4,10158,7,0,4,1,5,4,1,5,0,0,0,0,0,0
2219,David Murphy,2135,"[2001, 2002]",Middlesbrough FC,7,1,6,176,0,0,6,3,3,224,0,0,13,4,9,400,0,0,0,0,0,0,0,0,0,0,0,0,0,0
2220,David Murphy,2135,"[2007, 2010]",Birmingham City,13,9,4,863,1,0,11,8,3,818,0,0,24,17,7,1681,1,0,0,0,0,1,0,1,0,0,0,0,0,0
2221,Juninho Paulista,2136,"[2002, 2003]",Middlesbrough FC,21,17,4,1570,6,0,18,16,2,1394,5,0,39,33,6,2964,11,0,1,0,1,4,4,8,0,0,0,0,0,0
2222,Malcolm Christie,2137,"[2002, 2003, 2004, 2005, 2006]",Middlesbrough FC,21,13,8,1118,3,0,21,13,8,1092,4,0,42,26,16,2210,7,0,1,3,4,3,3,6,0,0,0,0,0,0
2223,Malcolm Christie,2137,"[2000, 2001]",Derby County,34,27,7,2370,13,0,29,24,5,2036,4,0,63,51,12,4406,17,0,8,6,14,9,3,12,0,0,0,0,0,0
2224,Colin Cooper,2138,"[2000, 2001, 2002, 2003, 2004, 2005]",Middlesbrough FC,44,38,6,3421,2,0,54,42,12,3877,2,0,98,80,18,7298,4,0,1,0,1,2,2,4,0,0,0,0,0,0
2225,Szil√°rd N√©meth,2139,"[2001, 2002, 2003, 2004, 2005]",Middlesbrough FC,60,33,27,3305,18,0,54,27,27,2528,5,0,114,60,54,5833,23,0,6,0,6,8,2,10,0,0,0,0,0,0
2226,Michael Ricketts,2140,"[2002, 2003]",Middlesbrough FC,14,6,8,612,0,0,18,7,11,780,3,0,32,13,19,1392,3,0,0,0,0,0,0,0,0,2,2,0,0,0
2227,Michael Ricketts,2140,[2001],Bolton Wanderers,18,11,7,1138,5,0,19,15,4,1323,7,0,37,26,11,2461,12,0,5,4,9,5,4,9,0,0,0,0,0,0
2228,Rui Patr√≠cio,2141,"[2018, 2019]",Wolverhampton Wanderers,37,37,0,3330,0,0,38,38,0,3420,0,0,75,75,0,6750,0,0,0,0,0,0,0,0,0,0,0,0,0,0
2229,Matt Doherty,2142,"[2010, 2011, 2018, 2019]",Wolverhampton Wanderers,38,34,4,3089,4,0,37,33,4,2943,4,0,75,67,8,6032,8,0,4,6,10,3,4,7,0,0,0,0,0,0
2230,Willy Boly,2143,"[2018, 2019]",Wolverhampton Wanderers,28,28,0,2520,2,0,30,30,0,2700,2,0,58,58,0,5220,4,0,1,0,1,2,2,4,0,0,0,0,0,0
2231,Conor Coady,2144,"[2018, 2019]",Wolverhampton Wanderers,38,38,0,3420,0,0,38,38,0,3420,0,0,76,76,0,6840,0,0,0,0,0,0,0,0,0,0,0,0,0,0
2232,Conor Coady,2144,"[2010, 2012]",Liverpool FC,0,0,0,0,0,0,1,0,1,1,0,0,1,0,1,1,0,0,0,0,0,0,0,0,0,0,0,0,0,0
2233,Jonny,2145,"[2018, 2019]",Wolverhampton Wanderers,34,33,1,2862,2,0,34,32,2,2809,1,0,68,65,3,5671,3,0,0,1,1,0,1,1,0,0,0,0,0,0
2234,R√∫ben Neves,2146,"[2018, 2019]",Wolverhampton Wanderers,36,34,2,2991,5,0,37,35,2,3079,1,0,73,69,4,6070,6,0,1,0,1,4,1,5,1,1,2,0,0,0
2235,Jo√£o Moutinho,2147,"[2018, 2019]",Wolverhampton Wanderers,38,35,3,3048,0,0,38,34,4,3100,2,0,76,69,7,6148,2,0,0,1,1,0,2,2,0,0,0,0,0,0
2236,Ra√∫l Jim√©nez,2148,"[2018, 2019]",Wolverhampton Wanderers,38,38,0,3292,16,0,38,35,3,3085,14,0,76,73,3,6377,30,0,9,11,20,10,13,23,4,2,6,0,0,0
2237,H√©lder Costa,2149,[2018],Wolverhampton Wanderers,11,8,3,658,0,0,14,8,6,688,1,0,25,16,9,1346,1,0,0,0,0,0,0,0,0,0,0,0,0,0
2238,Diogo Jota,2150,"[2018, 2019]",Wolverhampton Wanderers,33,27,6,2296,10,0,34,29,5,2373,6,0,67,56,11,4669,16,0,6,5,11,7,6,13,0,0,0,0,0,0
2239,Ivan Cavaleiro,2151,[2018],Wolverhampton Wanderers,13,3,10,331,2,0,10,3,7,351,1,0,23,6,17,682,3,0,0,0,0,1,1,2,0,0,0,0,0,0
2240,L√©o Bonatini,2152,[2018],Wolverhampton Wanderers,4,0,4,62,0,0,3,0,3,67,0,0,7,0,7,129,0,0,0,0,0,0,0,0,0,0,0,0,0,0
2241,Romain Sa√Øss,2153,"[2018, 2019]",Wolverhampton Wanderers,22,20,2,1804,1,0,30,23,7,2063,3,0,52,43,9,3867,4,0,0,1,1,1,3,4,0,0,0,0,0,0
2242,R√∫ben Vinagre,2154,"[2018, 2019]",Wolverhampton Wanderers,16,6,10,638,0,0,17,7,10,713,0,0,33,13,20,1351,0,0,0,0,0,0,0,0,0,0,0,0,0,0
2243,Kortney Hause,2155,[2018],Wolverhampton Wanderers,0,0,0,0,0,0,0,0,0,0,0,0,0,0,0,0,0,0,0,0,0,0,0,0,0,0,0,0,0,0
2244,Kortney Hause,2155,[2019],Aston Villa,9,9,0,810,1,0,9,8,1,734,0,0,18,17,1,1544,1,0,0,0,0,1,0,1,0,0,0,0,0,0
2245,Jannik Vestergaard,2156,"[2018, 2019]",Southampton FC,22,21,1,1807,1,0,20,19,1,1721,0,0,42,40,2,3528,1,0,1,0,1,1,0,1,0,0,0,0,0,0
2246,Mohamed Elyounoussi,2157,[2018],Southampton FC,8,4,4,393,0,0,8,4,4,397,0,0,16,8,8,790,0,0,0,0,0,0,0,0,0,0,0,0,0,0
2247,Stuart Armstrong,2158,"[2018, 2019]",Southampton FC,26,13,13,1213,2,0,33,22,11,1935,6,0,59,35,24,3148,8,0,0,0,0,1,4,5,0,0,0,0,0,0
2248,Angus Gunn,2159,"[2018, 2019]",Southampton FC,11,11,0,990,0,0,11,11,0,990,0,0,22,22,0,1980,0,0,0,0,0,0,0,0,0,0,0,0,0,0
2249,Angus Gunn,2159,[2016],Manchester City,0,0,0,0,0,0,0,0,0,0,0,0,0,0,0,0,0,0,0,0,0,0,0,0,0,0,0,0,0,0
2250,Andy O'Brien,2160,"[2001, 2002, 2003, 2004]",Newcastle United,51,48,3,4361,3,0,54,51,3,4525,2,0,105,99,6,8886,5,0,0,0,0,2,2,4,0,0,0,0,0,0
2251,Andy O'Brien,2160,"[2007, 2008, 2009, 2010]",Bolton Wanderers,34,31,3,2823,0,0,36,33,3,2960,1,0,70,64,6,5783,1,0,0,0,0,0,0,0,0,0,0,0,0,0
2252,Andy O'Brien,2160,[2000],Bradford City,8,8,0,639,0,0,10,9,1,861,0,0,18,17,1,1500,0,0,0,0,0,0,0,0,0,0,0,0,0,0
2253,Andy O'Brien,2160,"[2005, 2006]",Portsmouth FC,13,13,0,1170,0,0,19,17,2,1546,0,0,32,30,2,2716,0,0,0,0,0,0,0,0,0,0,0,0,0,0
2254,Nikolaos Dabizas,2161,"[2000, 2001, 2002]",Newcastle United,29,25,4,2283,1,0,29,28,1,2460,2,0,58,53,5,4743,3,0,0,3,3,0,2,2,0,0,0,0,0,0
2255,Nikolaos Dabizas,2161,[2003],Leicester City,9,9,0,800,0,0,9,9,0,810,0,0,18,18,0,1610,0,0,0,0,0,0,0,0,0,0,0,0,0,0
2256,Carl Cort,2162,"[2000, 2001, 2002]",Newcastle United,13,11,2,895,6,0,8,7,1,568,1,0,21,18,3,1463,7,0,3,0,3,4,0,4,0,0,0,0,0,0
2257,Carl Cort,2162,[2003],Wolverhampton Wanderers,8,7,1,635,3,0,8,6,2,519,2,0,16,13,3,1154,5,0,3,1,4,2,1,3,0,0,0,0,0,0
2258,Paddy Kenny,2163,[2011],Queens Park Rangers,17,17,0,1530,0,0,16,16,0,1440,0,0,33,33,0,2970,0,0,0,0,0,0,0,0,0,0,0,0,0,0
2259,Paddy Kenny,2163,[2006],Sheffield United,16,16,0,1411,0,0,16,16,0,1440,0,0,32,32,0,2851,0,0,0,0,0,0,0,0,0,0,0,0,0,0
2260,Shaun Derry,2164,"[2011, 2012]",Queens Park Rangers,24,17,7,1690,1,0,23,21,2,1702,0,0,47,38,9,3392,1,0,0,0,0,0,0,0,0,0,0,0,0,0
2261,Shaun Derry,2164,[2004],Crystal Palace,2,1,1,77,0,0,5,0,5,38,0,0,7,1,6,115,0,0,0,0,0,0,0,0,0,0,0,0,0,0
2262,Adel Taarabt,2165,"[2011, 2012, 2014]",Queens Park Rangers,37,27,10,2518,5,0,28,25,3,2051,2,0,65,52,13,4569,7,0,3,0,3,3,0,3,0,0,0,0,0,0
2263,Adel Taarabt,2165,"[2006, 2007, 2008]",Tottenham Hotspur,4,0,4,70,0,0,5,0,5,86,0,0,9,0,9,156,0,0,0,0,0,0,0,0,0,0,0,0,0,0
2264,Adel Taarabt,2165,[2013],Fulham FC,7,4,3,309,0,0,5,3,2,286,0,0,12,7,5,595,0,0,0,0,0,0,0,0,0,0,0,0,0,0
2265,Alejandro Faurl√≠n,2166,"[2011, 2012, 2014]",Queens Park Rangers,17,16,1,1350,0,0,16,15,1,1325,1,0,33,31,2,2675,1,0,0,0,0,0,0,0,0,0,0,0,0,0
2266,DJ Campbell,2167,"[2011, 2012]",Queens Park Rangers,6,2,4,201,0,0,5,0,5,121,1,0,11,2,9,322,1,0,0,0,0,0,0,0,0,0,0,0,0,0
2267,DJ Campbell,2167,[2010],Blackpool FC,16,16,0,1440,8,0,15,14,1,1234,5,0,31,30,1,2674,13,0,4,3,7,5,3,8,0,0,0,0,0,0
2268,DJ Campbell,2167,[2005],Birmingham City,6,2,4,243,0,0,5,2,3,259,0,0,11,4,7,502,0,0,0,0,0,0,0,0,0,0,0,0,0,0
2269,Brian Murphy,2168,"[2011, 2012, 2014]",Queens Park Rangers,0,0,0,0,0,0,0,0,0,0,0,0,0,0,0,0,0,0,0,0,0,0,0,0,0,0,0,0,0,0
2270,Brian Murphy,2168,[2018],Cardiff City,0,0,0,0,0,0,0,0,0,0,0,0,0,0,0,0,0,0,0,0,0,0,0,0,0,0,0,0,0,0
2271,Bradley Orr,2169,[2011],Queens Park Rangers,1,0,1,83,0,0,5,2,3,245,0,0,6,2,4,328,0,0,0,0,0,0,0,0,0,0,0,0,0,0
2272,Matthew Connolly,2170,[2011],Queens Park Rangers,3,2,1,219,0,0,3,3,0,270,0,0,6,5,1,489,0,0,0,0,0,0,0,0,0,0,0,0,0,0
2273,Matthew Connolly,2170,"[2013, 2018]",Cardiff City,2,2,0,180,0,0,1,1,0,90,0,0,3,3,0,270,0,0,0,0,0,0,0,0,0,0,0,0,0,0
2274,√Åkos Buzs√°ky,2171,[2011],Queens Park Rangers,9,4,5,375,2,0,9,6,3,520,0,0,18,10,8,895,2,0,0,0,0,0,0,0,0,0,0,0,0,0
2275,Alan Hutton,2172,"[2011, 2014, 2015]",Aston Villa,46,40,6,3633,1,0,43,42,1,3714,0,0,89,82,7,7347,1,0,3,0,3,1,0,1,0,0,0,0,0,0
2276,Alan Hutton,2172,"[2007, 2008, 2010]",Tottenham Hotspur,23,18,5,1715,1,0,20,20,0,1789,1,0,43,38,5,3504,2,0,0,0,0,0,0,0,0,0,0,0,0,0
2277,Alan Hutton,2172,[2009],Sunderland AFC,6,6,0,540,0,0,5,5,0,450,0,0,11,11,0,990,0,0,0,0,0,0,0,0,0,0,0,0,0,0
2278,Habib Beye,2173,"[2009, 2010, 2011]",Aston Villa,4,4,0,338,0,0,4,3,1,288,0,0,8,7,1,626,0,0,0,0,0,0,0,0,0,0,0,0,0,0
2279,Habib Beye,2173,"[2007, 2008]",Newcastle United,26,25,1,2299,1,0,25,23,2,2061,0,0,51,48,3,4360,1,0,3,0,3,1,0,1,0,0,0,0,0,0
2280,Shane Lowry,2174,"[2010, 2011]",Aston Villa,0,0,0,0,0,0,0,0,0,0,0,0,0,0,0,0,0,0,0,0,0,0,0,0,0,0,0,0,0,0
2281,Nathan Delfouneso,2175,"[2008, 2009, 2010, 2011, 2012]",Aston Villa,21,3,18,559,1,0,10,1,9,308,1,0,31,4,27,867,2,0,0,3,3,1,1,2,0,0,0,0,0,0
2282,Max Aarons,2176,[2019],Norwich City,18,18,0,1620,0,0,18,18,0,1620,0,0,36,36,0,3240,0,0,0,0,0,0,0,0,0,0,0,0,0,0
2283,Christoph Zimmermann,2177,[2019],Norwich City,8,7,1,674,0,0,9,9,0,756,0,0,17,16,1,1430,0,0,0,0,0,0,0,0,0,0,0,0,0,0
2284,Tom Trybull,2178,[2019],Norwich City,7,6,1,511,0,0,9,8,1,627,0,0,16,14,2,1138,0,0,0,0,0,0,0,0,0,0,0,0,0,0
2285,Mario Vranƒçiƒá,2179,[2019],Norwich City,12,4,8,404,1,0,8,2,6,224,0,0,20,6,14,628,1,0,0,0,0,1,0,1,0,0,0,0,0,0
2286,Onel Hernandez,2180,[2019],Norwich City,12,8,4,732,1,0,14,6,8,648,0,0,26,14,12,1380,1,0,0,0,0,0,0,0,0,0,0,0,0,0
2287,Leander Dendoncker,2181,"[2018, 2019]",Wolverhampton Wanderers,28,24,4,2134,4,0,29,25,4,2130,2,0,57,49,8,4264,6,0,4,3,7,3,1,4,0,0,0,0,0,0
2288,Pedro Neto,2182,[2019],Wolverhampton Wanderers,14,5,9,483,0,0,15,4,11,445,3,0,29,9,20,928,3,0,0,0,0,0,0,0,0,0,0,0,0,0
2289,Patrick Cutrone,2183,[2019],Wolverhampton Wanderers,6,1,5,124,2,0,6,2,4,170,0,0,12,3,9,294,2,0,0,0,0,0,0,0,0,0,0,0,0,0
2290,Jes√∫s Vallejo,2184,[2019],Wolverhampton Wanderers,2,1,1,162,0,0,0,0,0,0,0,0,2,1,1,162,0,0,0,0,0,0,0,0,0,0,0,0,0,0
2291,Max Kilman,2185,"[2018, 2019]",Wolverhampton Wanderers,2,1,1,91,0,0,2,1,1,94,0,0,4,2,2,185,0,0,0,0,0,0,0,0,0,0,0,0,0,0
2292,Daley Blind,2186,"[2014, 2015, 2016, 2017]",Manchester United,47,46,1,3971,2,0,43,38,5,3507,2,0,90,84,6,7478,4,0,0,2,2,2,2,4,0,0,0,0,0,0
2293,Matteo Darmian,2187,"[2015, 2016, 2017, 2018]",Manchester United,28,21,7,1876,1,0,32,28,4,2277,0,0,60,49,11,4153,1,0,0,0,0,0,0,0,0,0,0,0,0,0
2294,Cameron Borthwick-Jackson,2188,[2015],Manchester United,5,3,2,300,0,0,5,3,2,392,0,0,10,6,4,692,0,0,0,0,0,0,0,0,0,0,0,0,0,0
2295,Marouane Fellaini,2189,"[2013, 2014, 2015, 2016, 2017, 2018]",Manchester United,60,32,28,3157,7,0,59,40,19,3841,5,0,119,72,47,6998,12,0,3,3,6,4,5,9,0,0,0,0,0,0
2296,Marouane Fellaini,2189,"[2008, 2009, 2010, 2011, 2012]",Everton FC,70,66,4,5775,13,0,65,60,5,5412,12,0,135,126,9,11187,25,0,7,4,11,8,8,16,0,0,0,0,0,0
2297,Andreas Pereira,2190,"[2014, 2015, 2018, 2019]",Manchester United,24,15,9,1323,2,0,21,9,12,855,0,0,45,24,21,2178,2,0,0,0,0,2,0,2,0,0,0,0,0,0
2298,Memphis Depay,2191,"[2015, 2016]",Manchester United,16,8,8,741,1,0,17,8,9,756,1,0,33,16,17,1497,2,0,0,0,0,1,1,2,0,0,0,0,0,0
2299,Sergio Romero,2192,"[2015, 2016, 2017, 2018, 2019]",Manchester United,3,3,0,270,0,0,4,4,0,360,0,0,7,7,0,630,0,0,0,0,0,0,0,0,0,0,0,0,0,0
2300,Guillermo Varela,2193,[2015],Manchester United,3,2,1,224,0,0,1,1,0,90,0,0,4,3,1,314,0,0,0,0,0,0,0,0,0,0,0,0,0,0
2301,Paddy McNair,2194,"[2014, 2015]",Manchester United,12,7,5,646,0,0,12,8,4,693,0,0,24,15,9,1339,0,0,0,0,0,0,0,0,0,0,0,0,0,0
2302,Paddy McNair,2194,[2016],Sunderland AFC,4,3,1,210,0,0,5,2,3,145,0,0,9,5,4,355,0,0,0,0,0,0,0,0,0,0,0,0,0,0
2303,Joselu,2195,[2015],Stoke City,9,5,4,492,1,0,13,5,8,597,3,0,22,10,12,1089,4,0,0,0,0,1,1,2,0,0,0,0,0,0
2304,Joselu,2195,"[2017, 2018]",Newcastle United,26,13,13,1221,6,0,20,11,9,1082,0,0,46,24,22,2303,6,0,2,0,2,6,0,6,0,0,0,0,0,0
2305,Erik Edman,2196,"[2007, 2008, 2009]",Wigan Athletic,5,4,1,385,0,0,5,3,2,249,0,0,10,7,3,634,0,0,0,0,0,0,0,0,0,0,0,0,0,0
2306,Erik Edman,2196,"[2004, 2005]",Tottenham Hotspur,14,14,0,1216,0,0,17,17,0,1438,1,0,31,31,0,2654,1,0,0,0,0,0,1,1,0,0,0,0,0,0
2307,Erik Nevland,2197,"[2007, 2008, 2009]",Fulham FC,27,8,19,937,6,0,25,10,15,906,3,0,52,18,34,1843,9,0,3,0,3,3,2,5,0,0,0,0,0,0
2308,David Martin,2198,[2019],West Ham United,1,1,0,90,0,0,4,3,1,345,0,0,5,4,1,435,0,0,0,0,0,0,0,0,0,0,0,0,0,0
2309,Aaron Cresswell,2199,"[2014, 2015, 2016, 2017, 2018, 2019]",West Ham United,95,93,2,8247,4,0,94,91,3,8102,4,0,189,184,5,16349,8,0,3,4,7,2,4,6,0,0,0,0,0,0
2310,Fabi√°n Balbuena,2200,"[2018, 2019]",West Ham United,19,17,2,1476,1,0,21,19,2,1714,1,0,40,36,4,3190,2,0,0,0,0,0,1,1,0,0,0,0,0,0
2311,Angelo Ogbonna,2201,"[2015, 2016, 2017, 2018, 2019]",West Ham United,67,64,3,5671,3,0,69,67,2,6041,1,0,136,131,5,11712,4,0,0,0,0,1,1,2,0,0,0,0,0,0
2312,Ryan Fredericks,2202,"[2018, 2019]",West Ham United,19,16,3,1501,1,0,23,21,2,1821,0,0,42,37,5,3322,1,0,0,0,0,0,0,0,0,0,0,0,0,0
2313,Ryan Fredericks,2202,"[2011, 2013]",Tottenham Hotspur,0,0,0,0,0,0,0,0,0,0,0,0,0,0,0,0,0,0,0,0,0,0,0,0,0,0,0,0,0,0
2314,Felipe Anderson,2203,"[2018, 2019]",West Ham United,30,28,2,2254,5,0,31,28,3,2307,5,0,61,56,5,4561,10,0,0,4,4,3,4,7,0,0,0,0,0,0
2315,Mark Noble,2204,"[2005, 2006, 2007, 2008, 2009, 2010, 2012, 2013, 2014, 2015, 2016, 2017, 2018, 2019]",West Ham United,190,179,11,15646,27,0,192,183,9,15504,19,0,382,362,20,31150,46,0,13,5,18,18,11,29,20,7,27,0,0,0
2316,Pablo Fornals,2205,[2019],West Ham United,18,11,7,1046,1,0,18,13,5,1131,1,0,36,24,12,2177,2,0,0,0,0,1,1,2,0,0,0,0,0,0
2317,Declan Rice,2206,"[2016, 2017, 2018, 2019]",West Ham United,46,42,4,3802,3,0,54,46,8,4138,0,0,100,88,12,7940,3,0,3,0,3,2,0,2,0,0,0,0,0,0
2318,Robert Snodgrass,2207,"[2018, 2019]",West Ham United,29,21,8,1894,5,0,28,21,7,1841,2,0,57,42,15,3735,7,0,0,0,0,2,2,4,0,0,0,0,0,0
2319,Robert Snodgrass,2207,"[2014, 2016]",Hull City,11,10,1,908,5,0,10,10,0,845,2,0,21,20,1,1753,7,0,3,1,4,4,2,6,2,0,2,0,0,0
2320,Robert Snodgrass,2207,"[2012, 2013]",Norwich City,34,33,1,2897,6,0,33,31,2,2737,6,0,67,64,3,5634,12,0,3,2,5,5,4,9,0,0,0,0,0,0
2321,Michail Antonio,2208,"[2015, 2016, 2017, 2018, 2019]",West Ham United,64,56,8,4723,17,0,69,53,16,5009,19,0,133,109,24,9732,36,0,10,3,13,12,9,21,0,1,1,0,0,0
2322,Arthur Masuaku,2209,"[2016, 2017, 2018, 2019]",West Ham United,39,29,10,2641,0,0,42,33,9,2983,0,0,81,62,19,5624,0,0,0,0,0,0,0,0,0,0,0,0,0,0
2323,S√©bastien Haller,2210,[2019],West Ham United,17,13,4,1245,4,0,15,11,4,1017,3,0,32,24,8,2262,7,0,0,3,3,3,2,5,0,0,0,0,0,0
2324,Nathan Holland,2211,"[2016, 2018, 2019]",West Ham United,1,0,1,12,0,0,1,0,1,19,0,0,2,0,2,31,0,0,0,0,0,0,0,0,0,0,0,0,0,0
2325,Roberto,2212,[2019],West Ham United,4,4,0,360,0,0,4,3,1,326,0,0,8,7,1,686,0,0,0,0,0,0,0,0,0,0,0,0,0,0
2326,Issa Diop,2213,"[2018, 2019]",West Ham United,34,34,0,3034,3,0,31,30,1,2702,1,0,65,64,1,5736,4,0,0,0,0,3,1,4,0,0,0,0,0,0
2327,Kieran Tierney,2214,[2019],Arsenal FC,8,7,1,630,1,0,7,5,2,362,0,0,15,12,3,992,1,0,0,0,0,0,0,0,0,0,0,0,0,0
2328,Sokratis Papastathopoulos,2215,"[2018, 2019]",Arsenal FC,24,24,0,2109,2,0,20,20,0,1787,1,0,44,44,0,3896,3,0,0,0,0,1,0,1,0,0,0,0,0,0
2329,Sead Kola≈°inac,2216,"[2017, 2018, 2019]",Arsenal FC,42,34,8,2957,2,0,35,32,3,2784,0,0,77,66,11,5741,2,0,0,0,0,1,0,1,0,0,0,0,0,0
2330,Ross Turnbull,2217,"[2005, 2007, 2008]",Middlesbrough FC,12,12,0,1080,0,0,15,15,0,1350,0,0,27,27,0,2430,0,0,0,0,0,0,0,0,0,0,0,0,0,0
2331,Ross Turnbull,2217,"[2009, 2010, 2011, 2012]",Chelsea FC,3,3,0,270,0,0,4,3,1,314,0,0,7,6,1,584,0,0,0,0,0,0,0,0,0,0,0,0,0,0
2332,David Wheater,2218,"[2005, 2006, 2007, 2008]",Middlesbrough FC,37,37,0,3286,4,0,37,33,4,3001,1,0,74,70,4,6287,5,0,0,0,0,4,1,5,0,0,0,0,0,0
2333,David Wheater,2218,"[2010, 2011]",Bolton Wanderers,14,13,1,1188,2,0,17,16,1,1464,0,0,31,29,2,2652,2,0,0,0,0,1,0,1,0,0,0,0,0,0
2334,Afonso Alves,2219,"[2007, 2008]",Middlesbrough FC,23,16,7,1470,8,0,19,15,4,1349,2,0,42,31,11,2819,10,0,0,0,0,5,2,7,1,0,1,0,0,0
2335,Tuncay ≈ûanlƒ±,2220,"[2007, 2008]",Middlesbrough FC,34,30,4,2448,7,0,33,27,6,2441,8,0,67,57,10,4889,15,0,6,10,16,4,8,12,0,0,0,0,0,0
2336,Tuncay ≈ûanlƒ±,2220,"[2009, 2010]",Stoke City,23,7,16,843,3,0,21,11,10,1152,2,0,44,18,26,1995,5,0,0,1,1,3,2,5,0,0,0,0,0,0
2337,Tuncay ≈ûanlƒ±,2220,[2011],Bolton Wanderers,11,2,9,239,0,0,5,1,4,145,0,0,16,3,13,384,0,0,0,0,0,0,0,0,0,0,0,0,0,0
2338,Allan McGregor,2221,"[2013, 2014]",Hull City,27,27,0,2386,0,0,25,25,0,2250,0,0,52,52,0,4636,0,0,0,0,0,0,0,0,0,0,0,0,0,0
2339,Alex Bruce,2222,"[2013, 2014]",Hull City,16,14,2,1174,0,0,26,22,4,1868,0,0,42,36,6,3042,0,0,0,0,0,0,0,0,0,0,0,0,0,0
2340,Alex Bruce,2222,[2005],Birmingham City,1,0,1,2,0,0,5,3,2,274,0,0,6,3,3,276,0,0,0,0,0,0,0,0,0,0,0,0,0,0
2341,James Chester,2223,"[2013, 2014]",Hull City,21,20,1,1771,1,0,26,25,1,2050,2,0,47,45,2,3821,3,0,0,3,3,1,2,3,0,0,0,0,0,0
2342,James Chester,2223,[2015],West Bromwich Albion,6,3,3,400,0,0,7,6,1,562,0,0,13,9,4,962,0,0,0,0,0,0,0,0,0,0,0,0,0,0
2343,James Chester,2223,[2019],Aston Villa,0,0,0,0,0,0,0,0,0,0,0,0,0,0,0,0,0,0,0,0,0,0,0,0,0,0,0,0,0,0
2344,Curtis Davies,2224,"[2013, 2014, 2016]",Hull City,42,42,0,3676,2,0,42,41,1,3605,0,0,84,83,1,7281,2,0,0,0,0,1,0,1,0,0,0,0,0,0
2345,Curtis Davies,2224,[2010],Birmingham City,2,1,1,113,0,0,4,1,3,221,0,0,6,2,4,334,0,0,0,0,0,0,0,0,0,0,0,0,0,0
2346,Curtis Davies,2224,"[2007, 2008, 2009]",Aston Villa,20,19,1,1692,1,0,24,21,3,1815,2,0,44,40,4,3507,3,0,0,0,0,1,1,2,0,0,0,0,0,0
2347,Curtis Davies,2224,[2005],West Bromwich Albion,15,15,0,1350,1,0,16,16,0,1440,1,0,31,31,0,2790,2,0,0,0,0,0,1,1,0,0,0,0,0,0
2348,David Meyler,2225,"[2013, 2014, 2016]",Hull City,38,28,10,2389,2,0,40,27,13,2466,2,0,78,55,23,4855,4,0,0,0,0,1,1,2,0,0,0,0,0,0
2349,David Meyler,2225,"[2009, 2010, 2011, 2012]",Sunderland AFC,11,7,4,580,0,0,13,6,7,547,0,0,24,13,11,1127,0,0,0,0,0,0,0,0,0,0,0,0,0,0
2350,Gast√≥n Ram√≠rez,2226,[2014],Hull City,12,6,6,550,0,0,10,5,5,476,1,0,22,11,11,1026,1,0,0,0,0,0,1,1,0,0,0,0,0,0
2351,Gast√≥n Ram√≠rez,2226,[2016],Middlesbrough FC,12,10,2,821,2,0,12,10,2,799,0,0,24,20,4,1620,2,0,3,0,3,2,0,2,0,0,0,0,0,0
2352,Gast√≥n Ram√≠rez,2226,"[2012, 2013, 2015]",Southampton FC,22,13,9,1236,4,0,25,10,15,1015,2,0,47,23,24,2251,6,0,0,0,0,3,2,5,0,0,0,0,0,0
2353,Abel Hern√°ndez,2227,"[2014, 2016]",Hull City,29,19,10,1676,6,0,20,12,8,1063,2,0,49,31,18,2739,8,0,0,0,0,5,1,6,1,0,1,0,0,0
2354,Nikica Jelaviƒá,2228,[2014],Hull City,16,12,4,1121,5,0,10,9,1,689,3,0,26,21,5,1810,8,0,0,0,0,3,1,4,0,0,0,0,0,0
2355,Nikica Jelaviƒá,2228,"[2011, 2012, 2013]",Everton FC,29,21,8,1825,9,0,30,20,10,1940,7,0,59,41,18,3765,16,0,9,0,9,5,4,9,1,0,1,0,0,0
2356,Nikica Jelaviƒá,2228,[2015],West Ham United,5,0,5,30,0,0,8,1,7,308,1,0,13,1,12,338,1,0,0,0,0,0,0,0,0,0,0,0,0,0
2357,Harry Maguire,2229,"[2014, 2016]",Hull City,17,12,5,1178,1,0,15,13,2,1218,1,0,32,25,7,2396,2,0,0,0,0,0,1,1,0,0,0,0,0,0
2358,Harry Maguire,2229,"[2017, 2018]",Leicester City,34,34,0,3060,2,0,35,35,0,3045,3,0,69,69,0,6105,5,0,1,4,5,1,2,3,0,0,0,0,0,0
2359,Harry Maguire,2229,[2019],Manchester United,19,19,0,1710,0,0,19,19,0,1710,1,0,38,38,0,3420,1,0,0,0,0,0,0,0,0,0,0,0,0,0
2360,Robbie Brady,2230,"[2013, 2014]",Hull City,24,15,9,1424,2,0,19,13,6,1225,1,0,43,28,15,2649,3,0,6,0,6,2,1,3,2,0,2,0,0,0
2361,Robbie Brady,2230,"[2016, 2017, 2018, 2019]",Burnley FC,32,16,16,1456,2,0,30,17,13,1704,1,0,62,33,29,3160,3,0,1,0,1,1,0,1,0,0,0,0,0,0
2362,Robbie Brady,2230,[2015],Norwich City,17,16,1,1387,1,0,19,18,1,1601,2,0,36,34,2,2988,3,0,0,3,3,1,2,3,0,0,0,0,0,0
2363,Steve Harper,2231,"[2013, 2014]",Hull City,11,10,1,944,0,0,12,11,1,1008,0,0,23,21,2,1952,0,0,0,0,0,0,0,0,0,0,0,0,0,0
2364,Steve Harper,2231,"[2000, 2002, 2004, 2006, 2007, 2008, 2010, 2011, 2012]",Newcastle United,41,38,3,3552,0,0,43,39,4,3548,0,0,84,77,7,7100,0,0,0,0,0,0,0,0,0,0,0,0,0,0
2365,Tom Ince,2232,[2014],Hull City,3,1,2,108,0,0,4,2,2,192,0,0,7,3,4,300,0,0,0,0,0,0,0,0,0,0,0,0,0,0
2366,Tom Ince,2232,[2017],Huddersfield Town,18,16,2,1350,2,0,15,11,4,1106,0,0,33,27,6,2456,2,0,3,0,3,2,0,2,0,0,0,0,0,0
2367,Tom Ince,2232,[2013],Crystal Palace,5,2,3,222,1,0,3,3,0,191,0,0,8,5,3,413,1,0,0,0,0,1,0,1,0,0,0,0,0,0
2368,Sone Aluko,2233,"[2013, 2014]",Hull City,21,11,10,1050,0,0,21,12,9,1128,2,0,42,23,19,2178,2,0,0,4,4,0,2,2,0,0,0,0,0,0
2369,Yannick Sagbo,2234,"[2013, 2014]",Hull City,14,8,6,755,0,0,18,8,10,864,2,0,32,16,16,1619,2,0,0,0,0,0,1,1,0,0,0,0,0,0
2370,Antol√≠n Alcar√°z,2235,"[2013, 2014]",Everton FC,8,5,3,484,0,0,6,6,0,540,0,0,14,11,3,1024,0,0,0,0,0,0,0,0,0,0,0,0,0,0
2371,Antol√≠n Alcar√°z,2235,"[2010, 2011, 2012]",Wigan Athletic,34,33,1,3008,2,0,35,34,1,2917,1,0,69,67,2,5925,3,0,1,3,4,2,1,3,0,0,0,0,0,0
2372,Muhamed Be≈°iƒá,2236,"[2014, 2015, 2016, 2017]",Everton FC,20,11,9,894,0,0,17,11,6,993,0,0,37,22,15,1887,0,0,0,0,0,0,0,0,0,0,0,0,0,0
2373,Muhamed Be≈°iƒá,2236,[2019],Sheffield United,3,1,2,102,0,0,6,1,5,143,0,0,9,2,7,245,0,0,0,0,0,0,0,0,0,0,0,0,0,0
2374,Arouna Kon√©,2237,"[2013, 2014, 2015, 2016]",Everton FC,26,12,14,1238,4,0,22,11,11,973,2,0,48,23,25,2211,6,0,1,0,1,1,2,3,0,0,0,0,0,0
2375,Arouna Kon√©,2237,[2012],Wigan Athletic,17,16,1,1463,5,0,17,16,1,1468,6,0,34,32,2,2931,11,0,6,0,6,3,2,5,0,0,0,0,0,0
2376,Kevin Mirallas,2238,"[2012, 2013, 2014, 2015, 2016, 2017]",Everton FC,71,52,19,4331,19,0,80,52,28,4545,11,0,151,104,47,8876,30,0,9,0,9,7,6,13,0,0,0,0,0,0
2377,Steven Naismith,2239,"[2012, 2013, 2014]",Everton FC,43,21,22,2213,11,0,50,27,23,2531,5,0,93,48,45,4744,16,0,5,0,5,7,4,11,0,0,0,0,0,0
2378,Steven Naismith,2239,[2015],Norwich City,6,6,0,468,1,0,7,5,2,412,0,0,13,11,2,880,1,0,0,0,0,1,0,1,0,0,0,0,0,0
2379,Bryan Oviedo,2240,"[2012, 2013, 2014, 2015]",Everton FC,21,12,9,1117,1,0,23,11,12,1143,1,0,44,23,21,2260,2,0,0,3,3,0,1,1,0,0,0,0,0,0
2380,Bryan Oviedo,2240,[2016],Sunderland AFC,4,4,0,309,0,0,6,6,0,540,0,0,10,10,0,849,0,0,0,0,0,0,0,0,0,0,0,0,0,0
2381,Russell Griffiths,2241,[2014],Everton FC,0,0,0,0,0,0,0,0,0,0,0,0,0,0,0,0,0,0,0,0,0,0,0,0,0,0,0,0,0,0
2382,Aiden McGeady,2242,"[2013, 2014, 2015]",Everton FC,15,7,8,612,0,0,17,7,10,743,1,0,32,14,18,1355,1,0,0,0,0,0,1,1,0,0,0,0,0,0
2383,Samuel Eto'o,2243,[2014],Everton FC,7,2,5,261,1,0,7,6,1,521,2,0,14,8,6,782,3,0,0,0,0,0,1,1,0,0,0,0,0,0
2384,Samuel Eto'o,2243,[2013],Chelsea FC,13,12,1,873,9,0,8,4,4,430,0,0,21,16,5,1303,9,0,3,0,3,7,0,7,0,0,0,0,0,0
2385,Christian Atsu,2244,[2014],Everton FC,5,1,4,112,0,0,0,0,0,0,0,0,5,1,4,112,0,0,0,0,0,0,0,0,0,0,0,0,0,0
2386,Christian Atsu,2244,"[2017, 2018, 2019]",Newcastle United,35,19,16,1870,2,0,40,21,19,2141,1,0,75,40,35,4011,3,0,0,0,0,2,0,2,0,0,0,0,0,0
2387,Dean Ashton,2245,"[2005, 2007, 2008]",West Ham United,23,17,6,1574,10,0,21,14,7,1238,5,0,44,31,13,2812,15,0,1,4,5,6,4,10,0,0,0,0,0,0
2388,Dean Ashton,2245,[2004],Norwich City,8,8,0,714,5,0,8,8,0,707,2,0,16,16,0,1421,7,0,6,0,6,4,2,6,1,0,1,0,0,0
2389,Freddie Sears,2246,"[2007, 2008, 2009, 2010]",West Ham United,20,9,11,852,2,0,15,5,10,598,0,0,35,14,21,1450,2,0,3,0,3,1,0,1,0,0,0,0,0,0
2390,Matt Derbyshire,2247,"[2004, 2006, 2007, 2008]",Blackburn Rovers,33,10,23,1124,4,0,29,7,22,965,6,0,62,17,45,2089,10,0,4,6,10,3,3,6,0,0,0,0,0,0
2391,Matt Derbyshire,2247,[2010],Birmingham City,6,2,4,215,0,0,7,2,5,248,0,0,13,4,9,463,0,0,0,0,0,0,0,0,0,0,0,0,0,0
2392,Max Melbourne,2248,[2017],West Bromwich Albion,0,0,0,0,0,0,0,0,0,0,0,0,0,0,0,0,0,0,0,0,0,0,0,0,0,0,0,0,0,0
2393,Julian Speroni,2249,"[2004, 2013, 2014, 2015, 2016, 2017, 2018]",Crystal Palace,46,46,0,4140,0,0,47,47,0,4194,0,0,93,93,0,8334,0,0,0,0,0,0,0,0,0,0,0,0,0,0
2394,Mamadou Sakho,2250,"[2016, 2017, 2018, 2019]",Crystal Palace,33,30,3,2740,1,0,35,34,1,2967,0,0,68,64,4,5707,1,0,3,0,3,1,0,1,0,0,0,0,0,0
2395,Mamadou Sakho,2250,"[2013, 2014, 2015]",Liverpool FC,24,24,0,2087,2,0,32,29,3,2667,0,0,56,53,3,4754,2,0,0,0,0,0,0,0,0,0,0,0,0,0
2396,Luka Milivojeviƒá,2251,"[2016, 2017, 2018, 2019]",Crystal Palace,61,58,3,5167,14,0,58,57,1,5076,13,0,119,115,4,10243,27,0,5,6,11,10,5,15,12,9,21,0,0,0
2397,Jeffrey Schlupp,2252,"[2016, 2017, 2018, 2019]",Crystal Palace,40,31,9,2752,3,0,46,30,16,2695,4,0,86,61,25,5447,7,0,4,0,4,2,2,4,0,0,0,0,0,0
2398,Jeffrey Schlupp,2252,"[2014, 2015]",Leicester City,29,21,8,1921,1,0,27,23,4,2000,3,0,56,44,12,3921,4,0,0,1,1,1,2,3,0,0,0,0,0,0
2399,Bakary Sako,2253,"[2015, 2016, 2017, 2018]",Crystal Palace,22,4,18,623,3,0,25,11,14,1094,2,0,47,15,32,1717,5,0,6,0,6,3,1,4,0,0,0,0,0,0
2400,Patrick van Aanholt,2254,"[2016, 2017, 2018, 2019]",Crystal Palace,53,50,3,4326,8,0,51,48,3,4282,5,0,104,98,6,8608,13,0,6,6,12,2,4,6,0,1,1,0,0,0
2401,Patrick van Aanholt,2254,"[2014, 2015]",Sunderland AFC,30,29,1,2612,4,0,31,30,1,2664,2,0,61,59,2,5276,6,0,1,0,1,4,2,6,0,0,0,0,0,0
2402,Patrick van Aanholt,2254,"[2009, 2010]",Chelsea FC,1,0,1,13,0,0,1,0,1,19,0,0,2,0,2,32,0,0,0,0,0,0,0,0,0,0,0,0,0,0
2403,Patrick van Aanholt,2254,[2011],Wigan Athletic,1,1,0,90,0,0,2,2,0,180,0,0,3,3,0,270,0,0,0,0,0,0,0,0,0,0,0,0,0,0
2404,Timothy Fosu-Mensah,2255,[2017],Crystal Palace,13,9,4,874,0,0,8,8,0,720,0,0,21,17,4,1594,0,0,0,0,0,0,0,0,0,0,0,0,0,0
2405,Timothy Fosu-Mensah,2255,"[2015, 2016, 2019]",Manchester United,7,3,4,307,0,0,8,2,6,179,0,0,15,5,10,486,0,0,0,0,0,0,0,0,0,0,0,0,0,0
2406,Timothy Fosu-Mensah,2255,[2018],Fulham FC,6,6,0,499,0,0,6,4,2,296,0,0,12,10,2,795,0,0,0,0,0,0,0,0,0,0,0,0,0,0
2407,Ja√Øro Riedewald,2256,"[2017, 2018, 2019]",Crystal Palace,14,7,7,663,0,0,15,4,11,535,0,0,29,11,18,1198,0,0,0,0,0,0,0,0,0,0,0,0,0,0
2408,Javier Hern√°ndez,2257,"[2010, 2011, 2012, 2013, 2014, 2015]",Manchester United,48,24,24,2305,13,0,54,25,29,2463,24,0,102,49,53,4768,37,0,9,20,29,9,13,22,1,0,1,0,0,0
2409,Javier Hern√°ndez,2257,"[2017, 2018, 2019]",West Ham United,28,14,14,1409,8,0,27,17,10,1577,8,0,55,31,24,2986,16,0,4,1,5,6,6,12,0,0,0,0,0,0
2410,Nani,2258,"[2007, 2008, 2009, 2010, 2011, 2012, 2013, 2014]",Manchester United,73,59,14,5047,19,0,73,51,22,4718,6,0,146,110,36,9765,25,0,6,3,9,6,4,10,0,0,0,0,0,0
2411,Adnan Januzaj,2259,"[2012, 2013, 2014, 2015]",Manchester United,26,12,14,1354,1,0,24,12,12,1281,4,0,50,24,26,2635,5,0,0,6,6,0,3,3,0,0,0,0,0,0
2412,Adnan Januzaj,2259,[2016],Sunderland AFC,12,10,2,901,0,0,13,8,5,729,0,0,25,18,7,1630,0,0,0,0,0,0,0,0,0,0,0,0,0,0
2413,Ben Amos,2260,"[2010, 2011, 2012, 2013, 2014]",Manchester United,1,1,0,90,0,0,0,0,0,0,0,0,1,1,0,90,0,0,0,0,0,0,0,0,0,0,0,0,0,0
2414,Vito Mannone,2261,"[2013, 2014, 2015, 2016]",Sunderland AFC,35,35,0,3150,0,0,32,31,1,2837,0,0,67,66,1,5987,0,0,0,0,0,0,0,0,0,0,0,0,0,0
2415,Vito Mannone,2261,"[2008, 2009, 2012]",Arsenal FC,7,7,0,630,0,0,8,8,0,720,0,0,15,15,0,1350,0,0,0,0,0,0,0,0,0,0,0,0,0,0
2416,Santiago Vergini,2262,"[2013, 2014]",Sunderland AFC,22,20,2,1929,0,0,20,18,2,1672,0,0,42,38,4,3601,0,0,0,0,0,0,0,0,0,0,0,0,0,0
2417,Emanuele Giaccherini,2263,"[2013, 2014, 2015]",Sunderland AFC,13,8,5,722,2,0,19,10,9,936,2,0,32,18,14,1658,4,0,0,0,0,0,1,1,0,0,0,0,0,0
2418,Liam Bridcutt,2264,"[2013, 2014, 2015]",Sunderland AFC,15,10,5,945,0,0,15,9,6,848,0,0,30,19,11,1793,0,0,0,0,0,0,0,0,0,0,0,0,0,0
2419,√ìscar Ustari,2265,[2013],Sunderland AFC,0,0,0,0,0,0,0,0,0,0,0,0,0,0,0,0,0,0,0,0,0,0,0,0,0,0,0,0,0,0
2420,El-Hadji Ba,2266,[2013],Sunderland AFC,1,0,1,19,0,0,0,0,0,0,0,0,1,0,1,19,0,0,0,0,0,0,0,0,0,0,0,0,0,0
2421,Ignacio Scocco,2267,[2013],Sunderland AFC,2,0,2,18,0,0,4,0,4,75,0,0,6,0,6,93,0,0,0,0,0,0,0,0,0,0,0,0,0,0
2422,Bosingwa,2268,"[2008, 2009, 2010, 2011]",Chelsea FC,41,37,4,3204,1,0,47,41,6,3707,2,0,88,78,10,6911,3,0,0,0,0,1,2,3,0,0,0,0,0,0
2423,Bosingwa,2268,[2012],Queens Park Rangers,10,10,0,840,0,0,13,12,1,987,0,0,23,22,1,1827,0,0,0,0,0,0,0,0,0,0,0,0,0,0
2424,Alex,2269,"[2007, 2008, 2009, 2010, 2011]",Chelsea FC,40,34,6,3157,5,0,45,37,8,3414,2,0,85,71,14,6571,7,0,0,0,0,4,1,5,0,0,0,0,0,0
2425,Florent Malouda,2270,"[2007, 2008, 2009, 2010, 2011]",Chelsea FC,72,50,22,4459,24,0,76,59,17,5137,11,0,148,109,39,9596,35,0,9,3,12,12,3,15,0,0,0,0,0,0
2426,Michael Ballack,2271,"[2006, 2007, 2008, 2009]",Chelsea FC,56,49,7,4360,10,0,48,37,11,3422,7,0,104,86,18,7782,17,0,6,6,12,5,5,10,1,1,2,0,0,0
2427,Franco Di Santo,2272,[2008],Chelsea FC,6,0,6,126,0,0,2,0,2,28,0,0,8,0,8,154,0,0,0,0,0,0,0,0,0,0,0,0,0,0
2428,Franco Di Santo,2272,"[2009, 2010, 2011, 2012]",Wigan Athletic,48,30,18,2677,6,0,45,28,17,2481,7,0,93,58,35,5158,13,0,0,5,5,4,6,10,0,0,0,0,0,0
2429,Kyle Naughton,2273,"[2015, 2016, 2017]",Swansea City,47,41,6,3724,0,0,45,43,2,3843,1,0,92,84,8,7567,1,0,0,0,0,0,0,0,0,0,0,0,0,0
2430,Kyle Naughton,2273,"[2009, 2010, 2012, 2013, 2014]",Tottenham Hotspur,19,17,2,1455,0,0,23,20,3,1745,0,0,42,37,5,3200,0,0,0,0,0,0,0,0,0,0,0,0,0,0
2431,Kyle Naughton,2273,[2011],Norwich City,17,14,3,1350,0,0,15,15,0,1350,0,0,32,29,3,2700,0,0,0,0,0,0,0,0,0,0,0,0,0,0
2432,Andr√© Ayew,2274,"[2015, 2017]",Swansea City,24,23,1,2012,8,0,22,21,1,1879,4,0,46,44,2,3891,12,0,1,6,7,5,3,8,0,0,0,0,0,0
2433,Andr√© Ayew,2274,[2016],West Ham United,11,6,5,609,1,0,14,10,4,831,5,0,25,16,9,1440,6,0,0,4,4,0,5,5,0,0,0,0,0,0
2434,Kristoffer Nordfeldt,2275,"[2015, 2016, 2017]",Swansea City,2,2,0,180,0,0,0,0,0,0,0,0,2,2,0,180,0,0,0,0,0,0,0,0,0,0,0,0,0,0
2435,Kyle Bartley,2276,"[2012, 2013, 2014, 2015, 2017]",Swansea City,9,7,2,664,0,0,12,7,5,720,0,0,21,14,7,1384,0,0,0,0,0,0,0,0,0,0,0,0,0,0
2436,√âder,2277,[2015],Swansea City,5,1,4,106,0,0,8,1,7,162,0,0,13,2,11,268,0,0,0,0,0,0,0,0,0,0,0,0,0,0
2437,Fabricio Coloccini,2278,"[2008, 2010, 2011, 2012, 2013, 2014, 2015]",Newcastle United,105,105,0,9342,3,0,104,104,0,9212,1,0,209,209,0,18554,4,0,1,0,1,3,0,3,0,0,0,0,0,0
2438,Chancel Mbemba,2279,"[2015, 2017]",Newcastle United,21,20,1,1843,0,0,21,20,1,1753,0,0,42,40,2,3596,0,0,0,0,0,0,0,0,0,0,0,0,0,0
2439,Massadio Ha√Ødara,2280,"[2012, 2013, 2014, 2015, 2017]",Newcastle United,20,10,10,1046,0,0,19,14,5,1388,0,0,39,24,15,2434,0,0,0,0,0,0,0,0,0,0,0,0,0,0
2440,Vurnon Anita,2281,"[2012, 2013, 2014, 2015]",Newcastle United,58,43,15,3973,1,0,48,43,5,3604,1,0,106,86,20,7577,2,0,1,0,1,1,0,1,0,0,0,0,0,0
2441,Papiss Demba Ciss√©,2282,"[2011, 2012, 2013, 2014, 2015]",Newcastle United,64,46,18,3948,21,0,53,42,11,3770,16,0,117,88,29,7718,37,0,22,2,24,15,11,26,0,1,1,0,0,0
2442,Gabriel Obertan,2283,"[2011, 2012, 2013, 2014, 2015]",Newcastle United,29,13,16,1378,1,0,29,20,9,1557,1,0,58,33,25,2935,2,0,3,0,3,1,0,1,0,0,0,0,0,0
2443,Gabriel Obertan,2283,"[2009, 2010]",Manchester United,7,3,4,315,0,0,7,1,6,132,0,0,14,4,10,447,0,0,0,0,0,0,0,0,0,0,0,0,0,0
2444,Rolando Aarons,2284,"[2014, 2015, 2017]",Newcastle United,10,2,8,325,2,0,8,2,6,316,0,0,18,4,14,641,2,0,0,0,0,1,0,1,0,0,0,0,0,0
2445,Aleksandar Mitroviƒá,2285,"[2015, 2017]",Newcastle United,21,11,10,1187,6,0,19,11,8,1113,4,0,40,22,18,2300,10,0,4,0,4,3,4,7,1,1,2,0,0,0
2446,Aleksandar Mitroviƒá,2285,[2018],Fulham FC,18,18,0,1616,8,0,19,19,0,1666,3,0,37,37,0,3282,11,0,7,3,10,7,2,9,0,1,1,0,0,0
2447,Karl Darlow,2286,"[2015, 2017, 2018, 2019]",Newcastle United,9,9,0,810,0,0,10,10,0,900,0,0,19,19,0,1710,0,0,0,0,0,0,0,0,0,0,0,0,0,0
2448,Mike Williamson,2287,"[2010, 2011, 2012, 2013, 2014, 2015]",Newcastle United,64,60,4,5491,1,0,69,66,3,5944,0,0,133,126,7,11435,1,0,0,0,0,1,0,1,0,0,0,0,0,0
2449,Ayoze P√©rez,2288,"[2014, 2015, 2017, 2018]",Newcastle United,72,52,20,4909,21,0,71,57,14,4934,12,0,143,109,34,9843,33,0,13,15,28,13,8,21,0,0,0,0,0,0
2450,Ayoze P√©rez,2288,[2019],Leicester City,16,12,4,923,3,0,17,14,3,1097,5,0,33,26,7,2020,8,0,0,0,0,1,2,3,1,0,1,0,0,0
2451,Cheick Tiot√©,2289,"[2010, 2011, 2012, 2013, 2014, 2015]",Newcastle United,70,67,3,5643,1,0,68,62,6,5433,0,0,138,129,9,11076,1,0,1,0,1,1,0,1,0,0,0,0,0,0
2452,Gary Kelly,2290,"[2000, 2001, 2002, 2003]",Leeds United,45,45,0,4033,0,0,50,46,4,4215,0,0,95,91,4,8248,0,0,0,0,0,0,0,0,0,0,0,0,0,0
2453,Michael Duberry,2291,"[2000, 2001, 2002, 2003]",Leeds United,16,15,1,1359,2,0,16,15,1,1382,1,0,32,30,2,2741,3,0,0,0,0,2,1,3,0,0,0,0,0,0
2454,Michael Duberry,2291,"[2006, 2007]",Reading FC,10,10,0,795,0,0,10,9,1,827,0,0,20,19,1,1622,0,0,0,0,0,0,0,0,0,0,0,0,0,0
2455,Seth Johnson,2292,"[2001, 2002, 2003]",Leeds United,22,17,5,1512,3,0,22,18,4,1560,0,0,44,35,9,3072,3,0,3,0,3,2,0,2,0,0,0,0,0,0
2456,Seth Johnson,2292,[2000],Derby County,16,16,0,1440,0,0,11,11,0,984,1,0,27,27,0,2424,1,0,0,0,0,0,0,0,0,0,0,0,0,0
2457,Jody Morris,2293,[2003],Leeds United,6,5,1,424,0,0,6,6,0,515,0,0,12,11,1,939,0,0,0,0,0,0,0,0,0,0,0,0,0,0
2458,Jody Morris,2293,"[2000, 2001, 2002]",Chelsea FC,25,15,10,1481,0,0,25,18,7,1813,0,0,50,33,17,3294,0,0,0,0,0,0,0,0,0,0,0,0,0,0
2459,Michael Bridges,2294,"[2000, 2002, 2003]",Leeds United,10,3,7,368,0,0,10,3,7,409,0,0,20,6,14,777,0,0,0,0,0,0,0,0,0,0,0,0,0,0
2460,Andrew Davies,2295,"[2002, 2003, 2004, 2005, 2006, 2007]",Middlesbrough FC,24,17,7,1661,0,0,28,21,7,2044,0,0,52,38,14,3705,0,0,0,0,0,0,0,0,0,0,0,0,0,0
2461,Andrew Davies,2295,[2008],Stoke City,1,0,1,16,0,0,1,0,1,32,0,0,2,0,2,48,0,0,0,0,0,0,0,0,0,0,0,0,0,0
2462,Mendieta,2296,"[2003, 2004, 2005, 2006]",Middlesbrough FC,31,28,3,2357,4,0,31,28,3,2371,0,0,62,56,6,4728,4,0,0,0,0,3,0,3,0,0,0,0,0,0
2463,Luke Garbutt,2297,"[2013, 2014, 2017]",Everton FC,1,0,1,16,0,0,4,3,1,271,0,0,5,3,2,287,0,0,0,0,0,0,0,0,0,0,0,0,0,0
2464,Ryan Ledson,2298,"[2013, 2014]",Everton FC,0,0,0,0,0,0,0,0,0,0,0,0,0,0,0,0,0,0,0,0,0,0,0,0,0,0,0,0,0,0
2465,Stevan Jovetiƒá,2299,"[2013, 2014]",Manchester City,17,5,12,666,6,0,13,6,7,501,2,0,30,11,19,1167,8,0,0,0,0,2,1,3,0,0,0,0,0,0
2466,Egil √òstenstad,2300,"[2001, 2002]",Blackburn Rovers,11,7,4,567,1,0,10,3,7,350,0,0,21,10,11,917,1,0,0,0,0,1,0,1,0,0,0,0,0,0
2467,Egil √òstenstad,2300,[2000],Manchester City,3,1,2,143,0,0,0,0,0,0,0,0,3,1,2,143,0,0,0,0,0,0,0,0,0,0,0,0,0,0
2468,Morgan Amalfitano,2301,[2013],West Bromwich Albion,14,14,0,1139,2,0,14,12,2,1014,2,0,28,26,2,2153,4,0,0,3,3,1,2,3,0,0,0,0,0,0
2469,Morgan Amalfitano,2301,[2014],West Ham United,10,6,4,542,3,0,14,8,6,640,0,0,24,14,10,1182,3,0,0,0,0,1,0,1,0,0,0,0,0,0
2470,Matƒõj Vydra,2302,[2013],West Bromwich Albion,13,4,9,367,3,0,10,3,7,301,0,0,23,7,16,668,3,0,2,0,2,3,0,3,0,0,0,0,0,0
2471,Matƒõj Vydra,2302,"[2018, 2019]",Burnley FC,13,4,9,434,2,0,19,6,13,691,1,0,32,10,22,1125,3,0,0,3,3,2,1,3,0,0,0,0,0,0
2472,Matƒõj Vydra,2302,"[2015, 2016]",Watford FC,1,0,1,2,0,0,0,0,0,0,0,0,1,0,1,2,0,0,0,0,0,0,0,0,0,0,0,0,0,0
2473,Luke Daniels,2303,"[2011, 2012, 2013, 2014]",West Bromwich Albion,0,0,0,0,0,0,1,0,1,12,0,0,1,0,1,12,0,0,0,0,0,0,0,0,0,0,0,0,0,0
2474,Goran Popov,2304,"[2012, 2013]",West Bromwich Albion,7,7,0,622,0,0,7,4,3,392,0,0,14,11,3,1014,0,0,0,0,0,0,0,0,0,0,0,0,0,0
2475,Diego Lugano,2305,[2013],West Bromwich Albion,3,2,1,229,1,0,6,5,1,429,0,0,9,7,2,658,1,0,1,0,1,1,0,1,0,0,0,0,0,0
2476,Neco Williams,2306,[2019],Liverpool FC,3,1,2,86,0,0,3,2,1,145,0,0,6,3,3,231,0,0,0,0,0,0,0,0,0,0,0,0,0,0
2477,Takumi Minamino,2307,[2019],Liverpool FC,3,0,3,28,0,0,7,2,5,215,0,0,10,2,8,243,0,0,0,0,0,0,0,0,0,0,0,0,0,0
2478,Harvey Elliott,2308,[2019],Liverpool FC,2,0,2,7,0,0,0,0,0,0,0,0,2,0,2,7,0,0,0,0,0,0,0,0,0,0,0,0,0,0
2479,Harvey Elliott,2308,[2018],Fulham FC,1,0,1,16,0,0,1,0,1,2,0,0,2,0,2,18,0,0,0,0,0,0,0,0,0,0,0,0,0,0
2480,Adri√°n,2309,[2019],Liverpool FC,7,5,2,513,0,0,4,4,0,360,0,0,11,9,2,873,0,0,0,0,0,0,0,0,0,0,0,0,0,0
2481,Adri√°n,2309,"[2013, 2014, 2015, 2016, 2017, 2018]",West Ham United,64,64,0,5760,0,0,62,62,0,5580,0,0,126,126,0,11340,0,0,0,0,0,0,0,0,0,0,0,0,0,0
2482,Curtis Jones,2310,"[2017, 2018, 2019]",Liverpool FC,3,1,2,98,1,0,3,0,3,24,0,0,6,1,5,122,1,0,0,0,0,0,0,0,0,0,0,0,0,0
2483,Cheikhou Kouyat√©,2311,"[2018, 2019]",Crystal Palace,31,25,6,2158,1,0,35,25,10,2275,0,0,66,50,16,4433,1,0,0,0,0,1,0,1,0,0,0,0,0,0
2484,Cheikhou Kouyat√©,2311,"[2014, 2015, 2016, 2017]",West Ham United,69,68,1,6000,8,0,61,60,1,5316,4,0,130,128,2,11316,12,0,5,0,5,5,4,9,0,0,0,0,0,0
2485,Max Meyer,2312,"[2018, 2019]",Crystal Palace,28,10,18,1043,0,0,18,11,7,1021,1,0,46,21,25,2064,1,0,0,0,0,0,0,0,0,0,0,0,0,0
2486,Brandon Pierrick,2313,[2019],Crystal Palace,0,0,0,0,0,0,2,0,2,13,0,0,2,0,2,13,0,0,0,0,0,0,0,0,0,0,0,0,0,0
2487,Stephen Henderson,2314,[2019],Crystal Palace,0,0,0,0,0,0,0,0,0,0,0,0,0,0,0,0,0,0,0,0,0,0,0,0,0,0,0,0,0,0
2488,Stephen Henderson,2314,[2012],West Ham United,0,0,0,0,0,0,0,0,0,0,0,0,0,0,0,0,0,0,0,0,0,0,0,0,0,0,0,0,0,0
2489,Nikola Tavares,2315,[2019],Crystal Palace,0,0,0,0,0,0,0,0,0,0,0,0,0,0,0,0,0,0,0,0,0,0,0,0,0,0,0,0,0,0
2490,Tyrick Mitchell,2316,[2019],Crystal Palace,2,1,1,96,0,0,2,1,1,97,0,0,4,2,2,193,0,0,0,0,0,0,0,0,0,0,0,0,0,0
2491,Danny Graham,2317,[2013],Hull City,9,5,4,501,0,0,9,7,2,499,1,0,18,12,6,1000,1,0,0,0,0,0,1,1,0,0,0,0,0,0
2492,Danny Graham,2317,"[2011, 2012]",Swansea City,27,21,6,1825,11,0,27,21,6,1919,4,0,54,42,12,3744,15,0,7,3,10,5,3,8,1,0,1,0,0,0
2493,Danny Graham,2317,"[2014, 2015]",Sunderland AFC,9,4,5,417,0,0,15,7,8,567,1,0,24,11,13,984,1,0,0,0,0,0,1,1,0,0,0,0,0,0
2494,Danny Graham,2317,"[2004, 2005]",Middlesbrough FC,7,0,7,77,1,0,7,1,6,152,0,0,14,1,13,229,1,0,1,0,1,1,0,1,0,0,0,0,0,0
2495,Danny Graham,2317,[2006],Watford FC,1,0,1,10,0,0,0,0,0,0,0,0,1,0,1,10,0,0,0,0,0,0,0,0,0,0,0,0,0,0
2496,Matty Fryatt,2318,[2013],Hull City,5,0,5,124,1,0,4,0,4,90,1,0,9,0,9,214,2,0,0,0,0,0,0,0,0,0,0,0,0,0
2497,Anders Lindegaard,2319,"[2010, 2011, 2012, 2013, 2014]",Manchester United,9,9,0,810,0,0,10,10,0,900,0,0,19,19,0,1710,0,0,0,0,0,0,0,0,0,0,0,0,0,0
2498,Anders Lindegaard,2319,[2017],Burnley FC,0,0,0,0,0,0,0,0,0,0,0,0,0,0,0,0,0,0,0,0,0,0,0,0,0,0,0,0,0,0
2499,Anders Lindegaard,2319,[2015],West Bromwich Albion,0,0,0,0,0,0,0,0,0,0,0,0,0,0,0,0,0,0,0,0,0,0,0,0,0,0,0,0,0,0
2500,F√°bio,2320,"[2009, 2010, 2011, 2013]",Manchester United,12,5,7,578,0,0,10,4,6,463,1,0,22,9,13,1041,1,0,0,0,0,0,0,0,0,0,0,0,0,0
2501,F√°bio,2320,[2012],Queens Park Rangers,12,7,5,595,0,0,9,6,3,540,0,0,21,13,8,1135,0,0,0,0,0,0,0,0,0,0,0,0,0,0
2502,F√°bio,2320,[2016],Middlesbrough FC,12,11,1,931,0,0,12,10,2,918,0,0,24,21,3,1849,0,0,0,0,0,0,0,0,0,0,0,0,0,0
2503,Shinji Kagawa,2321,"[2012, 2013, 2014]",Manchester United,20,16,4,1296,5,0,18,15,3,1200,1,0,38,31,7,2496,6,0,0,0,0,2,1,3,0,0,0,0,0,0
2504,Kamil Zayatte,2322,"[2008, 2009]",Hull City,26,25,1,2181,1,0,29,27,2,2431,2,0,55,52,3,4612,3,0,0,0,0,1,2,3,0,0,0,0,0,0
2505,Ian Ashbee,2323,[2008],Hull City,16,16,0,1440,1,0,15,15,0,1254,0,0,31,31,0,2694,1,0,0,0,0,0,0,0,0,0,0,0,0,0
2506,Daniel Cousin,2324,"[2008, 2009]",Hull City,16,11,5,870,2,0,14,8,6,790,2,0,30,19,11,1660,4,0,0,3,3,2,2,4,0,0,0,0,0,0
2507,P√©ter Halmosi,2325,[2008],Hull City,9,3,6,325,0,0,9,1,8,225,0,0,18,4,14,550,0,0,0,0,0,0,0,0,0,0,0,0,0,0
2508,Carlton Cole,2326,"[2006, 2007, 2008, 2009, 2010, 2012, 2013, 2014]",West Ham United,103,65,38,6000,24,0,111,64,47,6139,16,0,214,129,85,12139,40,0,3,3,6,13,9,22,1,0,1,0,0,0
2509,Carlton Cole,2326,"[2001, 2002, 2005]",Chelsea FC,13,2,11,348,1,0,12,2,10,441,3,0,25,4,21,789,4,0,3,3,6,1,3,4,0,0,0,0,0,0
2510,Carlton Cole,2326,[2004],Aston Villa,12,8,4,643,2,0,14,9,5,780,1,0,26,17,9,1423,3,0,0,0,0,1,0,1,0,0,0,0,0,0
2511,Carlton Cole,2326,[2003],Charlton Athletic,12,4,8,526,3,0,9,4,5,452,1,0,21,8,13,978,4,0,0,3,3,2,1,3,0,0,0,0,0,0
2512,David Di Michele,2327,[2008],West Ham United,15,12,3,1002,4,0,14,9,5,827,0,0,29,21,8,1829,4,0,0,0,0,3,0,3,0,0,0,0,0,0
2513,Michael Obafemi,2328,"[2017, 2018, 2019]",Southampton FC,13,4,9,294,0,0,15,5,10,537,4,0,28,9,19,831,4,0,0,1,1,0,3,3,0,0,0,0,0,0
2514,Jack Stephens,2329,"[2014, 2016, 2017, 2018, 2019]",Southampton FC,44,41,3,3775,2,0,47,42,5,3829,2,0,91,83,8,7604,4,0,1,0,1,2,1,3,0,0,0,0,0,0
2515,Nathaniel Chalobah,2330,"[2017, 2018, 2019]",Watford FC,18,9,9,770,0,0,19,9,10,900,0,0,37,18,19,1670,0,0,0,0,0,0,0,0,0,0,0,0,0,0
2516,Nathaniel Chalobah,2330,"[2011, 2016]",Chelsea FC,6,1,5,142,0,0,4,0,4,17,0,0,10,1,9,159,0,0,0,0,0,0,0,0,0,0,0,0,0,0
2517,Nathaniel Chalobah,2330,[2014],Burnley FC,2,0,2,11,0,0,2,0,2,54,0,0,4,0,4,65,0,0,0,0,0,0,0,0,0,0,0,0,0,0
2518,Isaac Success,2331,"[2016, 2017, 2018, 2019]",Watford FC,27,3,24,643,2,0,27,8,19,965,0,0,54,11,43,1608,2,0,1,0,1,1,0,1,0,0,0,0,0,0
2519,Ben Wilmot,2332,[2018],Watford FC,0,0,0,0,0,0,2,0,2,26,0,0,2,0,2,26,0,0,0,0,0,0,0,0,0,0,0,0,0,0
2520,Stefano Okaka,2333,"[2016, 2017, 2018]",Watford FC,20,8,12,859,4,0,16,5,11,563,1,0,36,13,23,1422,5,0,0,0,0,3,1,4,0,0,0,0,0,0
2521,Stefano Okaka,2333,[2009],Fulham FC,6,1,5,191,2,0,5,2,3,252,0,0,11,3,8,443,2,0,0,0,0,1,0,1,0,0,0,0,0,0
2522,Dean Kiely,2334,"[2000, 2001, 2002, 2003, 2004]",Charlton Athletic,85,85,0,7605,0,0,82,82,0,7380,0,0,167,167,0,14985,0,0,0,0,0,0,0,0,0,0,0,0,0,0
2523,Dean Kiely,2334,[2005],Portsmouth FC,8,8,0,720,0,0,7,7,0,630,0,0,15,15,0,1350,0,0,0,0,0,0,0,0,0,0,0,0,0,0
2524,Dean Kiely,2334,"[2008, 2010]",West Bromwich Albion,2,2,0,180,0,0,1,1,0,90,0,0,3,3,0,270,0,0,0,0,0,0,0,0,0,0,0,0,0,0
2525,Mathias Svensson,2335,"[2000, 2001, 2002, 2003]",Charlton Athletic,27,12,15,1067,5,0,23,16,7,1405,1,0,50,28,22,2472,6,0,6,0,6,5,1,6,0,0,0,0,0,0
2526,Mathias Svensson,2335,[2004],Norwich City,11,4,7,422,4,0,10,5,5,417,0,0,21,9,12,839,4,0,6,0,6,4,0,4,0,0,0,0,0,0
2527,John Salako,2336,"[2000, 2001]",Charlton Athletic,11,4,7,364,0,0,8,2,6,205,0,0,19,6,13,569,0,0,0,0,0,0,0,0,0,0,0,0,0,0
2528,Kevin Lisbie,2337,"[2000, 2001, 2002, 2003, 2004, 2005, 2006]",Charlton Athletic,59,28,31,2922,9,0,50,26,24,2562,5,0,109,54,55,5484,14,0,10,6,16,6,3,9,0,0,0,0,0,0
2529,Craig Forrest,2338,[2000],West Ham United,1,0,1,45,0,0,2,2,0,180,0,0,3,2,1,225,0,0,0,0,0,0,0,0,0,0,0,0,0,0
2530,Hannu Tihinen,2339,[2000],West Ham United,2,1,1,78,0,0,4,2,2,232,0,0,6,3,3,310,0,0,0,0,0,0,0,0,0,0,0,0,0,0
2531,Rigobert Song,2340,"[2000, 2001]",West Ham United,9,9,0,810,0,0,13,12,1,1070,0,0,22,21,1,1880,0,0,0,0,0,0,0,0,0,0,0,0,0,0
2532,Ryan Taylor,2341,[2007],Blackburn Rovers,0,0,0,0,0,0,1,1,0,89,0,0,1,1,0,89,0,0,0,0,0,0,0,0,0,0,0,0,0,0
2533,Ryan Taylor,2341,"[2010, 2011, 2012, 2014]",Newcastle United,24,20,4,1715,1,0,26,17,9,1641,1,0,50,37,13,3356,2,0,0,3,3,0,1,1,0,0,0,0,0,0
2534,Ryan Taylor,2341,"[2005, 2006, 2008]",Wigan Athletic,20,12,8,1216,2,0,18,13,5,1099,1,0,38,25,13,2315,3,0,3,0,3,2,1,3,0,0,0,0,0,0
2535,Denny Landzaat,2342,[2007],Blackburn Rovers,0,0,0,0,0,0,1,1,0,90,0,0,1,1,0,90,0,0,0,0,0,0,0,0,0,0,0,0,0,0
2536,Denny Landzaat,2342,[2006],Wigan Athletic,17,15,2,1292,0,0,16,14,2,1235,2,0,33,29,4,2527,2,0,0,0,0,0,1,1,0,0,0,0,0,0
2537,Andreas Granqvist,2343,[2007],Blackburn Rovers,0,0,0,0,0,0,1,0,1,1,0,0,1,0,1,1,0,0,0,0,0,0,0,0,0,0,0,0,0,0
2538,Salomon Olemb√©,2344,[2007],Blackburn Rovers,0,0,0,0,0,0,1,0,1,1,0,0,1,0,1,1,0,0,0,0,0,0,0,0,0,0,0,0,0,0
2539,Salomon Olemb√©,2344,[2003],Leeds United,6,5,1,440,0,0,6,3,3,400,0,0,12,8,4,840,0,0,0,0,0,0,0,0,0,0,0,0,0,0
2540,Julius Aghahowa,2345,[2007],Blackburn Rovers,0,0,0,0,0,0,1,0,1,52,0,0,1,0,1,52,0,0,0,0,0,0,0,0,0,0,0,0,0,0
2541,Julius Aghahowa,2345,[2006],Wigan Athletic,3,2,1,189,0,0,3,1,2,122,0,0,6,3,3,311,0,0,0,0,0,0,0,0,0,0,0,0,0,0
2542,Nick Pope,2346,"[2016, 2017, 2019]",Burnley FC,37,36,1,3294,0,0,36,36,0,3240,0,0,73,72,1,6534,0,0,0,0,0,0,0,0,0,0,0,0,0,0
2543,Charlie Taylor,2347,"[2017, 2018, 2019]",Burnley FC,36,33,3,2956,0,0,37,34,3,3178,0,0,73,67,6,6134,0,0,0,0,0,0,0,0,0,0,0,0,0,0
2544,Chris Wood,2348,"[2017, 2018, 2019]",Burnley FC,47,40,7,3472,18,0,47,38,9,3202,16,0,94,78,16,6674,34,0,11,2,13,14,11,25,1,0,1,0,0,0
2545,Chris Wood,2348,[2014],Leicester City,3,0,3,23,1,0,4,0,4,85,0,0,7,0,7,108,1,0,1,0,1,1,0,1,0,0,0,0,0,0
2546,Chris Wood,2348,"[2008, 2010]",West Bromwich Albion,0,0,0,0,0,0,3,0,3,23,0,0,3,0,3,23,0,0,0,0,0,0,0,0,0,0,0,0,0,0
2547,Dwight McNeil,2349,"[2017, 2018, 2019]",Burnley FC,32,30,2,2620,5,0,28,27,1,2325,0,0,60,57,3,4945,5,0,0,0,0,1,0,1,0,0,0,0,0,0
2548,Kevin Long,2350,"[2014, 2016, 2017, 2018, 2019]",Burnley FC,15,15,0,1350,1,0,19,15,4,1508,0,0,34,30,4,2858,1,0,0,0,0,0,0,0,0,0,0,0,0,0
2549,Manuel Lanzini,2351,"[2015, 2016, 2017, 2018, 2019]",West Ham United,65,53,12,4587,10,0,58,47,11,4250,10,0,123,100,23,8837,20,0,3,3,6,5,5,10,0,2,2,0,0,0
2550,Andrey Yarmolenko,2352,"[2018, 2019]",West Ham United,16,10,6,835,4,0,16,5,11,611,3,0,32,15,17,1446,7,0,4,0,4,3,2,5,0,0,0,0,0,0
2551,Albian Ajeti,2353,[2019],West Ham United,5,0,5,78,0,0,4,0,4,53,0,0,9,0,9,131,0,0,0,0,0,0,0,0,0,0,0,0,0,0
2552,David Seaman,2354,"[2000, 2001, 2002]",Arsenal FC,35,35,0,3150,0,0,33,33,0,2970,0,0,68,68,0,6120,0,0,0,0,0,0,0,0,0,0,0,0,0,0
2553,David Seaman,2354,[2003],Manchester City,8,8,0,720,0,0,10,10,0,785,0,0,18,18,0,1505,0,0,0,0,0,0,0,0,0,0,0,0,0,0
2554,Martin Keown,2355,"[2000, 2001, 2002, 2003]",Arsenal FC,39,33,6,3104,0,0,41,37,4,3264,0,0,80,70,10,6368,0,0,0,0,0,0,0,0,0,0,0,0,0,0
2555,Sylvain Wiltord,2356,"[2000, 2001, 2002, 2003]",Arsenal FC,51,37,14,3167,19,0,50,38,12,3371,12,0,101,75,26,6538,31,0,6,7,13,7,6,13,0,0,0,0,0,0
2556,Thierry Henry,2357,"[2000, 2001, 2002, 2003, 2004, 2005, 2006, 2011]",Arsenal FC,119,110,9,10046,110,0,103,94,9,8564,49,0,222,204,18,18610,159,0,32,11,43,57,26,83,15,6,21,0,0,0
2557,Giovanni van Bronckhorst,2358,"[2001, 2002]",Arsenal FC,20,11,9,1161,1,0,19,10,9,1013,1,0,39,21,18,2174,2,0,0,0,0,0,1,1,0,0,0,0,0,0
2558,Francis Jeffers,2359,"[2001, 2002]",Arsenal FC,11,1,10,249,3,0,11,3,8,296,1,0,22,4,18,545,4,0,0,0,0,2,1,3,0,0,0,0,0,0
2559,Francis Jeffers,2359,[2004],Charlton Athletic,12,5,7,426,3,0,8,4,4,436,0,0,20,9,11,862,3,0,0,0,0,2,0,2,0,0,0,0,0,0
2560,Francis Jeffers,2359,"[2000, 2003]",Everton FC,17,9,8,872,3,0,11,6,5,612,3,0,28,15,13,1484,6,0,0,3,3,3,3,6,0,0,0,0,0,0
2561,Francis Jeffers,2359,[2006],Blackburn Rovers,5,2,3,134,0,0,5,1,4,217,0,0,10,3,7,351,0,0,0,0,0,0,0,0,0,0,0,0,0,0
2562,St√©phane Henchoz,2360,"[2000, 2002, 2003]",Liverpool FC,34,34,0,2899,0,0,31,28,3,2607,0,0,65,62,3,5506,0,0,0,0,0,0,0,0,0,0,0,0,0,0
2563,St√©phane Henchoz,2360,[2001],West Ham United,1,1,0,90,0,0,0,0,0,0,0,0,1,1,0,90,0,0,0,0,0,0,0,0,0,0,0,0,0,0
2564,St√©phane Henchoz,2360,[2005],Wigan Athletic,13,13,0,1166,0,0,13,13,0,1125,0,0,26,26,0,2291,0,0,0,0,0,0,0,0,0,0,0,0,0,0
2565,St√©phane Henchoz,2360,[2006],Blackburn Rovers,6,5,1,451,0,0,6,5,1,427,0,0,12,10,2,878,0,0,0,0,0,0,0,0,0,0,0,0,0,0
2566,Sami Hyypi√§,2361,"[2000, 2002, 2003, 2004, 2005, 2006, 2007, 2008]",Liverpool FC,117,112,5,10038,8,0,121,118,3,10346,9,0,238,230,8,20384,17,0,4,3,7,6,6,12,0,0,0,0,0,0
2567,Sami Hyypi√§,2361,[2001],West Ham United,1,1,0,90,0,0,0,0,0,0,0,0,1,1,0,90,0,0,0,0,0,0,0,0,0,0,0,0,0,0
2568,John Arne Riise,2362,"[2002, 2003, 2004, 2005, 2006, 2007]",Liverpool FC,98,84,14,7682,6,0,95,75,20,6840,8,0,193,159,34,14522,14,0,1,9,10,4,6,10,0,0,0,0,0,0
2569,John Arne Riise,2362,"[2011, 2012, 2013]",Fulham FC,44,43,1,3736,1,0,43,38,5,3423,0,0,87,81,6,7159,1,0,0,0,0,1,0,1,0,0,0,0,0,0
2570,John Arne Riise,2362,[2001],West Ham United,1,1,0,90,0,0,0,0,0,0,0,0,1,1,0,90,0,0,0,0,0,0,0,0,0,0,0,0,0,0
2571,Bruno Cheyrou,2363,"[2002, 2003]",Liverpool FC,15,6,9,543,0,0,15,10,5,826,2,0,30,16,14,1369,2,0,0,3,3,0,2,2,0,0,0,0,0,0
2572,Djimi Traor√©,2364,"[2000, 2002, 2003, 2004, 2005]",Liverpool FC,41,33,8,2980,0,0,45,37,8,3364,0,0,86,70,16,6344,0,0,0,0,0,0,0,0,0,0,0,0,0,0
2573,Djimi Traor√©,2364,[2006],Charlton Athletic,6,6,0,476,0,0,5,5,0,385,0,0,11,11,0,861,0,0,0,0,0,0,0,0,0,0,0,0,0,0
2574,Djimi Traor√©,2364,[2007],Portsmouth FC,2,1,1,134,0,0,1,0,1,1,0,0,3,1,2,135,0,0,0,0,0,0,0,0,0,0,0,0,0,0
2575,Igor Bi≈°ƒáan,2365,"[2000, 2001, 2002, 2003, 2004]",Liverpool FC,33,21,12,1874,1,0,38,28,10,2313,1,0,71,49,22,4187,2,0,3,0,3,1,0,1,0,0,0,0,0,0
2576,Sebastian Pr√∂dl,2366,"[2015, 2016, 2017, 2018, 2019]",Watford FC,37,34,3,2980,2,0,40,35,5,3208,1,0,77,69,8,6188,3,0,0,0,0,2,0,2,0,0,0,0,0,0
2577,Didier Ndong,2367,[2017],Watford FC,0,0,0,0,0,0,0,0,0,0,0,0,0,0,0,0,0,0,0,0,0,0,0,0,0,0,0,0,0,0
2578,Didier Ndong,2367,[2016],Sunderland AFC,16,14,2,1293,0,0,15,13,2,1226,1,0,31,27,4,2519,1,0,0,0,0,0,0,0,0,0,0,0,0,0
2579,Dodi Lukebakio,2368,[2017],Watford FC,0,0,0,0,0,0,1,0,1,15,0,0,1,0,1,15,0,0,0,0,0,0,0,0,0,0,0,0,0,0
2580,Brad Smith,2369,"[2016, 2017]",AFC Bournemouth,2,1,1,69,0,0,3,2,1,202,0,0,5,3,2,271,0,0,0,0,0,0,0,0,0,0,0,0,0,0
2581,Brad Smith,2369,"[2013, 2015]",Liverpool FC,0,0,0,0,0,0,5,3,2,329,0,0,5,3,2,329,0,0,0,0,0,0,0,0,0,0,0,0,0,0
2582,Carlo Cudicini,2370,"[2000, 2001, 2002, 2003, 2004, 2005, 2006, 2007, 2008]",Chelsea FC,71,69,2,6291,0,0,68,66,2,6035,0,0,139,135,4,12326,0,0,0,0,0,0,0,0,0,0,0,0,0,0
2583,Carlo Cudicini,2370,"[2009, 2010, 2011, 2012]",Tottenham Hotspur,6,6,0,540,0,0,9,8,1,794,0,0,15,14,1,1334,0,0,0,0,0,0,0,0,0,0,0,0,0,0
2584,Adrian Mutu,2371,"[2003, 2004]",Chelsea FC,13,12,1,990,4,0,13,8,5,726,2,0,26,20,6,1716,6,0,3,3,6,3,1,4,0,0,0,0,0,0
2585,Hern√°n Crespo,2372,"[2003, 2005]",Chelsea FC,23,18,5,1350,7,0,26,15,11,1475,13,0,49,33,16,2825,20,0,3,9,12,4,9,13,0,0,0,0,0,0
2586,Ei√∞ur Gu√∞johnsen,2373,"[2000, 2001, 2002, 2003, 2004, 2005]",Chelsea FC,93,65,28,5881,34,0,90,58,32,5327,20,0,183,123,60,11208,54,0,6,10,16,17,11,28,2,0,2,0,0,0
2587,Ei√∞ur Gu√∞johnsen,2373,[2010],Fulham FC,3,2,1,158,0,0,7,2,5,251,0,0,10,4,6,409,0,0,0,0,0,0,0,0,0,0,0,0,0,0
2588,Ei√∞ur Gu√∞johnsen,2373,[2009],Tottenham Hotspur,6,1,5,136,0,0,5,2,3,247,1,0,11,3,8,383,1,0,0,0,0,0,1,1,0,0,0,0,0,0
2589,Hugo Viana,2374,"[2002, 2003]",Newcastle United,22,8,14,895,1,0,17,8,9,738,1,0,39,16,23,1633,2,0,3,1,4,1,1,2,0,0,0,0,0,0
2590,Steven Caldwell,2375,"[2000, 2002, 2003]",Newcastle United,13,11,2,1109,1,0,12,7,5,862,0,0,25,18,7,1971,1,0,0,0,0,0,0,0,0,0,0,0,0,0
2591,Steven Caldwell,2375,[2009],Burnley FC,7,7,0,630,1,0,6,5,1,433,0,0,13,12,1,1063,1,0,0,0,0,1,0,1,0,0,0,0,0,0
2592,Steven Caldwell,2375,[2005],Sunderland AFC,13,13,0,1144,0,0,11,10,1,864,0,0,24,23,1,2008,0,0,0,0,0,0,0,0,0,0,0,0,0,0
2593,Steven Caldwell,2375,[2010],Wigan Athletic,4,3,1,343,0,0,7,6,1,559,0,0,11,9,2,902,0,0,0,0,0,0,0,0,0,0,0,0,0,0
2594,Nahki Wells,2376,[2017],Burnley FC,5,0,5,22,0,0,4,0,4,24,0,0,9,0,9,46,0,0,0,0,0,0,0,0,0,0,0,0,0,0
2595,Tom Edwards,2377,"[2016, 2017]",Stoke City,2,2,0,180,0,0,4,4,0,303,0,0,6,6,0,483,0,0,0,0,0,0,0,0,0,0,0,0,0,0
2596,James Wilson,2378,"[2013, 2014, 2015]",Manchester United,9,3,6,324,2,0,6,0,6,97,1,0,15,3,12,421,3,0,0,0,0,1,0,1,0,0,0,0,0,0
2597,Radamel Falcao,2379,[2014],Manchester United,15,7,8,585,2,0,11,7,4,698,2,0,26,14,12,1283,4,0,3,2,5,1,2,3,0,0,0,0,0,0
2598,Radamel Falcao,2379,[2015],Chelsea FC,4,1,3,134,1,0,6,0,6,94,0,0,10,1,9,228,1,0,0,0,0,1,0,1,0,0,0,0,0,0
2599,Tyler Blackett,2380,[2014],Manchester United,5,2,3,241,0,0,6,4,2,414,0,0,11,6,5,655,0,0,0,0,0,0,0,0,0,0,0,0,0,0
2600,Will Keane,2381,"[2011, 2014, 2015]",Manchester United,1,0,1,5,0,0,1,0,1,4,0,0,2,0,2,9,0,0,0,0,0,0,0,0,0,0,0,0,0,0
2601,Will Keane,2381,[2016],Hull City,2,2,0,94,0,0,3,2,1,188,0,0,5,4,1,282,0,0,0,0,0,0,0,0,0,0,0,0,0,0
2602,Oussama Assaidi,2382,"[2013, 2014]",Stoke City,15,5,10,578,3,0,13,8,5,758,1,0,28,13,15,1336,4,0,3,0,3,2,1,3,0,0,0,0,0,0
2603,Oussama Assaidi,2382,[2012],Liverpool FC,2,0,2,30,0,0,2,0,2,43,0,0,4,0,4,73,0,0,0,0,0,0,0,0,0,0,0,0,0,0
2604,Oliver Shenton,2383,"[2014, 2015]",Stoke City,1,0,1,1,0,0,0,0,0,0,0,0,1,0,1,1,0,0,0,0,0,0,0,0,0,0,0,0,0,0
2605,Adam Drury,2384,"[2004, 2011]",Norwich City,22,21,1,1847,1,0,22,21,1,1786,0,0,44,42,2,3633,1,0,0,0,0,0,0,0,0,0,0,0,0,0
2606,Craig Fleming,2385,[2004],Norwich City,18,18,0,1620,1,0,19,19,0,1710,0,0,37,37,0,3330,1,0,0,0,0,1,0,1,0,0,0,0,0,0
2607,Marc Edworthy,2386,[2004],Norwich City,13,12,1,1099,0,0,14,14,0,1241,0,0,27,26,1,2340,0,0,0,0,0,0,0,0,0,0,0,0,0,0
2608,Marc Edworthy,2386,[2007],Derby County,7,5,2,478,0,0,2,2,0,180,0,0,9,7,2,658,0,0,0,0,0,0,0,0,0,0,0,0,0,0
2609,Marc Edworthy,2386,[2000],Coventry City,10,10,0,900,1,0,11,7,4,803,0,0,21,17,4,1703,1,0,1,0,1,1,0,1,0,0,0,0,0,0
2610,Gary Holt,2387,[2004],Norwich City,13,9,4,865,0,0,14,12,2,1051,0,0,27,21,6,1916,0,0,0,0,0,0,0,0,0,0,0,0,0,0
2611,Simon Charlton,2388,[2004],Norwich City,11,10,1,791,1,0,12,11,1,997,0,0,23,21,2,1788,1,0,1,0,1,1,0,1,0,0,0,0,0,0
2612,Simon Charlton,2388,"[2001, 2002, 2003]",Bolton Wanderers,48,44,4,3817,0,0,50,46,4,4079,0,0,98,90,8,7896,0,0,0,0,0,0,0,0,0,0,0,0,0,0
2613,Darren Huckerby,2389,[2004],Norwich City,17,16,1,1419,4,0,19,19,0,1681,2,0,36,35,1,3100,6,0,0,1,1,3,1,4,2,0,2,0,0,0
2614,Darren Huckerby,2389,[2002],Manchester City,7,3,4,290,1,0,9,3,6,287,0,0,16,6,10,577,1,0,3,0,3,1,0,1,0,0,0,0,0,0
2615,Darren Huckerby,2389,[2000],Leeds United,3,0,3,59,0,0,3,1,2,99,0,0,6,1,5,158,0,0,0,0,0,0,0,0,0,0,0,0,0,0
2616,Mattias Jonson,2390,[2004],Norwich City,15,11,4,802,0,0,13,8,5,739,0,0,28,19,9,1541,0,0,0,0,0,0,0,0,0,0,0,0,0,0
2617,Leon McKenzie,2391,[2004],Norwich City,17,13,4,1182,5,0,19,10,9,1142,2,0,36,23,13,2324,7,0,1,0,1,2,1,3,0,0,0,0,0,0
2618,Thomas Helveg,2392,[2004],Norwich City,10,10,0,855,0,0,10,6,4,483,0,0,20,16,4,1338,0,0,0,0,0,0,0,0,0,0,0,0,0,0
2619,Paul McVeigh,2393,[2004],Norwich City,10,1,9,260,0,0,7,2,5,211,1,0,17,3,14,471,1,0,0,0,0,0,0,0,0,0,0,0,0,0
2620,Jos√© Enrique,2394,"[2007, 2008, 2010]",Newcastle United,43,40,3,3407,0,0,41,37,4,3219,0,0,84,77,7,6626,0,0,0,0,0,0,0,0,0,0,0,0,0,0
2621,Jos√© Enrique,2394,"[2011, 2012, 2013, 2014]",Liverpool FC,37,32,5,2992,2,0,39,34,5,3061,0,0,76,66,10,6053,2,0,0,0,0,0,0,0,0,0,0,0,0,0
2622,Danny Simpson,2395,"[2010, 2011, 2012]",Newcastle United,42,42,0,3635,0,0,42,41,1,3696,0,0,84,83,1,7331,0,0,0,0,0,0,0,0,0,0,0,0,0,0
2623,Danny Simpson,2395,"[2014, 2015, 2016, 2017, 2018]",Leicester City,54,51,3,4464,0,0,59,56,3,4963,0,0,113,107,6,9427,0,0,0,0,0,0,0,0,0,0,0,0,0,0
2624,Danny Simpson,2395,[2008],Blackburn Rovers,6,5,1,439,0,0,6,5,1,450,0,0,12,10,2,889,0,0,0,0,0,0,0,0,0,0,0,0,0,0
2625,Danny Simpson,2395,[2007],Manchester United,3,1,2,129,0,0,0,0,0,0,0,0,3,1,2,129,0,0,0,0,0,0,0,0,0,0,0,0,0,0
2626,Kevin Nolan,2396,[2010],Newcastle United,14,14,0,1257,10,0,15,15,0,1310,2,0,29,29,0,2567,12,0,0,0,0,5,2,7,1,0,1,0,0,0
2627,Kevin Nolan,2396,"[2001, 2002, 2003, 2004, 2005, 2006, 2007, 2008]",Bolton Wanderers,127,111,16,9878,16,0,129,116,13,10237,23,0,256,227,29,20115,39,0,13,26,39,9,21,30,0,0,0,0,0,0
2628,Kevin Nolan,2396,"[2012, 2013, 2014, 2015]",West Ham United,50,44,6,3741,13,0,49,44,5,3797,5,0,99,88,11,7538,18,0,4,3,7,7,4,11,0,0,0,0,0,0
2629,Danny Guthrie,2397,"[2008, 2010, 2011]",Newcastle United,28,23,5,2070,0,0,25,21,4,1873,3,0,53,44,9,3943,3,0,0,0,0,0,1,1,0,1,1,0,0,0
2630,Danny Guthrie,2397,[2007],Bolton Wanderers,12,12,0,1019,0,0,12,9,3,848,0,0,24,21,3,1867,0,0,0,0,0,0,0,0,0,0,0,0,0,0
2631,Danny Guthrie,2397,[2012],Reading FC,11,10,1,818,0,0,10,9,1,800,1,0,21,19,2,1618,1,0,0,0,0,0,1,1,0,0,0,0,0,0
2632,Danny Guthrie,2397,[2006],Liverpool FC,1,0,1,6,0,0,2,0,2,26,0,0,3,0,3,32,0,0,0,0,0,0,0,0,0,0,0,0,0,0
2633,Jon√°s Guti√©rrez,2398,"[2008, 2010, 2011, 2012, 2013, 2014]",Newcastle United,72,67,5,5856,4,0,76,66,10,6058,3,0,148,133,15,11914,7,0,0,0,0,1,2,3,0,0,0,0,0,0
2634,Leon Best,2399,"[2010, 2011]",Newcastle United,17,14,3,1026,8,0,12,11,1,888,2,0,29,25,4,1914,10,0,3,1,4,4,1,5,0,0,0,0,0,0
2635,Leon Best,2399,[2004],Southampton FC,1,0,1,14,0,0,2,1,1,65,0,0,3,1,2,79,0,0,0,0,0,0,0,0,0,0,0,0,0,0
2636,James Perch,2400,"[2010, 2011, 2012]",Newcastle United,27,19,8,1804,0,0,37,21,16,2129,1,0,64,40,24,3933,1,0,0,0,0,0,1,1,0,0,0,0,0,0
2637,Peter L√∏venkrands,2401,"[2008, 2010, 2011]",Newcastle United,23,16,7,1266,5,0,23,12,11,1040,4,0,46,28,18,2306,9,0,0,0,0,1,3,4,0,0,0,0,0,0
2638,Nile Ranger,2402,"[2010, 2012]",Newcastle United,15,0,15,260,0,0,11,1,10,307,0,0,26,1,25,567,0,0,0,0,0,0,0,0,0,0,0,0,0,0
2639,Shane Ferguson,2403,"[2010, 2011, 2012]",Newcastle United,11,5,6,479,0,0,12,2,10,327,0,0,23,7,16,806,0,0,0,0,0,0,0,0,0,0,0,0,0,0
2640,Francisco Xisco,2404,"[2008, 2010]",Newcastle United,3,2,1,192,1,0,3,1,2,100,0,0,6,3,3,292,1,0,0,0,0,0,0,0,0,0,0,0,0,0
2641,Rafael van der Vaart,2405,"[2010, 2011, 2012]",Tottenham Hotspur,33,30,3,2389,13,0,30,27,3,2265,11,0,63,57,6,4654,24,0,6,3,9,12,10,22,3,2,5,0,0,0
2642,Steven Pienaar,2406,[2010],Tottenham Hotspur,1,0,1,44,0,0,7,5,2,449,0,0,8,5,3,493,0,0,0,0,0,0,0,0,0,0,0,0,0,0
2643,Steven Pienaar,2406,"[2007, 2008, 2009, 2011, 2012, 2013, 2014, 2015]",Everton FC,82,71,11,6452,13,0,85,78,7,6768,7,0,167,149,18,13220,20,0,6,7,13,7,6,13,0,0,0,0,0,0
2644,Steven Pienaar,2406,[2016],Sunderland AFC,6,4,2,283,0,0,9,6,3,555,0,0,15,10,5,838,0,0,0,0,0,0,0,0,0,0,0,0,0,0
2645,Stipe Pletikosa,2407,[2010],Tottenham Hotspur,0,0,0,0,0,0,0,0,0,0,0,0,0,0,0,0,0,0,0,0,0,0,0,0,0,0,0,0,0,0
2646,Youn√®s Kaboul,2408,"[2007, 2009, 2010, 2011, 2012, 2013, 2014]",Tottenham Hotspur,52,48,4,4198,3,0,57,53,4,4789,3,0,109,101,8,8987,6,0,1,3,4,1,2,3,0,0,0,0,0,0
2647,Youn√®s Kaboul,2408,[2008],Portsmouth FC,10,7,3,675,1,0,10,10,0,796,0,0,20,17,3,1471,1,0,0,0,0,1,0,1,0,0,0,0,0,0
2648,Youn√®s Kaboul,2408,[2015],Sunderland AFC,11,10,1,962,0,0,12,12,0,1063,0,0,23,22,1,2025,0,0,0,0,0,0,0,0,0,0,0,0,0,0
2649,Youn√®s Kaboul,2408,"[2016, 2017]",Watford FC,13,13,0,1035,1,0,11,11,0,942,1,0,24,24,0,1977,2,0,0,0,0,0,1,1,0,0,0,0,0,0
2650,Sandro,2409,"[2010, 2011, 2012, 2013]",Tottenham Hotspur,41,26,15,2218,1,0,40,34,6,2883,2,0,81,60,21,5101,3,0,0,0,0,1,2,3,0,0,0,0,0,0
2651,Sandro,2409,[2015],West Bromwich Albion,4,1,3,102,0,0,8,4,4,279,0,0,12,5,7,381,0,0,0,0,0,0,0,0,0,0,0,0,0,0
2652,Sandro,2409,[2014],Queens Park Rangers,8,8,0,584,1,0,9,9,0,637,0,0,17,17,0,1221,1,0,0,0,0,0,0,0,0,0,0,0,0,0
2653,Sandro,2409,"[2017, 2018]",Everton FC,5,2,3,176,0,0,3,1,2,100,0,0,8,3,5,276,0,0,0,0,0,0,0,0,0,0,0,0,0,0
2654,Gr√©tar Steinsson,2410,"[2007, 2008, 2009, 2010, 2011]",Bolton Wanderers,57,55,2,4804,4,0,66,63,3,5707,1,0,123,118,5,10511,5,0,0,0,0,2,1,3,0,0,0,0,0,0
2655,Ricardo Gardner,2411,"[2001, 2002, 2003, 2004, 2005, 2006, 2007, 2008, 2009, 2010, 2011]",Bolton Wanderers,122,101,21,9226,9,0,127,106,21,9720,1,0,249,207,42,18946,10,0,6,0,6,7,1,8,0,0,0,0,0,0
2656,Joey O'Brien,2412,"[2004, 2005, 2007, 2008]",Bolton Wanderers,26,22,4,1933,0,0,25,21,4,1828,0,0,51,43,8,3761,0,0,0,0,0,0,0,0,0,0,0,0,0,0
2657,Joey O'Brien,2412,"[2012, 2013, 2014, 2015]",West Ham United,31,25,6,2241,2,0,28,26,2,2244,0,0,59,51,8,4485,2,0,1,0,1,1,0,1,0,0,0,0,0,0
2658,Aymeric Laporte,2413,"[2017, 2018, 2019]",Manchester City,29,28,1,2436,0,0,30,29,1,2532,4,0,59,57,2,4968,4,0,0,1,1,0,3,3,0,0,0,0,0,0
2659,Jos√© Angeli√±o,2414,"[2015, 2019]",Manchester City,4,2,2,241,0,0,2,2,0,180,0,0,6,4,2,421,0,0,0,0,0,0,0,0,0,0,0,0,0,0
2660,Mathew Ryan,2415,"[2017, 2018, 2019]",Brighton & Hove Albion,55,55,0,4950,0,0,55,55,0,4950,0,0,110,110,0,9900,0,0,0,0,0,0,0,0,0,0,0,0,0,0
2661,Lewis Dunk,2416,"[2017, 2018, 2019]",Brighton & Hove Albion,55,55,0,4871,2,0,55,55,0,4950,4,0,110,110,0,9821,6,0,0,0,0,2,2,4,0,0,0,0,0,0
2662,Adam Webster,2417,[2019],Brighton & Hove Albion,14,14,0,1206,0,0,17,17,0,1464,3,0,31,31,0,2670,3,0,0,0,0,0,3,3,0,0,0,0,0,0
2663,Mart√≠n Montoya,2418,"[2018, 2019]",Brighton & Hove Albion,28,25,3,2183,0,0,24,22,2,1885,0,0,52,47,5,4068,0,0,0,0,0,0,0,0,0,0,0,0,0,0
2664,Bernardo,2419,"[2018, 2019]",Brighton & Hove Albion,15,13,2,1247,0,0,21,13,8,1181,0,0,36,26,10,2428,0,0,0,0,0,0,0,0,0,0,0,0,0,0
2665,Dan Burn,2420,"[2018, 2019]",Brighton & Hove Albion,18,17,1,1441,0,0,16,16,0,1440,0,0,34,33,1,2881,0,0,0,0,0,0,0,0,0,0,0,0,0,0
2666,Dan Burn,2420,[2013],Fulham FC,4,2,2,258,0,0,5,4,1,348,0,0,9,6,3,606,0,0,0,0,0,0,0,0,0,0,0,0,0,0
2667,Dale Stephens,2421,"[2017, 2018, 2019]",Brighton & Hove Albion,48,45,3,3996,0,0,51,48,3,4316,1,0,99,93,6,8312,1,0,0,0,0,0,1,1,0,0,0,0,0,0
2668,Solly March,2422,"[2017, 2018, 2019]",Brighton & Hove Albion,43,27,16,2527,1,0,47,32,15,2931,1,0,90,59,31,5458,2,0,0,0,0,0,1,1,0,0,0,0,0,0
2669,Davy Pr√∂pper,2423,"[2017, 2018, 2019]",Brighton & Hove Albion,52,51,1,4444,1,0,48,46,2,4073,1,0,100,97,3,8517,2,0,0,0,0,1,0,1,0,0,0,0,0,0
2670,Neal Maupay,2424,[2019],Brighton & Hove Albion,19,15,4,1442,5,0,18,15,3,1327,5,0,37,30,7,2769,10,0,3,4,7,5,4,9,1,0,1,0,0,0
2671,Leandro Trossard,2425,[2019],Brighton & Hove Albion,17,14,3,1257,4,0,14,8,6,757,1,0,31,22,9,2014,5,0,1,3,4,3,1,4,0,0,0,0,0,0
2672,Pascal Gro√ü,2426,"[2017, 2018, 2019]",Brighton & Hove Albion,46,44,2,3452,10,0,46,37,9,3178,2,0,92,81,11,6630,12,0,8,0,8,7,0,7,2,0,2,0,0,0
2673,Aaron Connolly,2427,[2019],Brighton & Hove Albion,11,6,5,592,2,0,13,8,5,670,1,0,24,14,10,1262,3,0,0,3,3,0,1,1,0,0,0,0,0,0
2674,David Button,2428,"[2018, 2019]",Brighton & Hove Albion,2,2,0,180,0,0,2,2,0,180,0,0,4,4,0,360,0,0,0,0,0,0,0,0,0,0,0,0,0,0
2675,Shane Duffy,2429,"[2017, 2018, 2019]",Brighton & Hove Albion,45,43,2,3911,3,0,46,41,5,3765,3,0,91,84,7,7676,6,0,0,0,0,0,1,1,0,0,0,0,0,0
2676,Shane Duffy,2429,"[2010, 2011, 2012]",Everton FC,2,1,1,91,0,0,3,1,2,122,0,0,5,2,3,213,0,0,0,0,0,0,0,0,0,0,0,0,0,0
2677,Aaron Mooy,2430,[2019],Brighton & Hove Albion,16,12,4,1010,1,0,15,13,2,1135,1,0,31,25,6,2145,2,0,0,0,0,0,0,0,0,0,0,0,0,0
2678,Aaron Mooy,2430,"[2017, 2018]",Huddersfield Town,34,32,2,2825,3,0,31,27,4,2572,4,0,65,59,6,5397,7,0,3,0,3,2,1,3,1,1,2,0,0,0
2679,Alireza Jahanbakhsh,2431,"[2018, 2019]",Brighton & Hove Albion,15,7,8,671,2,0,14,8,6,659,0,0,29,15,14,1330,2,0,1,0,1,2,0,2,0,0,0,0,0,0
2680,Belletti,2432,"[2007, 2008, 2009]",Chelsea FC,30,15,15,1719,3,0,24,14,10,1405,2,0,54,29,25,3124,5,0,0,0,0,3,0,3,0,0,0,0,0,0
2681,Aliaksandr Hleb,2433,"[2005, 2006, 2007]",Arsenal FC,44,35,9,3110,5,0,42,35,7,2895,2,0,86,70,16,6005,7,0,3,0,3,3,0,3,0,0,0,0,0,0
2682,Aliaksandr Hleb,2433,[2010],Birmingham City,10,5,5,499,0,0,9,8,1,598,1,0,19,13,6,1097,1,0,0,0,0,0,1,1,0,0,0,0,0,0
2683,Abou Diaby,2434,"[2005, 2006, 2007, 2008, 2009, 2010, 2011, 2012, 2013, 2014]",Arsenal FC,61,41,20,3525,10,0,61,49,12,4243,4,0,122,90,32,7768,14,0,3,3,6,3,3,6,0,0,0,0,0,0
2684,Kasper Schmeichel,2435,"[2014, 2015, 2016, 2017, 2018, 2019]",Leicester City,101,101,0,9057,0,0,100,100,0,8996,0,0,201,201,0,18053,0,0,0,0,0,0,0,0,0,0,0,0,0,0
2685,Kasper Schmeichel,2435,"[2007, 2008]",Manchester City,3,3,0,270,0,0,5,4,1,431,0,0,8,7,1,701,0,0,0,0,0,0,0,0,0,0,0,0,0,0
2686,Ben Chilwell,2436,"[2015, 2016, 2017, 2018, 2019]",Leicester City,52,47,5,4279,2,0,47,43,4,3906,2,0,99,90,9,8185,4,0,0,0,0,1,2,3,0,0,0,0,0,0
2687,√áaƒülar S√∂y√ºnc√º,2437,"[2018, 2019]",Leicester City,21,19,2,1722,0,0,19,19,0,1710,1,0,40,38,2,3432,1,0,0,0,0,0,1,1,0,0,0,0,0,0
2688,Ricardo Pereira,2438,"[2018, 2019]",Leicester City,32,32,0,2876,5,0,31,31,0,2769,0,0,63,63,0,5645,5,0,3,0,3,4,0,4,0,0,0,0,0,0
2689,Youri Tielemans,2439,"[2018, 2019]",Leicester City,26,23,3,2008,4,0,24,22,2,1918,2,0,50,45,5,3926,6,0,3,0,3,4,1,5,0,0,0,0,0,0
2690,James Maddison,2440,"[2018, 2019]",Leicester City,33,33,0,2850,6,0,34,31,3,2690,7,0,67,64,3,5540,13,0,3,1,4,2,3,5,0,1,1,0,0,0
2691,Harvey Barnes,2441,"[2017, 2018, 2019]",Leicester City,30,19,11,1755,4,0,25,16,9,1351,3,0,55,35,20,3106,7,0,0,4,4,3,3,6,0,0,0,0,0,0
2692,Wilfred Ndidi,2442,"[2016, 2017, 2018, 2019]",Leicester City,60,59,1,5265,5,0,60,57,3,5161,1,0,120,116,4,10426,6,0,1,1,2,3,1,4,0,0,0,0,0,0
2693,Jamie Vardy,2443,"[2014, 2015, 2016, 2017, 2018, 2019]",Leicester City,107,99,8,8787,54,0,104,97,7,8555,49,0,211,196,15,17342,103,0,4,21,25,28,29,57,8,10,18,0,0,0
2694,Danny Ward,2444,"[2018, 2019]",Leicester City,0,0,0,0,0,0,0,0,0,0,0,0,0,0,0,0,0,0,0,0,0,0,0,0,0,0,0,0,0,0
2695,Danny Ward,2444,"[2013, 2014, 2015, 2017]",Liverpool FC,0,0,0,0,0,0,2,2,0,180,0,0,2,2,0,180,0,0,0,0,0,0,0,0,0,0,0,0,0,0
2696,Danny Ward,2444,[2009],Bolton Wanderers,1,0,1,7,0,0,1,0,1,9,0,0,2,0,2,16,0,0,0,0,0,0,0,0,0,0,0,0,0,0
2697,James Justin,2445,[2019],Leicester City,6,5,1,460,0,0,7,6,1,550,0,0,13,11,2,1010,0,0,0,0,0,0,0,0,0,0,0,0,0,0
2698,Wes Morgan,2446,"[2014, 2015, 2016, 2017, 2018, 2019]",Leicester City,81,79,2,7060,4,0,86,80,6,7326,4,0,167,159,8,14386,8,0,3,4,7,2,4,6,0,0,0,0,0,0
2699,Hamza Choudhury,2447,"[2017, 2018, 2019]",Leicester City,20,10,10,920,0,0,17,11,6,956,1,0,37,21,16,1876,1,0,0,0,0,0,0,0,0,0,0,0,0,0
2700,Dennis Praet,2448,[2019],Leicester City,13,6,7,588,1,0,14,6,8,544,0,0,27,12,15,1132,1,0,0,0,0,1,0,1,0,0,0,0,0,0
2701,Jonas L√∂ssl,2449,[2019],Everton FC,0,0,0,0,0,0,0,0,0,0,0,0,0,0,0,0,0,0,0,0,0,0,0,0,0,0,0,0,0,0
2702,Jonas L√∂ssl,2449,"[2017, 2018]",Huddersfield Town,35,34,1,3137,0,0,34,34,0,3060,0,0,69,68,1,6197,0,0,0,0,0,0,0,0,0,0,0,0,0,0
2703,Anthony Gordon,2450,[2019],Everton FC,5,3,2,273,0,0,6,1,5,165,0,0,11,4,7,438,0,0,0,0,0,0,0,0,0,0,0,0,0,0
2704,Davide Santon,2451,"[2011, 2012, 2013, 2014]",Newcastle United,43,40,3,3313,0,0,39,36,3,3218,1,0,82,76,6,6531,1,0,0,0,0,0,1,1,0,0,0,0,0,0
2705,Mapou Yanga-Mbiwa,2452,"[2012, 2013]",Newcastle United,16,14,2,1274,0,0,21,14,7,1313,0,0,37,28,9,2587,0,0,0,0,0,0,0,0,0,0,0,0,0,0
2706,Mathieu Debuchy,2453,"[2012, 2013]",Newcastle United,21,20,1,1865,0,0,22,22,0,1840,1,0,43,42,1,3705,1,0,0,0,0,0,1,1,0,0,0,0,0,0
2707,Mathieu Debuchy,2453,"[2014, 2015, 2016, 2017]",Arsenal FC,8,8,0,524,0,0,5,5,0,444,1,0,13,13,0,968,1,0,0,0,0,0,1,1,0,0,0,0,0,0
2708,Yoan Gouffran,2454,"[2012, 2013, 2014, 2015]",Newcastle United,42,31,11,2635,6,0,47,40,7,3243,5,0,89,71,18,5878,11,0,0,6,6,5,4,9,0,0,0,0,0,0
2709,Lo√Øc R√©my,2455,[2013],Newcastle United,13,11,2,1050,8,0,13,13,0,1062,6,0,26,24,2,2112,14,0,3,3,6,5,2,7,0,0,0,0,0,0
2710,Lo√Øc R√©my,2455,[2012],Queens Park Rangers,7,6,1,557,3,0,7,7,0,630,3,0,14,13,1,1187,6,0,0,0,0,3,2,5,1,0,1,0,0,0
2711,Lo√Øc R√©my,2455,"[2014, 2015]",Chelsea FC,19,5,14,566,6,0,13,4,9,385,2,0,32,9,23,951,8,0,3,3,6,3,1,4,0,0,0,0,0,0
2712,Lo√Øc R√©my,2455,[2016],Crystal Palace,3,1,2,108,0,0,2,0,2,23,0,0,5,1,4,131,0,0,0,0,0,0,0,0,0,0,0,0,0,0
2713,Rob Elliot,2456,"[2011, 2012, 2013, 2014, 2015, 2017, 2019]",Newcastle United,25,24,1,2149,0,0,27,27,0,2430,0,0,52,51,1,4579,0,0,0,0,0,0,0,0,0,0,0,0,0,0
2714,Hatem Ben Arfa,2457,"[2010, 2011, 2012, 2013]",Newcastle United,40,21,19,2280,4,0,36,27,9,2212,9,0,76,48,28,4492,13,0,7,3,10,4,6,10,1,2,3,0,0,0
2715,Hatem Ben Arfa,2457,[2014],Hull City,4,2,2,157,0,0,4,3,1,226,0,0,8,5,3,383,0,0,0,0,0,0,0,0,0,0,0,0,0,0
2716,James Tavernier,2458,"[2010, 2011, 2012, 2013]",Newcastle United,0,0,0,0,0,0,2,0,2,35,0,0,2,0,2,35,0,0,0,0,0,0,0,0,0,0,0,0,0,0
2717,Sammy Ameobi,2459,"[2010, 2011, 2012, 2013, 2014]",Newcastle United,25,11,14,1157,0,0,36,10,26,1218,2,0,61,21,40,2375,2,0,0,0,0,0,1,1,0,0,0,0,0,0
2718,Ramires,2460,"[2010, 2011, 2012, 2013, 2014, 2015]",Chelsea FC,79,57,22,5240,11,0,79,68,11,6031,6,0,158,125,33,11271,17,0,3,0,3,5,1,6,0,0,0,0,0,0
2719,John Curtis,2461,"[2001, 2002]",Blackburn Rovers,6,6,0,445,0,0,7,7,0,509,0,0,13,13,0,954,0,0,0,0,0,0,0,0,0,0,0,0,0,0
2720,John Curtis,2461,[2003],Leicester City,8,7,1,663,0,0,7,7,0,544,0,0,15,14,1,1207,0,0,0,0,0,0,0,0,0,0,0,0,0,0
2721,John Curtis,2461,[2004],Portsmouth FC,0,0,0,0,0,0,1,0,1,20,0,0,1,0,1,20,0,0,0,0,0,0,0,0,0,0,0,0,0,0
2722,√âdouard Ciss√©,2462,[2002],West Ham United,8,5,3,457,0,0,13,9,4,736,1,0,21,14,7,1193,1,0,0,0,0,0,1,1,0,0,0,0,0,0
2723,Scott Minto,2463,"[2000, 2001, 2002]",West Ham United,5,4,1,387,0,0,12,10,2,867,0,0,17,14,3,1254,0,0,0,0,0,0,0,0,0,0,0,0,0,0
2724,Daniel Gabbidon,2464,"[2005, 2006, 2007, 2009, 2010]",West Ham United,45,41,4,3759,0,0,50,47,3,4143,0,0,95,88,7,7902,0,0,0,0,0,0,0,0,0,0,0,0,0,0
2725,Daniel Gabbidon,2464,[2011],Queens Park Rangers,7,7,0,630,0,0,10,8,2,794,0,0,17,15,2,1424,0,0,0,0,0,0,0,0,0,0,0,0,0,0
2726,Daniel Gabbidon,2464,[2013],Crystal Palace,11,11,0,981,1,0,12,11,1,993,0,0,23,22,1,1974,1,0,0,0,0,1,0,1,0,0,0,0,0,0
2727,Didier Zokora,2465,"[2006, 2007, 2008]",Tottenham Hotspur,44,37,7,3315,0,0,43,37,6,3214,0,0,87,74,13,6529,0,0,0,0,0,0,0,0,0,0,0,0,0,0
2728,Martin D√∫bravka,2466,"[2017, 2018, 2019]",Newcastle United,44,44,0,3960,0,0,44,44,0,3960,0,0,88,88,0,7920,0,0,0,0,0,0,0,0,0,0,0,0,0,0
2729,Paul Dummett,2467,"[2013, 2014, 2015, 2017, 2018, 2019]",Newcastle United,64,57,7,5090,2,0,64,55,9,4878,0,0,128,112,16,9968,2,0,1,0,1,2,0,2,0,0,0,0,0,0
2730,Jetro Willems,2468,[2019],Newcastle United,11,10,1,800,1,0,8,8,0,698,1,0,19,18,1,1498,2,0,0,0,0,1,1,2,0,0,0,0,0,0
2731,Manquillo,2469,"[2017, 2018, 2019]",Newcastle United,30,25,5,2271,0,0,29,24,5,2096,0,0,59,49,10,4367,0,0,0,0,0,0,0,0,0,0,0,0,0,0
2732,Manquillo,2469,[2016],Sunderland AFC,10,7,3,710,0,0,10,8,2,718,1,0,20,15,5,1428,1,0,0,0,0,0,1,1,0,0,0,0,0,0
2733,Manquillo,2469,[2014],Liverpool FC,6,6,0,514,0,0,4,4,0,248,0,0,10,10,0,762,0,0,0,0,0,0,0,0,0,0,0,0,0,0
2734,Isaac Hayden,2470,"[2017, 2018, 2019]",Newcastle United,38,32,6,2778,1,0,42,30,12,2756,2,0,80,62,18,5534,3,0,3,0,3,1,2,3,0,0,0,0,0,0
2735,Isaac Hayden,2470,[2013],Arsenal FC,0,0,0,0,0,0,0,0,0,0,0,0,0,0,0,0,0,0,0,0,0,0,0,0,0,0,0,0,0,0
2736,Miguel Almir√≥n,2471,"[2018, 2019]",Newcastle United,24,24,0,2064,2,0,22,20,2,1733,2,0,46,44,2,3797,4,0,3,0,3,2,1,3,0,0,0,0,0,0
2737,Joelinton,2472,[2019],Newcastle United,19,17,2,1410,1,0,19,15,4,1288,1,0,38,32,6,2698,2,0,0,3,3,0,1,1,0,0,0,0,0,0
2738,Allan Saint-Maximin,2473,[2019],Newcastle United,15,12,3,1028,1,0,11,11,0,846,2,0,26,23,3,1874,3,0,0,3,3,1,2,3,0,0,0,0,0,0
2739,Fabian Sch√§r,2474,"[2018, 2019]",Newcastle United,24,21,3,1937,5,0,22,19,3,1736,1,0,46,40,6,3673,6,0,1,0,1,4,0,4,0,0,0,0,0,0
2740,Sean Longstaff,2475,"[2018, 2019]",Newcastle United,15,8,7,865,1,0,17,14,3,1203,1,0,32,22,10,2068,2,0,0,0,0,0,0,0,0,0,0,0,0,0
2741,Emil Krafth,2476,[2019],Newcastle United,6,4,2,375,0,0,11,7,4,644,0,0,17,11,6,1019,0,0,0,0,0,0,0,0,0,0,0,0,0,0
2742,Dwight Gayle,2477,"[2017, 2019]",Newcastle United,26,17,9,1419,4,0,29,16,13,1390,6,0,55,33,22,2809,10,0,0,0,0,4,5,9,0,0,0,0,0,0
2743,Dwight Gayle,2477,"[2013, 2014, 2015]",Crystal Palace,35,15,20,1593,7,0,29,12,17,1190,8,0,64,27,37,2783,15,0,4,7,11,6,6,12,2,0,2,0,0,0
2744,Jan Bednarek,2478,"[2017, 2018, 2019]",Southampton FC,32,32,0,2836,2,0,32,31,1,2801,0,0,64,63,1,5637,2,0,0,0,0,1,0,1,0,0,0,0,0,0
2745,Moussa Dj√©n√©po,2479,[2019],Southampton FC,11,7,4,690,0,0,7,3,4,298,2,0,18,10,8,988,2,0,0,3,3,0,2,2,0,0,0,0,0,0
2746,Che Adams,2480,[2019],Southampton FC,15,6,9,556,3,0,15,6,9,549,1,0,30,12,18,1105,4,0,3,0,3,3,0,3,0,0,0,0,0,0
2747,Bruno,2481,"[2017, 2018]",Brighton & Hove Albion,20,18,2,1607,0,0,19,19,0,1547,0,0,39,37,2,3154,0,0,0,0,0,0,0,0,0,0,0,0,0,0
2748,Anthony Knockaert,2482,"[2017, 2018]",Brighton & Hove Albion,32,25,7,2288,4,0,31,20,11,2001,1,0,63,45,18,4289,5,0,0,3,3,2,1,3,0,0,0,0,0,0
2749,Anthony Knockaert,2482,[2014],Leicester City,7,3,4,291,0,0,2,0,2,40,0,0,9,3,6,331,0,0,0,0,0,0,0,0,0,0,0,0,0,0
2750,Ga√´tan Bong,2483,"[2017, 2018, 2019]",Brighton & Hove Albion,21,19,2,1713,0,0,30,25,5,2386,0,0,51,44,7,4099,0,0,0,0,0,0,0,0,0,0,0,0,0,0
2751,Yves Bissouma,2484,"[2018, 2019]",Brighton & Hove Albion,24,14,10,1383,0,0,26,18,8,1649,1,0,50,32,18,3032,1,0,0,0,0,0,1,1,0,0,0,0,0,0
2752,Leon Balogun,2485,"[2018, 2019]",Brighton & Hove Albion,4,2,2,309,1,0,4,3,1,282,0,0,8,5,3,591,1,0,0,0,0,0,0,0,0,0,0,0,0,0
2753,Beram Kayal,2486,"[2017, 2018]",Brighton & Hove Albion,18,7,11,729,0,0,19,10,9,947,1,0,37,17,20,1676,1,0,0,3,3,0,1,1,0,0,0,0,0,0
2754,J√ºrgen Locadia,2487,"[2017, 2018, 2019]",Brighton & Hove Albion,17,7,10,696,3,0,17,9,8,843,0,0,34,16,18,1539,3,0,4,0,4,2,0,2,0,0,0,0,0,0
2755,√Åd√°m Bogd√°n,2488,"[2010, 2011]",Bolton Wanderers,11,10,1,951,0,0,13,13,0,1170,0,0,24,23,1,2121,0,0,0,0,0,0,0,0,0,0,0,0,0,0
2756,√Åd√°m Bogd√°n,2488,[2015],Liverpool FC,0,0,0,0,0,0,2,2,0,180,0,0,2,2,0,180,0,0,0,0,0,0,0,0,0,0,0,0,0,0
2757,Sam Ricketts,2489,"[2009, 2010, 2011]",Bolton Wanderers,30,29,1,2636,1,0,34,30,4,2738,0,0,64,59,5,5374,1,0,0,0,0,1,0,1,0,0,0,0,0,0
2758,Sam Ricketts,2489,[2008],Hull City,15,14,1,1281,0,0,14,13,1,1250,0,0,29,27,2,2531,0,0,0,0,0,0,0,0,0,0,0,0,0,0
2759,Tim Ream,2490,[2011],Bolton Wanderers,6,6,0,540,0,0,7,7,0,630,0,0,13,13,0,1170,0,0,0,0,0,0,0,0,0,0,0,0,0,0
2760,Tim Ream,2490,[2018],Fulham FC,13,12,1,943,0,0,13,13,0,1108,0,0,26,25,1,2051,0,0,0,0,0,0,0,0,0,0,0,0,0,0
2761,Chris Eagles,2491,[2011],Bolton Wanderers,17,12,5,1146,3,0,17,14,3,1153,1,0,34,26,8,2299,4,0,1,0,1,1,0,1,0,0,0,0,0,0
2762,Chris Eagles,2491,[2009],Burnley FC,18,10,8,966,0,0,16,10,6,1005,2,0,34,20,14,1971,2,0,0,0,0,0,0,0,0,0,0,0,0,0
2763,Chris Eagles,2491,"[2006, 2007]",Manchester United,2,1,1,99,0,0,4,1,3,127,1,0,6,2,4,226,1,0,0,0,0,0,0,0,0,0,0,0,0,0
2764,Martin Petrov,2492,"[2010, 2011]",Bolton Wanderers,28,24,4,1950,5,0,31,24,7,2092,2,0,59,48,11,4042,7,0,0,0,0,2,2,4,2,2,4,0,0,0
2765,Martin Petrov,2492,"[2007, 2008, 2009]",Manchester City,30,24,6,2115,6,0,28,22,6,1918,3,0,58,46,12,4033,9,0,0,1,1,4,3,7,0,0,0,0,0,0
2766,Mark Davies,2493,"[2008, 2009, 2010, 2011]",Bolton Wanderers,42,26,16,2558,3,0,43,25,18,2475,2,0,85,51,34,5033,5,0,1,0,1,3,2,5,0,0,0,0,0,0
2767,Nigel Reo-Coker,2494,[2011],Bolton Wanderers,18,18,0,1574,2,0,19,19,0,1691,2,0,37,37,0,3265,4,0,0,0,0,1,1,2,0,0,0,0,0,0
2768,Nigel Reo-Coker,2494,"[2007, 2008, 2009, 2010]",Aston Villa,47,39,8,3434,0,0,52,44,8,3887,1,0,99,83,16,7321,1,0,0,0,0,0,1,1,0,0,0,0,0,0
2769,Nigel Reo-Coker,2494,"[2005, 2006]",West Ham United,34,34,0,2953,3,0,30,30,0,2687,3,0,64,64,0,5640,6,0,3,6,9,3,3,6,0,0,0,0,0,0
2770,Joshua Vela,2495,"[2010, 2011]",Bolton Wanderers,2,0,2,26,0,0,1,0,1,12,0,0,3,0,3,38,0,0,0,0,0,0,0,0,0,0,0,0,0,0
2771,Ivan Klasniƒá,2496,"[2009, 2010, 2011]",Bolton Wanderers,42,15,27,1654,15,0,36,13,23,1411,5,0,78,28,50,3065,20,0,12,0,12,11,3,14,1,1,2,0,0,0
2772,Ryo Miyaichi,2497,[2011],Bolton Wanderers,6,4,2,342,0,0,6,4,2,340,0,0,12,8,4,682,0,0,0,0,0,0,0,0,0,0,0,0,0,0
2773,Ryo Miyaichi,2497,[2013],Arsenal FC,1,0,1,17,0,0,0,0,0,0,0,0,1,0,1,17,0,0,0,0,0,0,0,0,0,0,0,0,0,0
2774,Ryo Miyaichi,2497,[2012],Wigan Athletic,2,0,2,23,0,0,2,0,2,26,0,0,4,0,4,49,0,0,0,0,0,0,0,0,0,0,0,0,0,0
2775,Marvin Sordell,2498,[2011],Bolton Wanderers,0,0,0,0,0,0,3,0,3,40,0,0,3,0,3,40,0,0,0,0,0,0,0,0,0,0,0,0,0,0
2776,Marvin Sordell,2498,[2014],Burnley FC,6,1,5,103,0,0,8,1,7,178,0,0,14,2,12,281,0,0,0,0,0,0,0,0,0,0,0,0,0,0
2777,Giovani dos Santos,2499,"[2008, 2009, 2010, 2011]",Tottenham Hotspur,9,0,9,150,0,0,8,2,6,189,0,0,17,2,15,339,0,0,0,0,0,0,0,0,0,0,0,0,0,0
2778,Ricardo Fuller,2500,"[2008, 2009, 2010, 2011]",Stoke City,51,32,19,3185,12,0,59,27,32,2961,6,0,110,59,51,6146,18,0,7,3,10,9,4,13,1,1,2,0,0,0
2779,Ricardo Fuller,2500,[2004],Portsmouth FC,16,7,9,728,1,0,15,6,9,744,0,0,31,13,18,1472,1,0,0,0,0,1,0,1,0,0,0,0,0,0
2780,Maik Taylor,2501,"[2003, 2004, 2005, 2007, 2009, 2010]",Birmingham City,67,67,0,6030,0,0,71,71,0,6390,0,0,138,138,0,12420,0,0,0,0,0,0,0,0,0,0,0,0,0,0
2781,Maik Taylor,2501,"[2001, 2002]",Fulham FC,9,8,1,729,0,0,9,8,1,748,0,0,18,16,2,1477,0,0,0,0,0,0,0,0,0,0,0,0,0,0
2782,Radhi Ja√Ødi,2502,[2007],Birmingham City,9,9,0,810,0,0,9,9,0,810,0,0,18,18,0,1620,0,0,0,0,0,0,0,0,0,0,0,0,0,0
2783,Radhi Ja√Ødi,2502,"[2004, 2005]",Bolton Wanderers,20,16,4,1357,3,0,22,19,3,1708,5,0,42,35,7,3065,8,0,0,1,1,3,4,7,0,0,0,0,0,0
2784,Damien Johnson,2503,"[2002, 2003, 2004, 2005, 2007, 2009]",Birmingham City,77,75,2,6513,2,0,72,71,1,6255,0,0,149,146,3,12768,2,0,3,0,3,2,0,2,0,0,0,0,0,0
2785,Damien Johnson,2503,[2001],Blackburn Rovers,4,4,0,306,1,0,2,2,0,125,0,0,6,6,0,431,1,0,0,0,0,0,0,0,0,0,0,0,0,0
2786,Mauro Z√°rate,2504,[2007],Birmingham City,8,2,6,252,3,0,6,4,2,354,1,0,14,6,8,606,4,0,1,0,1,2,1,3,0,0,0,0,0,0
2787,Mauro Z√°rate,2504,"[2014, 2015]",West Ham United,10,7,3,549,2,0,12,7,5,654,3,0,22,14,8,1203,5,0,0,0,0,2,2,4,0,0,0,0,0,0
2788,Mauro Z√°rate,2504,[2016],Watford FC,2,2,0,132,0,0,1,1,0,74,0,0,3,3,0,206,0,0,0,0,0,0,0,0,0,0,0,0,0,0
2789,Jamie O'Hara,2505,"[2007, 2008]",Tottenham Hotspur,15,8,7,663,1,0,16,6,10,740,1,0,31,14,17,1403,2,0,0,0,0,0,0,0,0,0,0,0,0,0
2790,Jamie O'Hara,2505,[2009],Portsmouth FC,12,12,0,1061,1,0,14,13,1,1195,1,0,26,25,1,2256,2,0,0,0,0,1,1,2,0,0,0,0,0,0
2791,Jamie O'Hara,2505,"[2010, 2011]",Wolverhampton Wanderers,15,15,0,1303,4,0,18,17,1,1475,1,0,33,32,1,2778,5,0,1,0,1,2,1,3,0,0,0,0,0,0
2792,Chris Gunter,2506,"[2007, 2008]",Tottenham Hotspur,1,1,0,55,0,0,4,2,2,153,0,0,5,3,2,208,0,0,0,0,0,0,0,0,0,0,0,0,0,0
2793,Chris Gunter,2506,[2012],Reading FC,11,11,0,990,0,0,9,9,0,800,0,0,20,20,0,1790,0,0,0,0,0,0,0,0,0,0,0,0,0,0
2794,Ezequiel Schelotto,2507,"[2017, 2019]",Brighton & Hove Albion,14,9,5,800,0,0,14,10,4,877,0,0,28,19,9,1677,0,0,0,0,0,0,0,0,0,0,0,0,0,0
2795,Alexis Mac Allister,2508,[2019],Brighton & Hove Albion,4,2,2,185,0,0,5,2,3,167,0,0,9,4,5,352,0,0,0,0,0,0,0,0,0,0,0,0,0,0
2796,Tariq Lamptey,2509,[2019],Brighton & Hove Albion,4,3,1,253,0,0,4,4,0,338,0,0,8,7,1,591,0,0,0,0,0,0,0,0,0,0,0,0,0,0
2797,Rob Holding,2510,"[2016, 2017, 2018, 2019]",Arsenal FC,18,14,4,1360,0,0,20,18,2,1567,0,0,38,32,6,2927,0,0,0,0,0,0,0,0,0,0,0,0,0,0
2798,Dani Ceballos,2511,[2019],Arsenal FC,13,11,2,960,0,0,11,7,4,738,0,0,24,18,6,1698,0,0,0,0,0,0,0,0,0,0,0,0,0,0
2799,Eddie Nketiah,2512,"[2017, 2018, 2019]",Arsenal FC,8,3,5,320,1,0,13,4,9,408,2,0,21,7,14,728,3,0,0,0,0,1,1,2,0,0,0,0,0,0
2800,Zech Medley,2513,"[2018, 2019]",Arsenal FC,0,0,0,0,0,0,0,0,0,0,0,0,0,0,0,0,0,0,0,0,0,0,0,0,0,0,0,0,0,0
2801,Ritchie De Laet,2514,"[2014, 2015]",Leicester City,20,13,7,1333,1,0,18,14,4,1206,0,0,38,27,11,2539,1,0,0,0,0,0,0,0,0,0,0,0,0,0
2802,Ritchie De Laet,2514,[2011],Norwich City,4,4,0,302,1,0,2,2,0,180,0,0,6,6,0,482,1,0,0,0,0,1,0,1,0,0,0,0,0,0
2803,Ritchie De Laet,2514,"[2008, 2009]",Manchester United,1,1,0,90,0,0,2,2,0,137,0,0,3,3,0,227,0,0,0,0,0,0,0,0,0,0,0,0,0,0
2804,Marcin Wasilewski,2515,"[2014, 2015, 2016]",Leicester City,15,15,0,1240,0,0,15,11,4,1141,1,0,30,26,4,2381,1,0,0,0,0,0,0,0,0,0,0,0,0,0
2805,Matty James,2516,"[2014, 2016, 2017, 2019]",Leicester City,22,15,7,1427,0,0,20,16,4,1464,0,0,42,31,11,2891,0,0,0,0,0,0,0,0,0,0,0,0,0,0
2806,Esteban Cambiasso,2517,[2014],Leicester City,13,13,0,1121,3,0,18,14,4,1300,2,0,31,27,4,2421,5,0,0,0,0,2,2,4,0,0,0,0,0,0
2807,Leonardo Ulloa,2518,"[2014, 2015, 2016]",Leicester City,41,18,23,1878,14,0,41,21,20,1932,4,0,82,39,43,3810,18,0,5,3,8,7,2,9,3,0,3,0,0,0
2808,Leonardo Ulloa,2518,[2017],Brighton & Hove Albion,4,0,4,58,0,0,6,2,4,204,1,0,10,2,8,262,1,0,0,0,0,0,1,1,0,0,0,0,0,0
2809,David Nugent,2519,[2014],Leicester City,13,9,4,791,1,0,16,7,9,913,4,0,29,16,13,1704,5,0,0,0,0,0,2,2,1,0,1,0,0,0
2810,David Nugent,2519,[2009],Burnley FC,15,9,6,904,5,0,15,11,4,970,1,0,30,20,10,1874,6,0,2,0,2,4,1,5,0,0,0,0,0,0
2811,David Nugent,2519,"[2007, 2008]",Portsmouth FC,15,8,7,828,1,0,15,10,5,847,2,0,30,18,12,1675,3,0,0,0,0,1,1,2,0,0,0,0,0,0
2812,David Nugent,2519,[2016],Middlesbrough FC,1,0,1,2,0,0,3,0,3,38,0,0,4,0,4,40,0,0,0,0,0,0,0,0,0,0,0,0,0,0
2813,Ben Hamer,2520,"[2014, 2016, 2017]",Leicester City,6,6,0,540,0,0,6,5,1,454,0,0,12,11,1,994,0,0,0,0,0,0,0,0,0,0,0,0,0,0
2814,Ben Hamer,2520,[2018],Huddersfield Town,4,4,0,283,0,0,3,3,0,270,0,0,7,7,0,553,0,0,0,0,0,0,0,0,0,0,0,0,0,0
2815,Liam Moore,2521,[2014],Leicester City,4,4,0,360,0,0,7,6,1,576,0,0,11,10,1,936,0,0,0,0,0,0,0,0,0,0,0,0,0,0
2816,Danny Drinkwater,2522,"[2014, 2015, 2016]",Leicester City,45,40,5,3554,3,0,42,38,4,3442,1,0,87,78,9,6996,4,0,0,1,1,2,1,3,0,0,0,0,0,0
2817,Danny Drinkwater,2522,[2019],Burnley FC,1,1,0,59,0,0,0,0,0,0,0,0,1,1,0,59,0,0,0,0,0,0,0,0,0,0,0,0,0,0
2818,Danny Drinkwater,2522,"[2017, 2018]",Chelsea FC,5,2,3,205,1,0,7,3,4,317,0,0,12,5,7,522,1,0,0,0,0,0,0,0,0,0,0,0,0,0
2819,Andy King,2523,"[2014, 2015, 2016, 2017]",Leicester City,38,20,18,2044,5,0,45,25,20,2354,1,0,83,45,38,4398,6,0,3,0,3,2,0,2,0,0,0,0,0,0
2820,Anthony R√©veill√®re,2524,[2014],Sunderland AFC,9,8,1,697,0,0,7,7,0,630,0,0,16,15,1,1327,0,0,0,0,0,0,0,0,0,0,0,0,0,0
2821,Will Buckley,2525,[2014],Sunderland AFC,9,5,4,479,0,0,13,4,9,390,0,0,22,9,13,869,0,0,0,0,0,0,0,0,0,0,0,0,0,0
2822,Sebasti√°n Coates,2526,"[2014, 2015]",Sunderland AFC,13,11,2,1026,0,0,13,12,1,1025,0,0,26,23,3,2051,0,0,0,0,0,0,0,0,0,0,0,0,0,0
2823,Sebasti√°n Coates,2526,"[2011, 2012]",Liverpool FC,4,3,1,275,0,0,8,3,5,442,1,0,12,6,6,717,1,0,0,0,0,0,1,1,0,0,0,0,0,0
2824,Tom Robson,2527,"[2014, 2015, 2016]",Sunderland AFC,0,0,0,0,0,0,1,1,0,90,0,0,1,1,0,90,0,0,0,0,0,0,0,0,0,0,0,0,0,0
2825,Roman Pavlyuchenko,2528,"[2008, 2009, 2010, 2011]",Tottenham Hotspur,45,28,17,2411,15,0,32,16,16,1466,6,0,77,44,33,3877,21,0,15,0,15,11,2,13,0,0,0,0,0,0
2826,Stuart Holden,2529,"[2009, 2010]",Bolton Wanderers,15,14,1,1270,1,0,13,13,0,1139,1,0,28,27,1,2409,2,0,3,0,3,1,0,1,0,0,0,0,0,0
2827,Rodrigo,2530,[2010],Bolton Wanderers,9,1,8,222,1,0,8,3,5,272,0,0,17,4,13,494,1,0,0,0,0,1,0,1,0,0,0,0,0,0
2828,Andrej Kramariƒá,2531,"[2014, 2015]",Leicester City,8,2,6,246,1,0,7,4,3,350,1,0,15,6,9,596,2,0,0,0,0,0,0,0,0,0,0,0,0,0
2829,Granero,2532,[2012],Queens Park Rangers,9,8,1,658,0,0,15,11,4,1005,1,0,24,19,5,1663,1,0,0,0,0,0,0,0,0,0,0,0,0,0
2830,Nedum Onuoha,2533,"[2011, 2012, 2014]",Queens Park Rangers,31,27,4,2472,0,0,31,26,5,2511,0,0,62,53,9,4983,0,0,0,0,0,0,0,0,0,0,0,0,0,0
2831,Nedum Onuoha,2533,"[2004, 2005, 2006, 2007, 2008, 2009]",Manchester City,48,34,14,3262,3,0,44,36,8,3332,0,0,92,70,22,6594,3,0,3,0,3,1,0,1,0,0,0,0,0,0
2832,Nedum Onuoha,2533,[2010],Sunderland AFC,16,16,0,1345,0,0,15,15,0,1324,1,0,31,31,0,2669,1,0,0,0,0,0,1,1,0,0,0,0,0,0
2833,Jamie Mackie,2534,"[2011, 2012]",Queens Park Rangers,29,21,8,2002,4,0,31,20,11,1885,5,0,60,41,19,3887,9,0,4,1,5,3,3,6,0,0,0,0,0,0
2834,Junior Hoilett,2535,"[2012, 2014]",Queens Park Rangers,24,13,11,1196,2,0,24,11,13,1134,0,0,48,24,24,2330,2,0,0,0,0,1,0,1,0,0,0,0,0,0
2835,Junior Hoilett,2535,[2009],Wigan Athletic,1,1,0,90,0,0,0,0,0,0,0,0,1,1,0,90,0,0,0,0,0,0,0,0,0,0,0,0,0,0
2836,Junior Hoilett,2535,[2018],Cardiff City,17,10,7,1008,2,0,15,13,2,1134,1,0,32,23,9,2142,3,0,3,0,3,2,0,2,0,0,0,0,0,0
2837,Junior Hoilett,2535,"[2010, 2011]",Blackburn Rovers,26,25,1,2106,5,0,32,26,6,2347,7,0,58,51,7,4453,12,0,2,0,2,3,4,7,0,0,0,0,0,0
2838,Liam Lawrence,2536,"[2008, 2009]",Stoke City,26,19,7,1750,3,0,19,13,6,1187,1,0,45,32,13,2937,4,0,3,0,3,2,0,2,1,0,1,0,0,0
2839,Liam Lawrence,2536,[2005],Sunderland AFC,16,9,7,960,1,0,13,10,3,837,2,0,29,19,10,1797,3,0,0,0,0,1,2,3,0,0,0,0,0,0
2840,Ariza Makukula,2537,[2008],Bolton Wanderers,3,2,1,126,0,0,3,2,1,167,0,0,6,4,2,293,0,0,0,0,0,0,0,0,0,0,0,0,0,0
2841,Darron Gibson,2538,"[2012, 2013, 2014, 2015]",Everton FC,18,13,5,1174,1,0,22,14,8,1312,0,0,40,27,13,2486,1,0,0,0,0,1,0,1,0,0,0,0,0,0
2842,Darron Gibson,2538,"[2008, 2009, 2010, 2011]",Manchester United,18,6,12,804,0,0,13,8,5,665,3,0,31,14,17,1469,3,0,0,3,3,0,1,1,0,0,0,0,0,0
2843,Darron Gibson,2538,[2016],Sunderland AFC,5,4,1,384,0,0,7,3,4,257,0,0,12,7,5,641,0,0,0,0,0,0,0,0,0,0,0,0,0,0
2844,J√∫lio C√©sar,2539,[2012],Queens Park Rangers,11,11,0,990,0,0,13,13,0,1110,0,0,24,24,0,2100,0,0,0,0,0,0,0,0,0,0,0,0,0,0
2845,J√∫lio C√©sar,2539,[2004],Bolton Wanderers,2,2,0,180,0,0,3,2,1,181,0,0,5,4,1,361,0,0,0,0,0,0,0,0,0,0,0,0,0,0
2846,Clint Hill,2540,"[2011, 2012, 2014]",Queens Park Rangers,37,33,4,3040,0,0,35,32,3,2706,1,0,72,65,7,5746,1,0,0,0,0,0,1,1,0,0,0,0,0,0
2847,Samba Diakit√©,2541,"[2011, 2012]",Queens Park Rangers,13,11,2,960,1,0,10,9,1,725,0,0,23,20,3,1685,1,0,3,0,3,1,0,1,0,0,0,0,0,0
2848,Ryan Donaldson,2542,"[2010, 2011]",Newcastle United,0,0,0,0,0,0,0,0,0,0,0,0,0,0,0,0,0,0,0,0,0,0,0,0,0,0,0,0,0,0
2849,Martin Jir√°nek,2543,[2010],Birmingham City,5,5,0,410,0,0,5,5,0,374,0,0,10,10,0,784,0,0,0,0,0,0,0,0,0,0,0,0,0,0
2850,Jean Beausejour,2544,[2010],Birmingham City,9,4,5,452,1,0,8,5,3,441,1,0,17,9,8,893,2,0,0,0,0,1,1,2,0,0,0,0,0,0
2851,Jean Beausejour,2544,"[2011, 2012]",Wigan Athletic,24,24,0,2055,1,0,26,24,2,2120,0,0,50,48,2,4175,1,0,0,0,0,1,0,1,0,0,0,0,0,0
2852,Brian Jensen,2545,[2009],Burnley FC,19,19,0,1635,0,0,19,19,0,1710,0,0,38,38,0,3345,0,0,0,0,0,0,0,0,0,0,0,0,0,0
2853,Graham Alexander,2546,[2009],Burnley FC,16,16,0,1377,4,0,17,17,0,1366,3,0,33,33,0,2743,7,0,1,0,1,3,2,5,3,3,6,0,0,0
2854,Clarke Carlisle,2547,[2009],Burnley FC,14,14,0,1260,0,0,13,13,0,1114,0,0,27,27,0,2374,0,0,0,0,0,0,0,0,0,0,0,0,0,0
2855,Clarke Carlisle,2547,[2006],Watford FC,2,2,0,180,0,0,2,2,0,180,0,0,4,4,0,360,0,0,0,0,0,0,0,0,0,0,0,0,0,0
2856,Andr√© Bikey,2548,[2009],Burnley FC,15,15,0,1246,1,0,13,11,2,941,0,0,28,26,2,2187,1,0,0,0,0,0,0,0,0,0,0,0,0,0
2857,Andr√© Bikey,2548,"[2006, 2007]",Reading FC,20,9,11,1136,3,0,16,11,5,976,0,0,36,20,16,2112,3,0,3,0,3,3,0,3,0,0,0,0,0,0
2858,Stephen Jordan,2549,[2009],Burnley FC,13,11,2,1008,0,0,12,12,0,1045,0,0,25,23,2,2053,0,0,0,0,0,0,0,0,0,0,0,0,0,0
2859,Stephen Jordan,2549,"[2002, 2003, 2004, 2005, 2006]",Manchester City,24,23,1,1944,0,0,24,21,3,1877,0,0,48,44,4,3821,0,0,0,0,0,0,0,0,0,0,0,0,0,0
2860,Wade Elliott,2550,[2009],Burnley FC,19,17,2,1565,3,0,19,17,2,1554,1,0,38,34,4,3119,4,0,4,0,4,2,0,2,0,0,0,0,0,0
2861,Robbie Blake,2551,[2009],Burnley FC,18,12,6,1022,1,0,13,8,5,632,1,0,31,20,11,1654,2,0,3,0,3,1,1,2,0,0,0,0,0,0
2862,Robbie Blake,2551,[2004],Birmingham City,4,1,3,143,2,0,7,1,6,192,0,0,11,2,9,335,2,0,0,0,0,1,0,1,1,0,1,0,0,0
2863,Robbie Blake,2551,[2000],Bradford City,9,6,3,554,4,0,8,4,4,361,0,0,17,10,7,915,4,0,0,0,0,2,0,2,2,0,2,0,0,0
2864,Robbie Blake,2551,"[2010, 2011]",Bolton Wanderers,6,0,6,31,1,0,3,0,3,15,0,0,9,0,9,46,1,0,1,0,1,1,0,1,0,0,0,0,0,0
2865,Kevin McDonald,2552,[2009],Burnley FC,12,7,5,661,0,0,14,8,6,800,1,0,26,15,11,1461,1,0,0,1,1,0,1,1,0,0,0,0,0,0
2866,Kevin McDonald,2552,[2018],Fulham FC,8,5,3,416,0,0,7,5,2,468,0,0,15,10,5,884,0,0,0,0,0,0,0,0,0,0,0,0,0,0
2867,Fernando Guerrero,2553,[2009],Burnley FC,3,0,3,15,0,0,4,0,4,56,0,0,7,0,7,71,0,0,0,0,0,0,0,0,0,0,0,0,0,0
2868,Sascha Riether,2554,"[2012, 2013]",Fulham FC,35,34,1,3008,0,0,31,31,0,2684,1,0,66,65,1,5692,1,0,0,0,0,0,0,0,0,0,0,0,0,0
2869,Alexander Kaƒçanikliƒá,2555,"[2011, 2012, 2013]",Fulham FC,24,15,9,1248,2,0,22,18,4,1488,3,0,46,33,13,2736,5,0,0,3,3,0,3,3,0,0,0,0,0,0
2870,Alex Smith,2556,[2012],Fulham FC,1,0,1,1,0,0,0,0,0,0,0,0,1,0,1,1,0,0,0,0,0,0,0,0,0,0,0,0,0,0
2871,Pajtim Kasami,2557,"[2011, 2012, 2013]",Fulham FC,19,11,8,1048,0,0,19,12,7,1046,3,0,38,23,15,2094,3,0,0,3,3,0,3,3,0,0,0,0,0,0
2872,David Stockdale,2558,"[2009, 2010, 2011, 2012, 2013]",Fulham FC,22,21,1,1904,0,0,17,16,1,1454,0,0,39,37,2,3358,0,0,0,0,0,0,0,0,0,0,0,0,0,0
2873,Matthew Briggs,2559,"[2006, 2010, 2011, 2012, 2013]",Fulham FC,2,2,0,180,0,0,11,5,6,504,0,0,13,7,6,684,0,0,0,0,0,0,0,0,0,0,0,0,0,0
2874,Giorgios Karagounis,2560,"[2012, 2013]",Fulham FC,20,14,6,1117,1,0,19,12,7,1088,0,0,39,26,13,2205,1,0,0,0,0,1,0,1,0,0,0,0,0,0
2875,Marcello Trotta,2561,"[2011, 2012]",Fulham FC,0,0,0,0,0,0,1,0,1,2,0,0,1,0,1,2,0,0,0,0,0,0,0,0,0,0,0,0,0,0
2876,Markus Rosenberg,2562,"[2012, 2013]",West Bromwich Albion,13,2,11,263,0,0,15,4,11,372,0,0,28,6,22,635,0,0,0,0,0,0,0,0,0,0,0,0,0,0
2877,Eldin Jakupoviƒá,2563,[2017],Leicester City,1,1,0,90,0,0,1,1,0,90,0,0,2,2,0,180,0,0,0,0,0,0,0,0,0,0,0,0,0,0
2878,Eldin Jakupoviƒá,2563,"[2013, 2014, 2016]",Hull City,12,12,0,1080,0,0,14,13,1,1217,0,0,26,25,1,2297,0,0,0,0,0,0,0,0,0,0,0,0,0,0
2879,Christian Fuchs,2564,"[2015, 2016, 2017, 2018, 2019]",Leicester City,50,46,4,4170,2,0,57,50,7,4538,0,0,107,96,11,8708,2,0,0,0,0,1,0,1,0,0,0,0,0,0
2880,Adrien Silva,2565,"[2017, 2018]",Leicester City,9,6,3,500,0,0,5,4,1,350,0,0,14,10,4,850,0,0,0,0,0,0,0,0,0,0,0,0,0,0
2881,Fouss√©ni Diabat√©,2566,"[2017, 2018]",Leicester City,7,4,3,353,0,0,8,2,6,284,0,0,15,6,9,637,0,0,0,0,0,0,0,0,0,0,0,0,0,0
2882,Aleksandar Dragoviƒá,2567,[2017],Leicester City,6,3,3,384,0,0,5,4,1,382,0,0,11,7,4,766,0,0,0,0,0,0,0,0,0,0,0,0,0,0
2883,Demarai Gray,2568,"[2015, 2016, 2017, 2018, 2019]",Leicester City,67,23,44,2707,4,0,65,30,35,2798,6,0,132,53,79,5505,10,0,3,6,9,2,4,6,0,0,0,0,0,0
2884,Yohan Benalouane,2569,"[2015, 2016, 2017]",Leicester City,7,6,1,500,0,0,9,6,3,576,0,0,16,12,4,1076,0,0,0,0,0,0,0,0,0,0,0,0,0,0
2885,Iborra,2570,"[2017, 2018]",Leicester City,12,11,1,827,0,0,15,9,6,815,3,0,27,20,7,1642,3,0,0,0,0,0,2,2,0,0,0,0,0,0
2886,George Thomas,2571,[2017],Leicester City,0,0,0,0,0,0,0,0,0,0,0,0,0,0,0,0,0,0,0,0,0,0,0,0,0,0,0,0,0,0
2887,Henrikh Mkhitaryan,2572,"[2017, 2018, 2019]",Arsenal FC,17,12,5,1035,4,0,22,17,5,1515,4,0,39,29,10,2550,8,0,1,0,1,1,3,4,0,0,0,0,0,0
2888,Henrikh Mkhitaryan,2572,[2016],Manchester United,12,7,5,638,2,0,12,8,4,712,2,0,24,15,9,1350,4,0,3,0,3,1,1,2,0,0,0,0,0,0
2889,Jordi Osei-Tutu,2573,[2017],Arsenal FC,0,0,0,0,0,0,0,0,0,0,0,0,0,0,0,0,0,0,0,0,0,0,0,0,0,0,0,0,0,0
2890,Andrew Taylor,2574,"[2005, 2006, 2007, 2008]",Middlesbrough FC,43,39,4,3554,0,0,49,40,9,3741,0,0,92,79,13,7295,0,0,0,0,0,0,0,0,0,0,0,0,0,0
2891,Andrew Taylor,2574,[2013],Cardiff City,11,11,0,943,0,0,7,7,0,630,0,0,18,18,0,1573,0,0,0,0,0,0,0,0,0,0,0,0,0,0
2892,Zlatan Ibrahimoviƒá,2575,"[2016, 2017]",Manchester United,19,15,4,1368,7,0,14,13,1,1172,10,0,33,28,5,2540,17,0,3,3,6,4,4,8,2,0,2,0,0,0
2893,Luke Shaw,2576,"[2014, 2015, 2016, 2017, 2018, 2019]",Manchester United,47,42,5,3637,1,0,50,45,5,3835,0,0,97,87,10,7472,1,0,0,0,0,0,0,0,0,0,0,0,0,0
2894,Luke Shaw,2576,"[2012, 2013]",Southampton FC,28,27,1,2331,0,0,32,30,2,2616,0,0,60,57,3,4947,0,0,0,0,0,0,0,0,0,0,0,0,0,0
2895,Florian Lejeune,2577,"[2017, 2018, 2019]",Newcastle United,21,21,0,1793,0,0,21,19,2,1807,2,0,42,40,2,3600,2,0,0,1,1,0,1,1,0,0,0,0,0,0
2896,Jacob Murphy,2578,"[2017, 2018]",Newcastle United,13,6,7,573,0,0,21,10,11,872,1,0,34,16,18,1445,1,0,0,0,0,0,0,0,0,0,0,0,0,0
2897,Jes√∫s G√°mez,2579,[2017],Newcastle United,0,0,0,0,0,0,2,1,1,97,0,0,2,1,1,97,0,0,0,0,0,0,0,0,0,0,0,0,0,0
2898,Ian Bennett,2580,[2006],Sheffield United,1,1,0,90,0,0,1,1,0,90,0,0,2,2,0,180,0,0,0,0,0,0,0,0,0,0,0,0,0,0
2899,Ian Bennett,2580,"[2002, 2003]",Birmingham City,7,7,0,630,0,0,9,7,2,731,0,0,16,14,2,1361,0,0,0,0,0,0,0,0,0,0,0,0,0,0
2900,Leigh Bromby,2581,[2006],Sheffield United,9,7,2,611,0,0,8,5,3,528,0,0,17,12,5,1139,0,0,0,0,0,0,0,0,0,0,0,0,0,0
2901,David Unsworth,2582,[2006],Sheffield United,3,3,0,226,0,0,2,2,0,151,0,0,5,5,0,377,0,0,0,0,0,0,0,0,0,0,0,0,0,0
2902,David Unsworth,2582,"[2000, 2001, 2002, 2003]",Everton FC,62,49,13,4632,11,0,54,45,9,4065,5,0,116,94,22,8697,16,0,5,1,6,9,4,13,6,1,7,0,0,0
2903,David Unsworth,2582,[2004],Portsmouth FC,8,8,0,656,2,0,7,7,0,539,0,0,15,15,0,1195,2,0,1,0,1,2,0,2,2,0,2,0,0,0
2904,Chris Morgan,2583,[2006],Sheffield United,12,11,1,1017,1,0,12,10,2,1015,0,0,24,21,3,2032,1,0,0,0,0,1,0,1,0,0,0,0,0,0
2905,Chris Armstrong,2584,[2006],Sheffield United,12,11,1,1054,0,0,13,11,2,979,0,0,25,22,3,2033,0,0,0,0,0,0,0,0,0,0,0,0,0,0
2906,Chris Armstrong,2584,[2000],Tottenham Hotspur,5,0,5,87,1,0,4,3,1,276,1,0,9,3,6,363,2,0,3,0,3,1,0,1,0,0,0,0,0,0
2907,Paul Ifill,2585,[2006],Sheffield United,3,3,0,169,0,0,0,0,0,0,0,0,3,3,0,169,0,0,0,0,0,0,0,0,0,0,0,0,0,0
2908,Alan Quinn,2586,[2006],Sheffield United,9,5,4,495,0,0,10,6,4,473,0,0,19,11,8,968,0,0,0,0,0,0,0,0,0,0,0,0,0,0
2909,Christian Nad√©,2587,[2006],Sheffield United,15,5,10,557,2,0,10,2,8,356,1,0,25,7,18,913,3,0,3,0,3,2,0,2,0,0,0,0,0,0
2910,Marcus Hahnemann,2588,"[2006, 2007]",Reading FC,38,38,0,3420,0,0,34,34,0,2935,0,0,72,72,0,6355,0,0,0,0,0,0,0,0,0,0,0,0,0,0
2911,Marcus Hahnemann,2588,"[2009, 2010]",Wolverhampton Wanderers,20,20,0,1800,0,0,18,18,0,1620,0,0,38,38,0,3420,0,0,0,0,0,0,0,0,0,0,0,0,0,0
2912,Graeme Murty,2589,"[2006, 2007]",Reading FC,27,27,0,2316,0,0,21,21,0,1856,0,0,48,48,0,4172,0,0,0,0,0,0,0,0,0,0,0,0,0,0
2913,√çvar Ingimarsson,2590,"[2006, 2007]",Reading FC,37,36,1,3259,3,0,31,31,0,2790,1,0,68,67,1,6049,4,0,3,0,3,3,1,4,0,0,0,0,0,0
2914,James Harper,2591,"[2006, 2007]",Reading FC,38,37,1,3253,3,0,34,33,1,2941,6,0,72,70,2,6194,9,0,3,3,6,2,5,7,0,0,0,0,0,0
2915,Bobby Convey,2592,"[2006, 2007]",Reading FC,13,9,4,729,0,0,15,10,5,866,0,0,28,19,9,1595,0,0,0,0,0,0,0,0,0,0,0,0,0,0
2916,Leroy Lita,2593,"[2006, 2007]",Reading FC,22,14,8,1307,3,0,23,16,7,1408,5,0,45,30,15,2715,8,0,3,0,3,1,2,3,0,0,0,0,0,0
2917,Leroy Lita,2593,"[2011, 2012, 2013]",Swansea City,11,2,9,280,1,0,7,2,5,212,1,0,18,4,14,492,2,0,0,0,0,0,1,1,0,0,0,0,0,0
2918,Kevin Doyle,2594,"[2006, 2007]",Reading FC,35,33,2,2928,8,0,30,26,4,2286,11,0,65,59,6,5214,19,0,6,3,9,4,7,11,1,2,3,0,0,0
2919,Kevin Doyle,2594,"[2009, 2010, 2011]",Wolverhampton Wanderers,47,44,3,3838,8,0,45,39,6,3505,10,0,92,83,9,7343,18,0,3,7,10,6,8,14,2,1,3,0,0,0
2920,Kevin Doyle,2594,[2014],Crystal Palace,1,0,1,29,0,0,2,0,2,5,0,0,3,0,3,34,0,0,0,0,0,0,0,0,0,0,0,0,0,0
2921,Glen Little,2595,"[2006, 2007]",Reading FC,12,9,3,814,0,0,13,8,5,744,0,0,25,17,8,1558,0,0,0,0,0,0,0,0,0,0,0,0,0,0
2922,Glen Little,2595,[2003],Bolton Wanderers,2,0,2,18,0,0,2,0,2,12,0,0,4,0,4,30,0,0,0,0,0,0,0,0,0,0,0,0,0,0
2923,Glen Little,2595,[2008],Portsmouth FC,3,3,0,178,0,0,2,1,1,115,0,0,5,4,1,293,0,0,0,0,0,0,0,0,0,0,0,0,0,0
2924,Stephen Hunt,2596,"[2006, 2007]",Reading FC,37,35,2,3099,6,0,32,27,5,2377,3,0,69,62,7,5476,9,0,9,1,10,4,1,5,1,1,2,0,0,0
2925,Stephen Hunt,2596,"[2010, 2011]",Wolverhampton Wanderers,20,16,4,1426,4,0,24,14,10,1308,2,0,44,30,14,2734,6,0,3,0,3,3,1,4,1,2,3,0,0,0
2926,Stephen Hunt,2596,[2009],Hull City,13,13,0,1150,3,0,14,14,0,1173,3,0,27,27,0,2323,6,0,0,1,1,2,2,4,1,0,1,0,0,0
2927,Rickie Lambert,2597,[2014],Liverpool FC,14,4,10,450,0,0,11,3,8,374,2,0,25,7,18,824,2,0,0,0,0,0,1,1,0,0,0,0,0,0
2928,Rickie Lambert,2597,"[2012, 2013]",Southampton FC,37,34,3,2993,15,0,38,32,6,2954,13,0,75,66,9,5947,28,0,4,10,14,9,10,19,2,4,6,0,0,0
2929,Rickie Lambert,2597,"[2015, 2016]",West Bromwich Albion,12,3,9,334,1,0,8,2,6,294,0,0,20,5,15,628,1,0,0,0,0,0,0,0,1,0,1,0,0,0
2930,Jonathan Hogg,2598,[2010],Aston Villa,3,3,0,226,0,0,2,2,0,171,0,0,5,5,0,397,0,0,0,0,0,0,0,0,0,0,0,0,0,0
2931,Jonathan Hogg,2598,"[2017, 2018]",Huddersfield Town,33,32,1,2682,0,0,26,26,0,2159,0,0,59,58,1,4841,0,0,0,0,0,0,0,0,0,0,0,0,0,0
2932,Daniel Johnson,2599,"[2010, 2011, 2013]",Aston Villa,0,0,0,0,0,0,0,0,0,0,0,0,0,0,0,0,0,0,0,0,0,0,0,0,0,0,0,0,0,0
2933,Richard Kingson,2600,[2010],Blackpool FC,10,10,0,843,0,0,10,9,1,854,0,0,20,19,1,1697,0,0,0,0,0,0,0,0,0,0,0,0,0,0
2934,Richard Kingson,2600,[2008],Wigan Athletic,2,2,0,180,0,0,2,1,1,170,0,0,4,3,1,350,0,0,0,0,0,0,0,0,0,0,0,0,0,0
2935,Richard Kingson,2600,[2007],Birmingham City,1,1,0,90,0,0,0,0,0,0,0,0,1,1,0,90,0,0,0,0,0,0,0,0,0,0,0,0,0,0
2936,Chris Basham,2601,[2010],Blackpool FC,0,0,0,0,0,0,2,1,1,118,0,0,2,1,1,118,0,0,0,0,0,0,0,0,0,0,0,0,0,0
2937,Chris Basham,2601,[2019],Sheffield United,19,19,0,1629,0,0,19,19,0,1626,0,0,38,38,0,3255,0,0,0,0,0,0,0,0,0,0,0,0,0,0
2938,Chris Basham,2601,"[2008, 2009]",Bolton Wanderers,9,2,7,222,0,0,10,4,6,479,1,0,19,6,13,701,1,0,0,0,0,0,0,0,0,0,0,0,0,0
2939,Rob Edwards,2602,[2010],Blackpool FC,0,0,0,0,0,0,2,1,1,106,0,0,2,1,1,106,0,0,0,0,0,0,0,0,0,0,0,0,0,0
2940,Rob Edwards,2602,[2002],Aston Villa,4,3,1,294,0,0,4,4,0,214,0,0,8,7,1,508,0,0,0,0,0,0,0,0,0,0,0,0,0,0
2941,Dekel Keinan,2603,[2010],Blackpool FC,1,0,1,18,0,0,5,3,2,378,0,0,6,3,3,396,0,0,0,0,0,0,0,0,0,0,0,0,0,0
2942,Keith Southern,2604,[2010],Blackpool FC,10,7,3,642,0,0,11,4,7,443,0,0,21,11,10,1085,0,0,0,0,0,0,0,0,0,0,0,0,0,0
2943,Ludovic Sylvestre,2605,[2010],Blackpool FC,2,1,1,83,0,0,6,5,1,346,0,0,8,6,2,429,0,0,0,0,0,0,0,0,0,0,0,0,0,0
2944,David Carney,2606,[2010],Blackpool FC,5,3,2,287,0,0,6,2,4,203,0,0,11,5,6,490,0,0,0,0,0,0,0,0,0,0,0,0,0,0
2945,Brett Ormerod,2607,[2010],Blackpool FC,7,2,5,269,1,0,12,4,8,438,0,0,19,6,13,707,1,0,0,0,0,0,0,0,0,0,0,0,0,0
2946,Brett Ormerod,2607,"[2001, 2002, 2003, 2004]",Southampton FC,43,25,18,2247,7,0,34,22,12,1840,4,0,77,47,30,4087,11,0,3,0,3,4,3,7,0,0,0,0,0,0
2947,Ian Evatt,2608,[2010],Blackpool FC,19,18,1,1638,0,0,19,18,1,1635,1,0,38,36,2,3273,1,0,0,0,0,0,1,1,0,0,0,0,0,0
2948,Ian Evatt,2608,"[2000, 2001]",Derby County,3,0,3,90,0,0,1,1,0,90,0,0,4,1,3,180,0,0,0,0,0,0,0,0,0,0,0,0,0,0
2949,Neal Eardley,2609,[2010],Blackpool FC,17,16,1,1413,1,0,14,14,0,1149,0,0,31,30,1,2562,1,0,0,0,0,1,0,1,0,0,0,0,0,0
2950,Elliot Grandin,2610,[2010],Blackpool FC,10,8,2,600,1,0,13,13,0,914,0,0,23,21,2,1514,1,0,1,0,1,1,0,1,0,0,0,0,0,0
2951,Luke Varney,2611,[2010],Blackpool FC,16,13,3,1041,3,0,14,11,3,1003,2,0,30,24,6,2044,5,0,0,0,0,2,0,2,0,0,0,0,0,0
2952,Bernard Mendy,2612,"[2008, 2009]",Hull City,26,18,8,1767,1,0,23,12,11,1251,1,0,49,30,19,3018,2,0,0,0,0,1,0,1,0,0,0,0,0,0
2953,Bernard Mendy,2612,[2002],Bolton Wanderers,10,10,0,818,0,0,11,10,1,811,0,0,21,20,1,1629,0,0,0,0,0,0,0,0,0,0,0,0,0,0
2954,Caleb Folan,2613,"[2008, 2009]",Hull City,11,5,6,527,1,0,12,4,8,461,2,0,23,9,14,988,3,0,3,0,3,1,2,3,0,0,0,0,0,0
2955,Caleb Folan,2613,"[2006, 2007]",Wigan Athletic,7,4,3,332,0,0,8,5,3,436,2,0,15,9,6,768,2,0,0,4,4,0,2,2,0,0,0,0,0,0
2956,Marcel Desailly,2614,"[2000, 2001, 2002, 2003]",Chelsea FC,54,54,0,4831,3,0,49,48,1,4264,2,0,103,102,1,9095,5,0,0,1,1,2,1,3,0,0,0,0,0,0
2957,Graeme Le Saux,2615,"[2000, 2001, 2002]",Chelsea FC,39,35,4,2898,3,0,35,35,0,3037,0,0,74,70,4,5935,3,0,0,0,0,1,0,1,0,0,0,0,0,0
2958,Graeme Le Saux,2615,"[2003, 2004]",Southampton FC,23,22,1,1753,1,0,17,17,0,1386,0,0,40,39,1,3139,1,0,0,0,0,1,0,1,0,0,0,0,0,0
2959,Emmanuel Petit,2616,"[2001, 2002, 2003]",Chelsea FC,28,25,3,2198,1,0,25,25,0,2124,1,0,53,50,3,4322,2,0,3,0,3,1,0,1,0,0,0,0,0,0
2960,Gianfranco Zola,2617,"[2000, 2001, 2002]",Chelsea FC,56,40,16,3571,16,0,50,38,12,3318,10,0,106,78,28,6889,26,0,1,3,4,8,7,15,0,0,0,0,0,0
2961,Jesper Gr√∏nkj√¶r,2618,"[2000, 2002, 2003]",Chelsea FC,38,23,15,2056,4,0,36,21,15,1893,3,0,74,44,30,3949,7,0,6,0,6,2,2,4,0,0,0,0,0,0
2962,Jesper Gr√∏nkj√¶r,2618,[2004],Birmingham City,8,7,1,608,0,0,8,6,2,536,0,0,16,13,3,1144,0,0,0,0,0,0,0,0,0,0,0,0,0,0
2963,Jesper Gr√∏nkj√¶r,2618,[2001],Charlton Athletic,1,0,1,15,0,0,0,0,0,0,0,0,1,0,1,15,0,0,0,0,0,0,0,0,0,0,0,0,0,0
2964,Nico Vaesen,2619,"[2002, 2005]",Birmingham City,16,16,0,1440,0,0,15,15,0,1350,0,0,31,31,0,2790,0,0,0,0,0,0,0,0,0,0,0,0,0,0
2965,Jeff Kenna,2620,"[2002, 2003]",Birmingham City,26,24,2,1957,3,0,28,26,2,2303,0,0,54,50,4,4260,3,0,4,0,4,3,0,3,0,0,0,0,0,0
2966,Darryl Powell,2621,[2002],Birmingham City,4,1,3,122,0,0,7,2,5,233,0,0,11,3,8,355,0,0,0,0,0,0,0,0,0,0,0,0,0,0
2967,Darryl Powell,2621,"[2000, 2001]",Derby County,25,25,0,2053,1,0,23,23,0,1959,1,0,48,48,0,4012,2,0,0,0,0,1,1,2,0,0,0,0,0,0
2968,Aliou Ciss√©,2622,"[2002, 2003]",Birmingham City,19,13,6,1196,0,0,17,13,4,1219,0,0,36,26,10,2415,0,0,0,0,0,0,0,0,0,0,0,0,0,0
2969,Aliou Ciss√©,2622,"[2004, 2005]",Portsmouth FC,10,5,5,516,0,0,13,9,4,807,0,0,23,14,9,1323,0,0,0,0,0,0,0,0,0,0,0,0,0,0
2970,Paul Devlin,2623,"[2002, 2003]",Birmingham City,19,10,9,971,2,0,15,10,5,945,1,0,34,20,14,1916,3,0,1,0,1,2,1,3,1,1,2,0,0,0
2971,Stan Lazaridis,2624,"[2002, 2003, 2004, 2005]",Birmingham City,50,38,12,3446,3,0,46,29,17,2881,1,0,96,67,29,6327,4,0,0,0,0,0,1,1,0,0,0,0,0,0
2972,Andre Wisdom,2625,[2015],Norwich City,6,6,0,496,0,0,4,3,1,328,0,0,10,9,1,824,0,0,0,0,0,0,0,0,0,0,0,0,0,0
2973,Andre Wisdom,2625,[2014],West Bromwich Albion,12,12,0,1051,0,0,12,10,2,920,0,0,24,22,2,1971,0,0,0,0,0,0,0,0,0,0,0,0,0,0
2974,Andre Wisdom,2625,"[2010, 2012, 2013]",Liverpool FC,7,6,1,552,0,0,7,7,0,545,0,0,14,13,1,1097,0,0,0,0,0,0,0,0,0,0,0,0,0,0
2975,Timm Klose,2626,"[2015, 2019]",Norwich City,10,10,0,856,1,0,7,7,0,580,0,0,17,17,0,1436,1,0,0,0,0,1,0,1,0,0,0,0,0,0
2976,Matthew Jarvis,2627,[2015],Norwich City,9,7,2,546,1,0,10,6,4,475,0,0,19,13,6,1021,1,0,0,0,0,0,0,0,0,0,0,0,0,0
2977,Matthew Jarvis,2627,"[2012, 2013, 2014]",West Ham United,38,29,9,2424,2,0,37,27,10,2503,2,0,75,56,19,4927,4,0,0,0,0,2,2,4,0,0,0,0,0,0
2978,Matthew Jarvis,2627,"[2009, 2010, 2011]",Wolverhampton Wanderers,53,46,7,4196,5,0,54,48,6,4253,10,0,107,94,13,8449,15,0,0,5,5,3,7,10,0,0,0,0,0,0
2979,Dieumerci Mbokani,2628,[2015],Norwich City,15,8,7,851,6,0,14,7,7,736,1,0,29,15,14,1587,7,0,0,0,0,3,1,4,0,0,0,0,0,0
2980,Dieumerci Mbokani,2628,[2016],Hull City,8,5,3,534,0,0,4,3,1,229,0,0,12,8,4,763,0,0,0,0,0,0,0,0,0,0,0,0,0,0
2981,Declan Rudd,2629,"[2011, 2012, 2015]",Norwich City,6,6,0,540,0,0,7,6,1,549,0,0,13,12,1,1089,0,0,0,0,0,0,0,0,0,0,0,0,0,0
2982,Freddie Woodman,2630,"[2014, 2015, 2017, 2018]",Newcastle United,0,0,0,0,0,0,0,0,0,0,0,0,0,0,0,0,0,0,0,0,0,0,0,0,0,0,0,0,0,0
2983,Jamaal Lascelles,2631,"[2015, 2017, 2018, 2019]",Newcastle United,52,49,3,4264,4,0,55,49,6,4637,2,0,107,98,9,8901,6,0,3,3,6,4,1,5,0,0,0,0,0,0
2984,Jamie Sterry,2632,"[2014, 2015, 2018]",Newcastle United,1,0,1,6,0,0,0,0,0,0,0,0,1,0,1,6,0,0,0,0,0,0,0,0,0,0,0,0,0,0
2985,Siem de Jong,2633,"[2014, 2015]",Newcastle United,12,3,9,336,1,0,10,1,9,257,0,0,22,4,18,593,1,0,0,0,0,0,0,0,0,0,0,0,0,0
2986,Emmanuel Rivi√®re,2634,"[2014, 2015]",Newcastle United,12,10,2,749,0,0,14,6,8,529,1,0,26,16,10,1278,1,0,0,0,0,0,1,1,0,0,0,0,0,0
2987,Mohamed Shawky,2635,"[2007, 2008]",Middlesbrough FC,6,4,2,302,0,0,12,10,2,800,0,0,18,14,4,1102,0,0,0,0,0,0,0,0,0,0,0,0,0,0
2988,Mido,2636,[2007],Middlesbrough FC,6,4,2,403,1,0,6,4,2,345,1,0,12,8,4,748,2,0,0,0,0,1,1,2,0,0,0,0,0,0
2989,Mido,2636,"[2004, 2005, 2006]",Tottenham Hotspur,24,20,4,1805,11,0,23,14,9,1310,3,0,47,34,13,3115,14,0,6,1,7,9,3,12,1,0,1,0,0,0
2990,Mido,2636,[2008],Wigan Athletic,7,6,1,433,2,0,5,4,1,327,0,0,12,10,2,760,2,0,1,0,1,2,0,2,1,0,1,0,0,0
2991,Mido,2636,[2009],West Ham United,4,2,2,184,0,0,5,3,2,308,0,0,9,5,4,492,0,0,0,0,0,0,0,0,0,0,0,0,0,0
2992,Darren Randolph,2637,"[2015, 2016, 2019]",West Ham United,15,15,0,1350,0,0,15,15,0,1350,0,0,30,30,0,2700,0,0,0,0,0,0,0,0,0,0,0,0,0,0
2993,Darren Randolph,2637,[2006],Charlton Athletic,0,0,0,0,0,0,1,1,0,90,0,0,1,1,0,90,0,0,0,0,0,0,0,0,0,0,0,0,0,0
2994,Winston Reid,2638,"[2010, 2012, 2013, 2014, 2015, 2016, 2017, 2019]",West Ham United,87,82,5,7345,4,0,79,75,4,6561,2,0,166,157,9,13906,6,0,6,0,6,3,1,4,0,0,0,0,0,0
2995,Pedro Obiang,2639,"[2015, 2016, 2017, 2018]",West Ham United,49,31,18,2807,1,0,42,31,11,2726,2,0,91,62,29,5533,3,0,0,0,0,1,2,3,0,0,0,0,0,0
2996,Dimitri Payet,2640,"[2015, 2016]",West Ham United,25,24,1,2125,5,0,23,22,1,1963,6,0,48,46,2,4088,11,0,1,4,5,3,4,7,0,0,0,0,0,0
2997,H√•vard Nordtveit,2641,[2016],West Ham United,7,5,2,423,0,0,9,6,3,533,0,0,16,11,5,956,0,0,0,0,0,0,0,0,0,0,0,0,0,0
2998,H√•vard Nordtveit,2641,[2018],Fulham FC,1,1,0,90,0,0,4,3,1,271,0,0,5,4,1,361,0,0,0,0,0,0,0,0,0,0,0,0,0,0
2999,Ashley Fletcher,2642,[2016],West Ham United,11,1,10,220,0,0,5,1,4,134,0,0,16,2,14,354,0,0,0,0,0,0,0,0,0,0,0,0,0,0
3000,Edimilson Fernandes,2643,"[2016, 2017]",West Ham United,21,7,14,847,0,0,21,10,11,985,0,0,42,17,25,1832,0,0,0,0,0,0,0,0,0,0,0,0,0,0
3001,Marcus Browne,2644,"[2015, 2016, 2017]",West Ham United,0,0,0,0,0,0,0,0,0,0,0,0,0,0,0,0,0,0,0,0,0,0,0,0,0,0,0,0,0,0
3002,Gr√©gory Vignal,2645,[2009],Birmingham City,3,3,0,215,0,0,5,3,2,287,0,0,8,6,2,502,0,0,0,0,0,0,0,0,0,0,0,0,0,0
3003,Gr√©gory Vignal,2645,[2005],Portsmouth FC,6,6,0,510,0,0,8,7,1,662,0,0,14,13,1,1172,0,0,0,0,0,0,0,0,0,0,0,0,0,0
3004,Gr√©gory Vignal,2645,"[2000, 2001, 2002]",Liverpool FC,4,2,2,236,0,0,6,4,2,377,0,0,10,6,4,613,0,0,0,0,0,0,0,0,0,0,0,0,0,0
3005,Ian Walker,2646,"[2001, 2003]",Leicester City,36,36,0,3148,0,0,35,35,0,3138,0,0,71,71,0,6286,0,0,0,0,0,0,0,0,0,0,0,0,0,0
3006,Ian Walker,2646,[2000],West Ham United,1,1,0,90,0,0,0,0,0,0,0,0,1,1,0,90,0,0,0,0,0,0,0,0,0,0,0,0,0,0
3007,Gerry Taggart,2647,"[2000, 2001, 2003]",Leicester City,19,18,1,1582,2,0,15,15,0,1213,0,0,34,33,1,2795,2,0,3,0,3,1,0,1,0,0,0,0,0,0
3008,Steve Guppy,2648,"[2000, 2003]",Leicester City,22,14,8,1519,1,0,21,12,9,1073,0,0,43,26,17,2592,1,0,0,0,0,1,0,1,0,0,0,0,0,0
3009,James Scowcroft,2649,"[2001, 2003]",Leicester City,28,26,2,2305,6,0,30,27,3,2380,4,0,58,53,5,4685,10,0,1,1,2,4,3,7,0,0,0,0,0,0
3010,James Scowcroft,2649,[2000],Ipswich Town,17,11,6,1098,3,0,14,9,5,898,1,0,31,20,11,1996,4,0,0,0,0,1,1,2,0,0,0,0,0,0
3011,Carlos Salcido,2650,[2010],Fulham FC,13,13,0,1065,0,0,10,9,1,838,0,0,23,22,1,1903,0,0,0,0,0,0,0,0,0,0,0,0,0,0
3012,Ga√´l Kakuta,2651,[2010],Fulham FC,3,0,3,45,0,0,4,2,2,187,1,0,7,2,5,232,1,0,0,0,0,0,1,1,0,0,0,0,0,0
3013,Ga√´l Kakuta,2651,[2011],Bolton Wanderers,2,0,2,44,0,0,2,0,2,24,0,0,4,0,4,68,0,0,0,0,0,0,0,0,0,0,0,0,0,0
3014,Ga√´l Kakuta,2651,[2009],Chelsea FC,1,0,1,31,0,0,0,0,0,0,0,0,1,0,1,31,0,0,0,0,0,0,0,0,0,0,0,0,0,0
3015,Rafik Halliche,2652,"[2010, 2011, 2012]",Fulham FC,1,0,1,15,0,0,0,0,0,0,0,0,1,0,1,15,0,0,0,0,0,0,0,0,0,0,0,0,0,0
3016,Julian Gray,2653,"[2004, 2005]",Birmingham City,27,18,9,1824,2,0,25,18,7,1758,1,0,52,36,16,3582,3,0,0,3,3,0,1,1,0,0,0,0,0,0
3017,Julian Gray,2653,[2008],Fulham FC,1,0,1,5,0,0,0,0,0,0,0,0,1,0,1,5,0,0,0,0,0,0,0,0,0,0,0,0,0,0
3018,Ga√´l Givet,2654,[2009],Wigan Athletic,1,1,0,90,0,0,0,0,0,0,0,0,1,1,0,90,0,0,0,0,0,0,0,0,0,0,0,0,0,0
3019,Ga√´l Givet,2654,"[2008, 2010, 2011]",Blackburn Rovers,32,31,1,2634,0,0,32,32,0,2684,1,0,64,63,1,5318,1,0,0,0,0,0,0,0,0,0,0,0,0,0
3020,M√≠chel Salgado,2655,[2009],Wigan Athletic,1,1,0,76,0,0,0,0,0,0,0,0,1,1,0,76,0,0,0,0,0,0,0,0,0,0,0,0,0,0
3021,M√≠chel Salgado,2655,"[2010, 2011]",Blackburn Rovers,22,22,0,1854,0,0,23,23,0,1834,0,0,45,45,0,3688,0,0,0,0,0,0,0,0,0,0,0,0,0,0
3022,Keith Andrews,2656,[2009],Wigan Athletic,1,1,0,90,0,0,0,0,0,0,0,0,1,1,0,90,0,0,0,0,0,0,0,0,0,0,0,0,0,0
3023,Keith Andrews,2656,"[2008, 2010]",Blackburn Rovers,19,15,4,1324,1,0,18,13,5,1196,3,0,37,28,9,2520,4,0,1,1,2,1,1,2,0,0,0,0,0,0
3024,Keith Andrews,2656,[2011],West Bromwich Albion,7,4,3,385,1,0,7,4,3,403,1,0,14,8,6,788,2,0,0,0,0,0,0,0,0,0,0,0,0,0
3025,Keith Andrews,2656,[2003],Wolverhampton Wanderers,1,1,0,90,0,0,0,0,0,0,0,0,1,1,0,90,0,0,0,0,0,0,0,0,0,0,0,0,0,0
3026,Lars Jacobsen,2657,[2009],Wigan Athletic,1,0,1,23,0,0,0,0,0,0,0,0,1,0,1,23,0,0,0,0,0,0,0,0,0,0,0,0,0,0
3027,Lars Jacobsen,2657,[2008],Everton FC,1,1,0,90,0,0,4,3,1,271,0,0,5,4,1,361,0,0,0,0,0,0,0,0,0,0,0,0,0,0
3028,Lars Jacobsen,2657,[2010],Blackburn Rovers,0,0,0,0,0,0,0,0,0,0,0,0,0,0,0,0,0,0,0,0,0,0,0,0,0,0,0,0,0,0
3029,Jos√© Izquierdo,2658,"[2017, 2018]",Brighton & Hove Albion,24,15,9,1354,2,0,23,17,6,1427,3,0,47,32,15,2781,5,0,1,0,1,2,1,3,0,0,0,0,0,0
3030,Izzy Brown,2659,[2017],Brighton & Hove Albion,8,2,6,136,0,0,5,2,3,170,0,0,13,4,9,306,0,0,0,0,0,0,0,0,0,0,0,0,0,0
3031,Izzy Brown,2659,[2014],Chelsea FC,0,0,0,0,0,0,1,0,1,11,0,0,1,0,1,11,0,0,0,0,0,0,0,0,0,0,0,0,0,0
3032,Izzy Brown,2659,[2012],West Bromwich Albion,1,0,1,4,0,0,0,0,0,0,0,0,1,0,1,4,0,0,0,0,0,0,0,0,0,0,0,0,0,0
3033,Connor Goldson,2660,[2017],Brighton & Hove Albion,2,2,0,180,0,0,1,0,1,19,0,0,3,2,1,199,0,0,0,0,0,0,0,0,0,0,0,0,0,0
3034,Markus Suttner,2661,"[2017, 2018]",Brighton & Hove Albion,8,8,0,720,0,0,6,5,1,458,0,0,14,13,1,1178,0,0,0,0,0,0,0,0,0,0,0,0,0,0
3035,Tomer Hemed,2662,[2017],Brighton & Hove Albion,7,5,2,420,2,0,9,4,5,428,0,0,16,9,7,848,2,0,3,0,3,1,0,1,0,0,0,0,0,0
3036,Filip ƒêuriƒçiƒá,2663,[2014],Southampton FC,4,2,2,173,0,0,5,1,4,154,0,0,9,3,6,327,0,0,0,0,0,0,0,0,0,0,0,0,0,0
3037,Jores Okore,2664,"[2013, 2014, 2015]",Aston Villa,20,19,1,1679,1,0,18,17,1,1577,0,0,38,36,2,3256,1,0,0,0,0,1,0,1,0,0,0,0,0,0
3038,Jonathan Fortune,2665,"[2001, 2002, 2003, 2004, 2005, 2006]",Charlton Athletic,54,43,11,4131,2,0,62,48,14,4628,3,0,116,91,25,8759,5,0,1,0,1,2,1,3,0,0,0,0,0,0
3039,Daniel Amartey,2666,"[2015, 2016, 2017, 2018]",Leicester City,23,15,8,1422,0,0,23,16,7,1491,1,0,46,31,15,2913,1,0,0,1,1,0,1,1,0,0,0,0,0,0
3040,Islam Slimani,2667,"[2016, 2017]",Leicester City,21,10,11,999,7,0,14,5,9,520,1,0,35,15,20,1519,8,0,4,0,4,5,1,6,1,0,1,0,0,0
3041,Shinji Okazaki,2668,"[2015, 2016, 2017, 2018]",Leicester City,60,32,28,2562,4,0,54,35,19,2684,10,0,114,67,47,5246,14,0,3,0,3,2,3,5,0,0,0,0,0,0
3042,Ahmed Musa,2669,"[2016, 2017]",Leicester City,8,4,4,317,1,0,13,3,10,436,1,0,21,7,14,753,2,0,0,1,1,1,1,2,0,0,0,0,0,0
3043,Samir Carruthers,2670,"[2011, 2012]",Aston Villa,0,0,0,0,0,0,3,0,3,20,0,0,3,0,3,20,0,0,0,0,0,0,0,0,0,0,0,0,0,0
3044,Tamir Cohen,2671,"[2007, 2008, 2009, 2010]",Bolton Wanderers,22,17,5,1511,4,0,27,18,9,1443,2,0,49,35,14,2954,6,0,4,0,4,3,2,5,0,0,0,0,0,0
3045,Vladim√≠r Weiss,2672,[2009],Bolton Wanderers,7,2,5,198,0,0,6,1,5,188,0,0,13,3,10,386,0,0,0,0,0,0,0,0,0,0,0,0,0,0
3046,Vladim√≠r Weiss,2672,[2008],Manchester City,1,0,1,19,0,0,0,0,0,0,0,0,1,0,1,19,0,0,0,0,0,0,0,0,0,0,0,0,0,0
3047,Gary Caldwell,2673,"[2009, 2010, 2011, 2012]",Wigan Athletic,47,47,0,4059,3,0,52,52,0,4615,3,0,99,99,0,8674,6,0,0,3,3,3,3,6,0,0,0,0,0,0
3048,Benjamin Mendy,2674,"[2017, 2018, 2019]",Manchester City,20,17,3,1457,0,0,16,15,1,1301,0,0,36,32,4,2758,0,0,0,0,0,0,0,0,0,0,0,0,0,0
3049,Josh Brownhill,2675,[2019],Burnley FC,5,4,1,356,0,0,5,5,0,450,0,0,10,9,1,806,0,0,0,0,0,0,0,0,0,0,0,0,0,0
3050,Max Thompson,2676,[2019],Burnley FC,0,0,0,0,0,0,1,0,1,2,0,0,1,0,1,2,0,0,0,0,0,0,0,0,0,0,0,0,0,0
3051,Bailey Peacock-Farrell,2677,[2019],Burnley FC,0,0,0,0,0,0,0,0,0,0,0,0,0,0,0,0,0,0,0,0,0,0,0,0,0,0,0,0,0,0
3052,Lukas Jensen,2678,[2019],Burnley FC,0,0,0,0,0,0,0,0,0,0,0,0,0,0,0,0,0,0,0,0,0,0,0,0,0,0,0,0,0,0
3053,Jimmy Dunne,2679,[2019],Burnley FC,0,0,0,0,0,0,0,0,0,0,0,0,0,0,0,0,0,0,0,0,0,0,0,0,0,0,0,0,0,0
3054,Bobby Thomas,2680,[2019],Burnley FC,0,0,0,0,0,0,0,0,0,0,0,0,0,0,0,0,0,0,0,0,0,0,0,0,0,0,0,0,0,0
3055,Jacob Laursen,2681,[2001],Leicester City,6,6,0,540,0,0,3,3,0,270,0,0,9,9,0,810,0,0,0,0,0,0,0,0,0,0,0,0,0,0
3056,Muzzy Izzet,2682,"[2000, 2001, 2003]",Leicester City,46,45,1,3908,8,0,42,41,1,3574,5,0,88,86,2,7482,13,0,0,3,3,5,4,9,2,2,4,0,0,0
3057,Muzzy Izzet,2682,"[2004, 2005]",Birmingham City,14,10,4,856,0,0,12,10,2,933,1,0,26,20,6,1789,1,0,0,1,1,0,1,1,0,0,0,0,0,0
3058,Matthew Piper,2683,[2001],Leicester City,9,8,1,705,1,0,6,5,1,461,0,0,15,13,2,1166,1,0,3,0,3,1,0,1,0,0,0,0,0,0
3059,Matthew Piper,2683,[2002],Sunderland AFC,6,4,2,385,0,0,7,4,3,398,0,0,13,8,5,783,0,0,0,0,0,0,0,0,0,0,0,0,0,0
3060,Jorge Costa,2684,[2001],Charlton Athletic,10,10,0,900,0,0,11,9,2,864,0,0,21,19,2,1764,0,0,0,0,0,0,0,0,0,0,0,0,0,0
3061,Chris Bart-Williams,2685,"[2001, 2002]",Charlton Athletic,12,6,6,488,1,0,15,10,5,928,1,0,27,16,11,1416,2,0,3,0,3,1,1,2,0,1,1,0,0,0
3062,Steve Brown,2686,"[2000, 2001, 2002]",Charlton Athletic,18,13,5,1213,0,0,22,12,10,1369,2,0,40,25,15,2582,2,0,0,0,0,0,1,1,0,0,0,0,0,0
3063,Sander Westerveld,2687,"[2000, 2001]",Liverpool FC,19,19,0,1710,0,0,18,18,0,1620,0,0,37,37,0,3330,0,0,0,0,0,0,0,0,0,0,0,0,0,0
3064,Sander Westerveld,2687,[2005],Portsmouth FC,3,3,0,270,0,0,3,3,0,270,0,0,6,6,0,540,0,0,0,0,0,0,0,0,0,0,0,0,0,0
3065,Markus Babbel,2688,"[2000, 2001, 2002]",Liverpool FC,21,21,0,1788,2,0,19,19,0,1612,1,0,40,40,0,3400,3,0,3,0,3,1,1,2,0,0,0,0,0,0
3066,Markus Babbel,2688,[2003],Blackburn Rovers,12,11,1,933,3,0,12,11,1,1012,0,0,24,22,2,1945,3,0,1,0,1,3,0,3,0,0,0,0,0,0
3067,Patrik Berger,2689,"[2000, 2002]",Liverpool FC,9,6,3,483,1,0,6,5,1,444,1,0,15,11,4,927,2,0,0,0,0,0,0,0,1,0,1,0,0,0
3068,Patrik Berger,2689,"[2005, 2006, 2007]",Aston Villa,18,5,13,685,1,0,11,3,8,427,1,0,29,8,21,1112,2,0,0,0,0,0,1,1,0,0,0,0,0,0
3069,Patrik Berger,2689,[2001],West Ham United,1,1,0,90,0,0,0,0,0,0,0,0,1,1,0,90,0,0,0,0,0,0,0,0,0,0,0,0,0,0
3070,Patrik Berger,2689,"[2003, 2004]",Portsmouth FC,27,26,1,2162,6,0,24,23,1,1947,2,0,51,49,2,4109,8,0,3,0,3,3,2,5,0,0,0,0,0,0
3071,Dietmar Hamann,2690,"[2000, 2001, 2002, 2003, 2004, 2005]",Liverpool FC,82,72,10,6451,5,0,74,68,6,5983,2,0,156,140,16,12434,7,0,3,0,3,3,1,4,0,0,0,0,0,0
3072,Dietmar Hamann,2690,"[2006, 2007, 2008]",Manchester City,25,20,5,1716,0,0,28,22,6,1866,0,0,53,42,11,3582,0,0,0,0,0,0,0,0,0,0,0,0,0,0
3073,Robbie Fowler,2691,"[2000, 2001, 2005, 2006]",Liverpool FC,35,18,17,1725,9,0,31,19,12,1792,10,0,66,37,29,3517,19,0,3,4,7,3,7,10,2,1,3,0,0,0
3074,Robbie Fowler,2691,"[2002, 2003, 2004]",Manchester City,38,31,7,2581,9,0,32,26,6,2270,10,0,70,57,13,4851,19,0,5,3,8,6,10,16,1,1,2,0,0,0
3075,Robbie Fowler,2691,[2008],Blackburn Rovers,1,0,1,13,0,0,2,1,1,102,0,0,3,1,2,115,0,0,0,0,0,0,0,0,0,0,0,0,0,0
3076,Vladim√≠r ≈†micer,2692,"[2000, 2002, 2003, 2004]",Liverpool FC,44,26,18,2241,2,0,33,17,16,1724,3,0,77,43,34,3965,5,0,0,0,0,1,3,4,0,0,0,0,0,0
3077,Vladim√≠r ≈†micer,2692,[2001],West Ham United,1,1,0,75,0,0,0,0,0,0,0,0,1,1,0,75,0,0,0,0,0,0,0,0,0,0,0,0,0,0
3078,Gary McAllister,2693,[2000],Liverpool FC,14,10,4,982,2,0,15,10,5,914,3,0,29,20,9,1896,5,0,0,3,3,2,1,3,1,0,1,0,0,0
3079,Gary McAllister,2693,[2001],West Ham United,1,1,0,45,0,0,0,0,0,0,0,0,1,1,0,45,0,0,0,0,0,0,0,0,0,0,0,0,0,0
3080,David Batty,2694,"[2000, 2001, 2003]",Leeds United,26,21,5,1883,0,0,26,21,5,1887,0,0,52,42,10,3770,0,0,0,0,0,0,0,0,0,0,0,0,0,0
3081,Fabrice Fernandes,2695,"[2001, 2002, 2003, 2004]",Southampton FC,46,40,6,3465,3,0,39,31,8,2435,2,0,85,71,14,5900,5,0,1,1,2,2,2,4,0,0,0,0,0,0
3082,Fabrice Fernandes,2695,[2005],Bolton Wanderers,0,0,0,0,0,0,1,0,1,15,0,0,1,0,1,15,0,0,0,0,0,0,0,0,0,0,0,0,0,0
3083,Jo Tessem,2696,"[2000, 2001, 2002, 2003]",Southampton FC,42,22,20,2255,4,0,40,20,20,2139,4,0,82,42,40,4394,8,0,6,3,9,3,3,6,0,0,0,0,0,0
3084,Robbie Stockdale,2697,"[2001, 2002, 2003]",Middlesbrough FC,22,20,2,1776,0,0,20,17,3,1607,1,0,42,37,5,3383,1,0,0,0,0,0,0,0,0,0,0,0,0,0
3085,Carlos Marinelli,2698,"[2000, 2001, 2002, 2003]",Middlesbrough FC,20,10,10,991,2,0,21,8,13,874,1,0,41,18,23,1865,3,0,0,0,0,0,1,1,0,0,0,0,0,0
3086,Alen Bok≈°iƒá,2699,"[2000, 2001, 2002]",Middlesbrough FC,37,32,5,2834,9,0,30,26,4,2182,13,0,67,58,9,5016,22,0,1,7,8,4,9,13,2,2,4,0,0,0
3087,Aro Muriƒá,2700,[2018],Manchester City,0,0,0,0,0,0,0,0,0,0,0,0,0,0,0,0,0,0,0,0,0,0,0,0,0,0,0,0,0,0
3088,Guaita,2701,"[2018, 2019]",Crystal Palace,30,30,0,2655,0,0,25,25,0,2250,0,0,55,55,0,4905,0,0,0,0,0,0,0,0,0,0,0,0,0,0
3089,Aaron Wan-Bissaka,2702,"[2016, 2017, 2018]",Crystal Palace,22,22,0,1978,0,0,20,20,0,1800,0,0,42,42,0,3778,0,0,0,0,0,0,0,0,0,0,0,0,0,0
3090,Aaron Wan-Bissaka,2702,[2019],Manchester United,18,17,1,1574,0,0,17,17,0,1497,0,0,35,34,1,3071,0,0,0,0,0,0,0,0,0,0,0,0,0,0
3091,Alexander S√∏rloth,2703,"[2017, 2018]",Crystal Palace,10,2,8,301,0,0,6,2,4,232,0,0,16,4,12,533,0,0,0,0,0,0,0,0,0,0,0,0,0,0
3092,John Oster,2704,"[2006, 2007]",Reading FC,24,9,15,933,0,0,19,9,10,923,1,0,43,18,25,1856,1,0,0,0,0,0,0,0,0,0,0,0,0,0
3093,John Oster,2704,"[2000, 2002]",Sunderland AFC,5,2,3,205,0,0,6,1,5,168,0,0,11,3,8,373,0,0,0,0,0,0,0,0,0,0,0,0,0,0
3094,Morgan Gibbs-White,2705,"[2018, 2019]",Wolverhampton Wanderers,19,5,14,552,0,0,14,1,13,223,0,0,33,6,27,775,0,0,0,0,0,0,0,0,0,0,0,0,0,0
3095,Florin Andone,2706,"[2018, 2019]",Brighton & Hove Albion,14,4,10,521,2,0,12,5,7,485,2,0,26,9,17,1006,4,0,3,3,6,1,1,2,0,0,0,0,0,0
3096,Wilfred Bouma,2707,"[2005, 2006, 2007]",Aston Villa,40,40,0,3385,1,0,43,41,2,3601,0,0,83,81,2,6986,1,0,0,0,0,1,0,1,0,0,0,0,0,0
3097,Isaiah Osbourne,2708,"[2006, 2007, 2010]",Aston Villa,6,1,5,185,0,0,13,6,7,625,0,0,19,7,12,810,0,0,0,0,0,0,0,0,0,0,0,0,0,0
3098,Hil√°rio,2709,"[2006, 2007, 2008, 2009, 2010, 2011, 2012, 2013]",Chelsea FC,12,12,0,1080,0,0,8,6,2,605,0,0,20,18,2,1685,0,0,0,0,0,0,0,0,0,0,0,0,0,0
3099,Khalid Boulahrouz,2710,[2006],Chelsea FC,6,4,2,386,0,0,7,6,1,499,0,0,13,10,3,885,0,0,0,0,0,0,0,0,0,0,0,0,0,0
3100,Sylvain Marveaux,2711,"[2011, 2012, 2013, 2015]",Newcastle United,22,8,14,796,0,0,16,5,11,557,1,0,38,13,25,1353,1,0,0,0,0,0,1,1,0,0,0,0,0,0
3101,Emre Bel√∂zoƒülu,2712,"[2005, 2006, 2007]",Newcastle United,30,24,6,2015,4,0,27,21,6,1947,1,0,57,45,12,3962,5,0,9,0,9,4,0,4,0,1,1,0,0,0
3102,Luque,2713,"[2005, 2006]",Newcastle United,11,4,7,369,0,0,9,2,7,343,1,0,20,6,14,712,1,0,0,0,0,0,0,0,0,0,0,0,0,0
3103,Emmanuel Emenike,2714,[2015],West Ham United,6,3,3,252,0,0,7,2,5,256,0,0,13,5,8,508,0,0,0,0,0,0,0,0,0,0,0,0,0,0
3104,Enner Valencia,2715,"[2014, 2015]",West Ham United,26,16,10,1456,3,0,25,19,6,1679,5,0,51,35,16,3135,8,0,0,0,0,2,2,4,0,0,0,0,0,0
3105,Enner Valencia,2715,[2016],Everton FC,11,3,8,427,2,0,10,2,8,279,1,0,21,5,16,706,3,0,0,0,0,1,0,1,0,0,0,0,0,0
3106,Matt Elliott,2716,"[2000, 2001, 2003]",Leicester City,38,35,3,3180,2,0,33,32,1,2919,0,0,71,67,4,6099,2,0,0,0,0,1,0,1,0,0,0,0,0,0
3107,Matteo Sereni,2717,[2001],Ipswich Town,12,12,0,1080,0,0,13,13,0,1170,0,0,25,25,0,2250,0,0,0,0,0,0,0,0,0,0,0,0,0,0
3108,John McGreal,2718,"[2000, 2001]",Ipswich Town,25,23,2,2107,1,0,28,27,1,2362,1,0,53,50,3,4469,2,0,3,0,3,1,1,2,0,0,0,0,0,0
3109,Jim Magilton,2719,"[2000, 2001]",Ipswich Town,28,23,5,2056,0,0,27,23,4,2056,1,0,55,46,9,4112,1,0,0,0,0,0,0,0,0,1,1,0,0,0
3110,Jermaine Wright,2720,"[2000, 2001]",Ipswich Town,34,29,5,2506,1,0,30,28,2,2330,2,0,64,57,7,4836,3,0,0,4,4,0,2,2,0,0,0,0,0,0
3111,Martijn Reuser,2721,"[2000, 2001]",Ipswich Town,28,18,10,1617,4,0,21,13,8,1262,3,0,49,31,18,2879,7,0,3,3,6,4,2,6,0,0,0,0,0,0
3112,Marcus Stewart,2722,"[2000, 2001]",Ipswich Town,29,24,5,2119,9,0,31,27,4,2431,16,0,60,51,9,4550,25,0,4,4,8,7,9,16,1,2,3,0,0,0
3113,Marcus Stewart,2722,[2002],Sunderland AFC,12,5,7,500,1,0,7,4,3,344,0,0,19,9,10,844,1,0,0,0,0,0,0,0,0,0,0,0,0,0
3114,Finidi George,2723,[2001],Ipswich Town,13,11,2,900,4,0,12,10,2,694,2,0,25,21,4,1594,6,0,0,0,0,1,2,3,0,0,0,0,0,0
3115,Keith Branagan,2724,"[2000, 2001]",Ipswich Town,2,2,0,180,0,0,1,0,1,29,0,0,3,2,1,209,0,0,0,0,0,0,0,0,0,0,0,0,0,0
3116,Alun Armstrong,2725,"[2000, 2001]",Ipswich Town,27,19,8,1652,7,0,25,17,8,1446,4,0,52,36,16,3098,11,0,1,6,7,4,4,8,0,0,0,0,0,0
3117,Michael Richardson,2726,[2010],Newcastle United,0,0,0,0,0,0,0,0,0,0,0,0,0,0,0,0,0,0,0,0,0,0,0,0,0,0,0,0,0,0
3118,Riga Mustapha,2727,"[2008, 2009]",Bolton Wanderers,9,1,8,230,0,0,8,0,8,149,0,0,17,1,16,379,0,0,0,0,0,0,0,0,0,0,0,0,0,0
3119,Ebi Smolarek,2728,[2008],Bolton Wanderers,5,1,4,113,0,0,7,0,7,106,0,0,12,1,11,219,0,0,0,0,0,0,0,0,0,0,0,0,0,0
3120,Gabriel Tama≈ü,2729,"[2010, 2011, 2012]",West Bromwich Albion,22,18,4,1662,0,0,23,18,5,1675,0,0,45,36,9,3337,0,0,0,0,0,0,0,0,0,0,0,0,0,0
3121,Thibaut Courtois,2730,"[2014, 2015, 2016, 2017]",Chelsea FC,63,63,0,5604,0,0,63,63,0,5670,0,0,126,126,0,11274,0,0,0,0,0,0,0,0,0,0,0,0,0,0
3122,Diego Costa,2731,"[2014, 2015, 2016]",Chelsea FC,45,42,3,3745,30,0,44,44,0,3839,22,0,89,86,3,7584,52,0,11,16,27,17,12,29,1,0,1,0,0,0
3123,Michy Batshuayi,2732,"[2016, 2017, 2019]",Chelsea FC,23,3,20,454,5,0,25,2,23,363,3,0,48,5,43,817,8,0,0,3,3,1,2,3,0,0,0,0,0,0
3124,Michy Batshuayi,2732,[2018],Crystal Palace,6,4,2,368,2,0,5,5,0,388,3,0,11,9,2,756,5,0,0,0,0,1,2,3,0,0,0,0,0,0
3125,Omar Elabdellaoui,2733,[2016],Hull City,4,4,0,352,0,0,4,3,1,264,0,0,8,7,1,616,0,0,0,0,0,0,0,0,0,0,0,0,0,0
3126,Sam Clucas,2734,[2016],Hull City,18,17,1,1543,2,0,19,19,0,1647,1,0,37,36,1,3190,3,0,0,0,0,0,1,1,0,0,0,0,0,0
3127,Sam Clucas,2734,[2017],Swansea City,13,11,2,963,2,0,16,12,4,1082,1,0,29,23,6,2045,3,0,0,0,0,1,1,2,0,0,0,0,0,0
3128,Evandro,2735,[2016],Hull City,5,2,3,165,0,0,6,5,1,412,0,0,11,7,4,577,0,0,0,0,0,0,0,0,0,0,0,0,0,0
3129,Adama Diomand√©,2736,[2016],Hull City,10,7,3,628,2,0,12,6,6,540,0,0,22,13,9,1168,2,0,0,0,0,2,0,2,0,0,0,0,0,0
3130,David Marshall,2737,[2016],Hull City,8,8,0,720,0,0,8,8,0,720,0,0,16,16,0,1440,0,0,0,0,0,0,0,0,0,0,0,0,0,0
3131,David Marshall,2737,[2013],Cardiff City,19,19,0,1710,0,0,18,18,0,1620,0,0,37,37,0,3330,0,0,0,0,0,0,0,0,0,0,0,0,0,0
3132,Shaun Maloney,2738,[2016],Hull City,4,1,3,147,0,0,5,1,4,131,1,0,9,2,7,278,1,0,0,0,0,0,1,1,0,0,0,0,0,0
3133,Shaun Maloney,2738,"[2006, 2007]",Aston Villa,14,5,9,573,1,0,16,11,5,872,4,0,30,16,14,1445,5,0,3,1,4,1,2,3,0,0,0,0,0,0
3134,Shaun Maloney,2738,"[2011, 2012]",Wigan Athletic,24,22,2,1867,4,0,25,20,5,1850,5,0,49,42,7,3717,9,0,4,1,5,3,4,7,1,1,2,0,0,0
3135,Jarrod Bowen,2739,[2016],Hull City,1,1,0,72,0,0,6,0,6,105,0,0,7,1,6,177,0,0,0,0,0,0,0,0,0,0,0,0,0,0
3136,Jarrod Bowen,2739,[2019],West Ham United,6,6,0,463,1,0,7,5,2,459,0,0,13,11,2,922,1,0,0,0,0,1,0,1,0,0,0,0,0,0
3137,David Brooks,2740,"[2018, 2019]",AFC Bournemouth,22,22,0,1605,4,0,17,15,2,1187,4,0,39,37,2,2792,8,0,0,0,0,2,1,3,0,0,0,0,0,0
3138,Jefferson Lerma,2741,"[2018, 2019]",AFC Bournemouth,33,31,2,2762,1,0,30,29,1,2496,2,0,63,60,3,5258,3,0,0,0,0,1,0,1,0,0,0,0,0,0
3139,Kieran Dowell,2742,"[2015, 2018]",Everton FC,2,1,1,72,0,0,0,0,0,0,0,0,2,1,1,72,0,0,0,0,0,0,0,0,0,0,0,0,0,0
3140,Josip Skoko,2743,"[2005, 2006, 2007]",Wigan Athletic,19,16,3,1360,0,0,26,18,8,1645,0,0,45,34,11,3005,0,0,0,0,0,0,0,0,0,0,0,0,0,0
3141,Arbeloa,2744,"[2006, 2007, 2008]",Liverpool FC,35,34,1,2973,1,0,31,29,2,2584,1,0,66,63,3,5557,2,0,0,0,0,0,1,1,0,0,0,0,0,0
3142,Arbeloa,2744,[2016],West Ham United,3,1,2,256,0,0,0,0,0,0,0,0,3,1,2,256,0,0,0,0,0,0,0,0,0,0,0,0,0,0
3143,Mohamed Sissoko,2745,"[2005, 2006, 2007]",Liverpool FC,18,12,6,1128,0,0,33,30,3,2633,1,0,51,42,9,3761,1,0,0,0,0,0,1,1,0,0,0,0,0,0
3144,Andriy Voronin,2746,"[2007, 2009]",Liverpool FC,11,4,7,385,3,0,16,10,6,936,2,0,27,14,13,1321,5,0,0,0,0,1,1,2,0,0,0,0,0,0
3145,Dennis Rommedahl,2747,"[2004, 2005, 2006]",Charlton Athletic,37,29,8,2435,0,0,37,27,10,2300,4,0,74,56,18,4735,4,0,0,7,7,0,4,4,0,0,0,0,0,0
3146,Marko Marin,2748,[2012],Chelsea FC,4,1,3,71,1,0,2,1,1,72,0,0,6,2,4,143,1,0,0,0,0,0,0,0,0,0,0,0,0,0
3147,Thomas Vermaelen,2749,"[2009, 2010, 2011, 2012, 2013]",Arsenal FC,56,52,4,4628,9,0,54,46,8,4164,4,0,110,98,12,8792,13,0,4,3,7,5,1,6,0,0,0,0,0,0
3148,Andrey Arshavin,2750,"[2008, 2009, 2010, 2011, 2012]",Arsenal FC,52,34,18,3143,10,0,52,35,17,3023,13,0,104,69,35,6166,23,0,3,6,9,5,10,15,1,0,1,0,0,0
3149,Andr√© Santos,2751,"[2011, 2012]",Arsenal FC,12,5,7,648,0,0,11,8,3,759,2,0,23,13,10,1407,2,0,0,0,0,0,2,2,0,0,0,0,0,0
3150,Carl Jenkinson,2752,"[2011, 2012, 2013, 2016, 2018]",Arsenal FC,19,13,6,1271,0,0,21,15,6,1410,1,0,40,28,12,2681,1,0,0,0,0,0,0,0,0,0,0,0,0,0
3151,Carl Jenkinson,2752,"[2014, 2015]",West Ham United,26,23,3,2063,0,0,26,19,7,1840,2,0,52,42,10,3903,2,0,0,0,0,0,1,1,0,0,0,0,0,0
3152,Emmanuel Frimpong,2753,"[2011, 2012, 2013]",Arsenal FC,4,2,2,166,0,0,2,1,1,71,0,0,6,3,3,237,0,0,0,0,0,0,0,0,0,0,0,0,0,0
3153,Marko Grujiƒá,2754,"[2016, 2017]",Liverpool FC,4,0,4,31,0,0,4,0,4,21,0,0,8,0,8,52,0,0,0,0,0,0,0,0,0,0,0,0,0,0
3154,Eric Bailly,2755,"[2016, 2017, 2018, 2019]",Manchester United,26,22,4,1931,0,0,29,22,7,1927,1,0,55,44,11,3858,1,0,0,0,0,0,1,1,0,0,0,0,0,0
3155,Danny Pugh,2756,"[2008, 2009, 2010, 2011]",Stoke City,17,7,10,740,1,0,20,8,12,995,0,0,37,15,22,1735,1,0,0,0,0,1,0,1,0,0,0,0,0,0
3156,Danny Pugh,2756,[2002],Manchester United,1,0,1,5,0,0,0,0,0,0,0,0,1,0,1,5,0,0,0,0,0,0,0,0,0,0,0,0,0,0
3157,Marco van Ginkel,2757,[2015],Stoke City,9,4,5,422,0,0,8,4,4,329,0,0,17,8,9,751,0,0,0,0,0,0,0,0,0,0,0,0,0,0
3158,Marco van Ginkel,2757,[2013],Chelsea FC,2,0,2,12,0,0,0,0,0,0,0,0,2,0,2,12,0,0,0,0,0,0,0,0,0,0,0,0,0,0
3159,Cameron Humphreys,2758,[2015],Manchester City,0,0,0,0,0,0,0,0,0,0,0,0,0,0,0,0,0,0,0,0,0,0,0,0,0,0,0,0,0,0
3160,Manu Garc√≠a,2759,[2015],Manchester City,1,0,1,10,0,0,0,0,0,0,0,0,1,0,1,10,0,0,0,0,0,0,0,0,0,0,0,0,0,0
3161,Jordan Spence,2760,"[2009, 2010, 2012]",West Ham United,6,1,5,114,0,0,1,1,0,90,0,0,7,2,5,204,0,0,0,0,0,0,0,0,0,0,0,0,0,0
3162,Raphael Spiegel,2761,"[2012, 2015, 2016]",West Ham United,0,0,0,0,0,0,0,0,0,0,0,0,0,0,0,0,0,0,0,0,0,0,0,0,0,0,0,0,0,0
3163,Leo Chambers,2762,"[2012, 2013]",West Ham United,0,0,0,0,0,0,0,0,0,0,0,0,0,0,0,0,0,0,0,0,0,0,0,0,0,0,0,0,0,0
3164,Modibo Ma√Øga,2763,"[2012, 2013, 2015]",West Ham United,18,6,12,704,4,0,16,7,9,735,0,0,34,13,21,1439,4,0,0,0,0,1,0,1,0,0,0,0,0,0
3165,Robert Hall,2764,[2012],West Ham United,1,0,1,12,0,0,0,0,0,0,0,0,1,0,1,12,0,0,0,0,0,0,0,0,0,0,0,0,0,0
3166,Alpay √ñzalan,2765,"[2000, 2001, 2002, 2003]",Aston Villa,30,29,1,2499,1,0,25,24,1,2167,0,0,55,53,2,4666,1,0,0,0,0,1,0,1,0,0,0,0,0,0
3167,Alan Wright,2766,"[2000, 2001, 2002]",Aston Villa,35,33,2,2958,1,0,30,30,0,2600,0,0,65,63,2,5558,1,0,0,0,0,0,0,0,0,0,0,0,0,0
3168,Alan Wright,2766,[2003],Middlesbrough FC,1,1,0,90,0,0,1,1,0,90,0,0,2,2,0,180,0,0,0,0,0,0,0,0,0,0,0,0,0,0
3169,Alan Wright,2766,[2006],Sheffield United,0,0,0,0,0,0,1,1,0,90,0,0,1,1,0,90,0,0,0,0,0,0,0,0,0,0,0,0,0,0
3170,Ian Taylor,2767,"[2000, 2001, 2002]",Aston Villa,28,19,9,1881,5,0,28,21,7,2007,2,0,56,40,16,3888,7,0,3,0,3,3,2,5,0,0,0,0,0,0
3171,Dion Dublin,2768,"[2000, 2001, 2002, 2003]",Aston Villa,51,32,19,3050,13,0,47,36,11,3372,12,0,98,68,30,6422,25,0,9,2,11,9,8,17,1,1,2,0,0,0
3172,Paul Merson,2769,"[2000, 2001]",Aston Villa,31,29,2,2567,5,0,24,23,1,2039,3,0,55,52,3,4606,8,0,3,3,6,3,3,6,0,0,0,0,0,0
3173,Julian Joachim,2770,[2000],Aston Villa,11,7,4,718,4,0,8,3,5,379,3,0,19,10,9,1097,7,0,3,0,3,3,2,5,0,0,0,0,0,0
3174,Max Gradel,2771,"[2015, 2016]",AFC Bournemouth,14,6,8,552,1,0,11,5,6,472,0,0,25,11,14,1024,1,0,0,0,0,1,0,1,0,0,0,0,0,0
3175,Tyrone Mings,2772,"[2015, 2016, 2017, 2018]",AFC Bournemouth,8,2,6,301,0,0,9,8,1,594,0,0,17,10,7,895,0,0,0,0,0,0,0,0,0,0,0,0,0,0
3176,Tyrone Mings,2772,[2019],Aston Villa,16,16,0,1373,1,0,17,17,0,1530,1,0,33,33,0,2903,2,0,3,1,4,1,1,2,0,0,0,0,0,0
3177,Vincent Janssen,2773,"[2016, 2017, 2018]",Tottenham Hotspur,15,4,11,421,2,0,16,3,13,448,0,0,31,7,24,869,2,0,0,0,0,1,0,1,1,0,1,0,0,0
3178,Ji≈ô√≠ Jaro≈°√≠k,2774,[2005],Birmingham City,12,10,2,905,2,0,12,9,3,755,3,0,24,19,5,1660,5,0,3,1,4,2,2,4,0,0,0,0,0,0
3179,Ji≈ô√≠ Jaro≈°√≠k,2774,[2004],Chelsea FC,5,1,4,160,0,0,8,2,6,276,0,0,13,3,10,436,0,0,0,0,0,0,0,0,0,0,0,0,0,0
3180,Marcos Painter,2775,[2005],Birmingham City,2,1,1,96,0,0,2,1,1,109,0,0,4,2,2,205,0,0,0,0,0,0,0,0,0,0,0,0,0,0
3181,Neil Kilkenny,2776,[2005],Birmingham City,9,1,8,248,0,0,9,5,4,427,0,0,18,6,12,675,0,0,0,0,0,0,0,0,0,0,0,0,0,0
3182,Sullay Kaikai,2777,"[2015, 2016, 2017, 2018]",Crystal Palace,0,0,0,0,0,0,3,0,3,80,0,0,3,0,3,80,0,0,0,0,0,0,0,0,0,0,0,0,0,0
3183,Tosin Adarabioyo,2778,"[2016, 2017]",Manchester City,0,0,0,0,0,0,0,0,0,0,0,0,0,0,0,0,0,0,0,0,0,0,0,0,0,0,0,0,0,0
3184,Zoumana Camara,2779,[2003],Leeds United,7,7,0,630,0,0,6,6,0,540,1,0,13,13,0,1170,1,0,0,0,0,0,1,1,0,0,0,0,0,0
3185,Simon Johnson,2780,"[2002, 2003]",Leeds United,5,3,2,266,0,0,5,0,5,54,0,0,10,3,7,320,0,0,0,0,0,0,0,0,0,0,0,0,0,0
3186,Lamine Sakho,2781,[2003],Leeds United,8,5,3,435,0,0,9,4,5,347,1,0,17,9,8,782,1,0,0,0,0,0,1,1,0,0,0,0,0,0
3187,Quinton Fortune,2782,"[2000, 2001, 2002, 2003, 2004]",Manchester United,37,26,11,2478,3,0,32,22,10,1835,0,0,69,48,21,4313,3,0,0,0,0,0,0,0,0,0,0,0,0,0
3188,Quinton Fortune,2782,[2006],Bolton Wanderers,4,4,0,313,0,0,2,1,1,110,0,0,6,5,1,423,0,0,0,0,0,0,0,0,0,0,0,0,0,0
3189,Diego Forl√°n,2783,"[2001, 2002, 2003, 2004]",Manchester United,31,14,17,1423,8,0,32,9,23,1067,2,0,63,23,40,2490,10,0,7,0,7,6,1,7,0,0,0,0,0,0
3190,Markus Henriksen,2784,[2016],Hull City,7,3,4,279,0,0,8,3,5,355,0,0,15,6,9,634,0,0,0,0,0,0,0,0,0,0,0,0,0,0
3191,James Weir,2785,[2016],Hull City,0,0,0,0,0,0,0,0,0,0,0,0,0,0,0,0,0,0,0,0,0,0,0,0,0,0,0,0,0,0
3192,James Weir,2785,[2015],Manchester United,1,0,1,1,0,0,0,0,0,0,0,0,1,0,1,1,0,0,0,0,0,0,0,0,0,0,0,0,0,0
3193,Michael Phillips,2786,[2016],Crystal Palace,0,0,0,0,0,0,0,0,0,0,0,0,0,0,0,0,0,0,0,0,0,0,0,0,0,0,0,0,0,0
3194,Simone Zaza,2787,[2016],West Ham United,4,3,1,280,0,0,4,2,2,180,0,0,8,5,3,460,0,0,0,0,0,0,0,0,0,0,0,0,0,0
3195,Sofiane F√©ghouli,2788,[2016],West Ham United,10,5,5,524,2,0,11,6,5,589,1,0,21,11,10,1113,3,0,0,0,0,2,1,3,0,0,0,0,0,0
3196,Reece Oxford,2789,"[2014, 2015, 2016, 2017]",West Ham United,3,1,2,74,0,0,5,2,3,141,0,0,8,3,5,215,0,0,0,0,0,0,0,0,0,0,0,0,0,0
3197,Jake Hesketh,2790,"[2014, 2016]",Southampton FC,1,0,1,20,0,0,1,1,0,32,0,0,2,1,1,52,0,0,0,0,0,0,0,0,0,0,0,0,0,0
3198,Christophe Dugarry,2791,"[2002, 2003]",Birmingham City,16,15,1,1233,5,0,14,13,1,1066,1,0,30,28,2,2299,6,0,3,0,3,3,1,4,0,0,0,0,0,0
3199,Gary Doherty,2792,"[2000, 2001, 2002, 2003]",Tottenham Hotspur,28,21,7,2161,2,0,30,21,9,2065,2,0,58,42,16,4226,4,0,0,3,3,2,2,4,0,0,0,0,0,0
3200,Gary Doherty,2792,[2004],Norwich City,9,8,1,718,1,0,11,9,2,782,1,0,20,17,3,1500,2,0,0,1,1,1,1,2,0,0,0,0,0,0
3201,H√©lder Postiga,2793,[2003],Tottenham Hotspur,11,4,7,472,1,0,8,5,3,427,0,0,19,9,10,899,1,0,0,0,0,0,0,0,0,0,0,0,0,0
3202,Steve Watson,2794,"[2000, 2001, 2002, 2003, 2004]",Everton FC,63,57,6,5007,7,0,58,45,13,4015,7,0,121,102,19,9022,14,0,0,3,3,2,5,7,0,0,0,0,0,0
3203,Steve Watson,2794,[2005],West Bromwich Albion,16,15,1,1248,1,0,13,12,1,974,0,0,29,27,2,2222,1,0,0,0,0,1,0,1,0,0,0,0,0,0
3204,Alan Stubbs,2795,"[2001, 2002, 2003, 2004, 2005, 2006, 2007]",Everton FC,89,84,5,7325,3,0,75,71,4,6270,3,0,164,155,9,13595,6,0,0,0,0,3,1,4,0,0,0,0,0,0
3205,Thomas Gravesen,2796,"[2000, 2001, 2002, 2003, 2004, 2007]",Everton FC,76,68,8,5976,7,0,68,59,9,5291,4,0,144,127,17,11267,11,0,0,3,3,2,4,6,0,2,2,0,0,0
3206,Tobias Linderoth,2797,"[2001, 2002, 2003]",Everton FC,18,12,6,1183,0,0,19,14,5,1210,0,0,37,26,11,2393,0,0,0,0,0,0,0,0,0,0,0,0,0,0
3207,Roque Junior,2798,[2003],Leeds United,2,2,0,180,0,0,3,3,0,242,0,0,5,5,0,422,0,0,0,0,0,0,0,0,0,0,0,0,0,0
3208,Dean Richards,2799,"[2001, 2002, 2003]",Tottenham Hotspur,37,37,0,3270,2,0,36,36,0,3189,2,0,73,73,0,6459,4,0,3,0,3,2,2,4,0,0,0,0,0,0
3209,Dean Richards,2799,[2000],Southampton FC,15,15,0,1324,0,0,12,12,0,1080,1,0,27,27,0,2404,1,0,0,1,1,0,1,1,0,0,0,0,0,0
3210,Joshua Onomah,2800,"[2014, 2015, 2016]",Tottenham Hotspur,10,0,10,48,0,0,3,0,3,47,0,0,13,0,13,95,0,0,0,0,0,0,0,0,0,0,0,0,0,0
3211,Georges-K√©vin N'Koudou,2801,"[2016, 2018, 2019]",Tottenham Hotspur,4,0,4,14,0,0,6,0,6,41,0,0,10,0,10,55,0,0,0,0,0,0,0,0,0,0,0,0,0,0
3212,Georges-K√©vin N'Koudou,2801,[2017],Burnley FC,2,0,2,27,0,0,6,2,4,197,0,0,8,2,6,224,0,0,0,0,0,0,0,0,0,0,0,0,0,0
3213,Noor Husin,2802,[2016],Crystal Palace,0,0,0,0,0,0,0,0,0,0,0,0,0,0,0,0,0,0,0,0,0,0,0,0,0,0,0,0,0,0
3214,Bastian Schweinsteiger,2803,"[2015, 2016]",Manchester United,9,7,2,619,0,0,9,6,3,583,1,0,18,13,5,1202,1,0,0,1,1,0,1,1,0,0,0,0,0,0
3215,Taye Ta√Øwo,2804,[2011],Queens Park Rangers,7,6,1,566,0,0,8,7,1,627,1,0,15,13,2,1193,1,0,0,0,0,0,0,0,0,0,0,0,0,0
3216,Radek ƒåern√Ω,2805,[2011],Queens Park Rangers,2,2,0,180,0,0,3,3,0,270,0,0,5,5,0,450,0,0,0,0,0,0,0,0,0,0,0,0,0,0
3217,Radek ƒåern√Ω,2805,"[2004, 2007]",Tottenham Hotspur,8,7,1,656,0,0,8,8,0,720,0,0,16,15,1,1376,0,0,0,0,0,0,0,0,0,0,0,0,0,0
3218,Steven Caulker,2806,[2011],Swansea City,13,13,0,1170,0,0,13,13,0,1170,0,0,26,26,0,2340,0,0,0,0,0,0,0,0,0,0,0,0,0,0
3219,Steven Caulker,2806,[2012],Tottenham Hotspur,10,9,1,854,1,0,8,8,0,720,1,0,18,17,1,1574,2,0,0,0,0,1,1,2,0,0,0,0,0,0
3220,Steven Caulker,2806,[2014],Queens Park Rangers,19,18,1,1620,1,0,16,16,0,1396,0,0,35,34,1,3016,1,0,0,0,0,1,0,1,0,0,0,0,0,0
3221,Steven Caulker,2806,[2013],Cardiff City,19,19,0,1710,3,0,19,19,0,1710,2,0,38,38,0,3420,5,0,3,0,3,3,2,5,0,0,0,0,0,0
3222,Steven Caulker,2806,[2015],Southampton FC,0,0,0,0,0,0,3,1,2,145,0,0,3,1,2,145,0,0,0,0,0,0,0,0,0,0,0,0,0,0
3223,Alan Tate,2807,"[2011, 2012]",Swansea City,2,1,1,72,0,0,6,2,4,253,0,0,8,3,5,325,0,0,0,0,0,0,0,0,0,0,0,0,0,0
3224,Garry Monk,2808,"[2011, 2012]",Swansea City,14,11,3,1017,0,0,13,13,0,1170,0,0,27,24,3,2187,0,0,0,0,0,0,0,0,0,0,0,0,0,0
3225,Garry Monk,2808,"[2000, 2001]",Southampton FC,4,3,1,278,0,0,0,0,0,0,0,0,4,3,1,278,0,0,0,0,0,0,0,0,0,0,0,0,0,0
3226,Garry Monk,2808,[2002],Charlton Athletic,1,1,0,66,0,0,0,0,0,0,0,0,1,1,0,66,0,0,0,0,0,0,0,0,0,0,0,0,0,0
3227,Josh McEachran,2809,[2011],Swansea City,2,1,1,82,0,0,2,0,2,43,0,0,4,1,3,125,0,0,0,0,0,0,0,0,0,0,0,0,0,0
3228,Josh McEachran,2809,[2010],Chelsea FC,4,1,3,103,0,0,5,0,5,69,0,0,9,1,8,172,0,0,0,0,0,0,0,0,0,0,0,0,0,0
3229,Mark Gower,2810,"[2011, 2012]",Swansea City,10,7,3,638,0,0,11,7,4,499,0,0,21,14,7,1137,0,0,0,0,0,0,0,0,0,0,0,0,0,0
3230,Nadir Belhadj,2811,"[2008, 2009]",Portsmouth FC,26,19,7,1839,3,0,22,18,4,1576,2,0,48,37,11,3415,5,0,0,0,0,2,1,3,0,0,0,0,0,0
3231,Richard Hughes,2812,"[2003, 2004, 2005, 2006, 2007, 2008, 2009]",Portsmouth FC,56,44,12,3826,0,0,57,42,15,3707,0,0,113,86,27,7533,0,0,0,0,0,0,0,0,0,0,0,0,0,0
3232,John Utaka,2813,"[2007, 2008, 2009]",Portsmouth FC,31,18,13,1674,3,0,33,20,13,2015,4,0,64,38,26,3689,7,0,0,0,0,3,1,4,0,0,0,0,0,0
3233,Dean Windass,2814,[2008],Hull City,2,0,2,40,0,0,3,1,2,77,0,0,5,1,4,117,0,0,0,0,0,0,0,0,0,0,0,0,0,0
3234,Dean Windass,2814,[2000],Bradford City,10,9,1,812,2,0,12,11,1,998,1,0,22,20,2,1810,3,0,0,0,0,1,1,2,0,0,0,0,0,0
3235,Dean Windass,2814,"[2001, 2002]",Middlesbrough FC,15,6,9,571,1,0,13,2,11,239,0,0,28,8,20,810,1,0,1,0,1,1,0,1,0,0,0,0,0,0
3236,Lewis Holtby,2815,"[2012, 2014]",Tottenham Hotspur,4,2,2,242,0,0,8,2,6,293,0,0,12,4,8,535,0,0,0,0,0,0,0,0,0,0,0,0,0,0
3237,Lewis Holtby,2815,[2013],Fulham FC,7,6,1,493,0,0,6,5,1,429,1,0,13,11,2,922,1,0,0,0,0,0,1,1,0,0,0,0,0,0
3238,Tom Carroll,2816,"[2011, 2012, 2013, 2015]",Tottenham Hotspur,12,2,10,246,1,0,14,2,12,333,0,0,26,4,22,579,1,0,0,0,0,0,0,0,0,0,0,0,0,0
3239,Tom Carroll,2816,"[2014, 2016, 2017]",Swansea City,34,25,9,2290,1,0,33,27,6,2361,0,0,67,52,15,4651,1,0,0,0,0,0,0,0,0,0,0,0,0,0
3240,Ola Toivonen,2817,[2015],Sunderland AFC,7,5,2,351,0,0,5,4,1,312,0,0,12,9,3,663,0,0,0,0,0,0,0,0,0,0,0,0,0,0
3241,Yann M'Vila,2818,[2015],Sunderland AFC,19,19,0,1688,0,0,18,17,1,1501,1,0,37,36,1,3189,1,0,0,0,0,0,1,1,0,0,0,0,0,0
3242,Jeremain Lens,2819,"[2015, 2016]",Sunderland AFC,11,7,4,696,1,0,11,7,4,698,2,0,22,14,8,1394,3,0,0,1,1,0,2,2,0,0,0,0,0,0
3243,Duncan Watmore,2820,"[2014, 2015, 2016]",Sunderland AFC,19,9,10,1043,2,0,18,9,9,892,1,0,37,18,19,1935,3,0,0,0,0,0,0,0,0,0,0,0,0,0
3244,Florian Thauvin,2821,[2015],Newcastle United,6,2,4,275,0,0,7,1,6,145,0,0,13,3,10,420,0,0,0,0,0,0,0,0,0,0,0,0,0,0
3245,Paul Gerrard,2822,"[2000, 2001, 2002]",Everton FC,25,25,0,2249,0,0,21,21,0,1890,0,0,46,46,0,4139,0,0,0,0,0,0,0,0,0,0,0,0,0,0
3246,Paul Gerrard,2822,[2006],Sheffield United,1,1,0,90,0,0,1,1,0,90,0,0,2,2,0,180,0,0,0,0,0,0,0,0,0,0,0,0,0,0
3247,Michael Ball,2823,[2000],Everton FC,14,14,0,1260,3,0,14,14,0,1224,0,0,28,28,0,2484,3,0,1,0,1,3,0,3,2,0,2,0,0,0
3248,Michael Ball,2823,"[2006, 2007, 2008]",Manchester City,26,20,6,1866,0,0,21,18,3,1701,0,0,47,38,9,3567,0,0,0,0,0,0,0,0,0,0,0,0,0,0
3249,Abel Xavier,2824,"[2000, 2001]",Everton FC,10,9,1,679,0,0,13,12,1,1105,0,0,23,21,2,1784,0,0,0,0,0,0,0,0,0,0,0,0,0,0
3250,Abel Xavier,2824,"[2005, 2006]",Middlesbrough FC,10,10,0,898,1,0,8,8,0,720,0,0,18,18,0,1618,1,0,0,0,0,0,0,0,0,0,0,0,0,0
3251,Abel Xavier,2824,[2002],Liverpool FC,2,2,0,180,0,0,2,2,0,180,0,0,4,4,0,360,0,0,0,0,0,0,0,0,0,0,0,0,0,0
3252,Alex Nyarko,2825,[2000],Everton FC,8,7,1,600,0,0,13,11,2,975,1,0,21,18,3,1575,1,0,0,0,0,0,0,0,0,0,0,0,0,0
3253,Alex Nyarko,2825,[2003],Leeds United,1,0,1,35,0,0,0,0,0,0,0,0,1,0,1,35,0,0,0,0,0,0,0,0,0,0,0,0,0,0
3254,Paul Gascoigne,2826,"[2000, 2001]",Everton FC,18,8,10,787,0,0,14,10,4,980,1,0,32,18,14,1767,1,0,0,0,0,0,1,1,0,0,0,0,0,0
3255,Joe-Max Moore,2827,"[2000, 2001]",Everton FC,17,6,11,768,1,0,20,5,15,727,1,0,37,11,26,1495,2,0,3,0,3,1,0,1,0,0,0,0,0,0
3256,Matt Butcher,2828,"[2015, 2017, 2018]",AFC Bournemouth,0,0,0,0,0,0,0,0,0,0,0,0,0,0,0,0,0,0,0,0,0,0,0,0,0,0,0,0,0,0
3257,Phil Gilchrist,2829,[2000],Leicester City,5,2,3,246,0,0,6,4,2,384,0,0,11,6,5,630,0,0,0,0,0,0,0,0,0,0,0,0,0,0
3258,Phil Gilchrist,2829,[2002],West Bromwich Albion,11,11,0,958,0,0,11,11,0,990,0,0,22,22,0,1948,0,0,0,0,0,0,0,0,0,0,0,0,0,0
3259,Darren Eadie,2830,[2000],Leicester City,12,7,5,654,0,0,12,9,3,802,2,0,24,16,8,1456,2,0,0,3,3,0,1,1,0,0,0,0,0,0
3260,Arnar Gunnlaugsson,2831,"[2000, 2001]",Leicester City,11,3,8,438,3,0,8,0,8,200,0,0,19,3,16,638,3,0,3,0,3,2,0,2,0,0,0,0,0,0
3261,Simon Royce,2832,[2000],Leicester City,8,7,1,674,0,0,11,9,2,869,0,0,19,16,3,1543,0,0,0,0,0,0,0,0,0,0,0,0,0,0
3262,Simon Royce,2832,[2003],Charlton Athletic,1,1,0,90,0,0,0,0,0,0,0,0,1,1,0,90,0,0,0,0,0,0,0,0,0,0,0,0,0,0
3263,Gary Walsh,2833,[2000],Bradford City,8,8,0,720,0,0,7,7,0,630,0,0,15,15,0,1350,0,0,0,0,0,0,0,0,0,0,0,0,0,0
3264,Robert Molenaar,2834,[2000],Bradford City,10,10,0,829,0,0,7,7,0,604,1,0,17,17,0,1433,1,0,0,0,0,0,0,0,0,0,0,0,0,0
3265,Wayne Jacobs,2835,[2000],Bradford City,10,9,1,776,1,0,6,5,1,481,1,0,16,14,2,1257,2,0,0,0,0,1,0,1,0,0,0,0,0,0
3266,Peter Atherton,2836,[2000],Bradford City,12,12,0,1057,0,0,11,11,0,974,0,0,23,23,0,2031,0,0,0,0,0,0,0,0,0,0,0,0,0,0
3267,Billy McKinlay,2837,[2000],Bradford City,5,4,1,362,0,0,6,6,0,540,0,0,11,10,1,902,0,0,0,0,0,0,0,0,0,0,0,0,0,0
3268,Billy McKinlay,2837,[2003],Leicester City,7,7,0,564,0,0,9,8,1,702,0,0,16,15,1,1266,0,0,0,0,0,0,0,0,0,0,0,0,0,0
3269,Billy McKinlay,2837,[2004],Fulham FC,1,0,1,5,0,0,1,1,0,90,0,0,2,1,1,95,0,0,0,0,0,0,0,0,0,0,0,0,0,0
3270,Stuart McCall,2838,[2000],Bradford City,17,16,1,1449,1,0,14,14,0,1254,0,0,31,30,1,2703,1,0,0,0,0,1,0,1,0,0,0,0,0,0
3271,Dean Saunders,2839,[2000],Bradford City,4,0,4,68,0,0,6,4,2,331,0,0,10,4,6,399,0,0,0,0,0,0,0,0,0,0,0,0,0,0
3272,Eoin Jess,2840,[2000],Bradford City,7,7,0,630,1,0,6,6,0,514,2,0,13,13,0,1144,3,0,0,0,0,1,2,3,0,0,0,0,0,0
3273,Andrew Myers,2841,[2000],Bradford City,9,7,2,647,0,0,8,5,3,505,1,0,17,12,5,1152,1,0,0,0,0,0,1,1,0,0,0,0,0,0
3274,Isaiah Rankin,2842,[2000],Bradford City,0,0,0,0,0,0,1,0,1,3,0,0,1,0,1,3,0,0,0,0,0,0,0,0,0,0,0,0,0,0
3275,Stan Collymore,2843,[2000],Bradford City,4,4,0,341,2,0,3,1,2,120,0,0,7,5,2,461,2,0,0,0,0,2,0,2,0,0,0,0,0,0
3276,Ezri Konsa,2844,[2019],Aston Villa,12,12,0,1036,0,0,13,12,1,1007,1,0,25,24,1,2043,1,0,0,0,0,0,1,1,0,0,0,0,0,0
3277,Douglas Luiz,2845,[2019],Aston Villa,18,15,3,1359,2,0,18,13,5,1249,1,0,36,28,8,2608,3,0,0,0,0,1,0,1,0,0,0,0,0,0
3278,John McGinn,2846,[2019],Aston Villa,15,14,1,1160,1,0,13,13,0,1157,2,0,28,27,1,2317,3,0,0,0,0,1,2,3,0,0,0,0,0,0
3279,Conor Hourihane,2847,[2019],Aston Villa,13,10,3,826,2,0,14,8,6,713,1,0,27,18,9,1539,3,0,3,0,3,2,0,2,0,0,0,0,0,0
3280,Trezeguet,2848,[2019],Aston Villa,17,8,9,880,4,0,17,12,5,1107,2,0,34,20,14,1987,6,0,3,0,3,3,1,4,0,0,0,0,0,0
3281,Mbwana Samatta,2849,[2019],Aston Villa,7,5,2,438,0,0,7,6,1,508,1,0,14,11,3,946,1,0,0,0,0,0,0,0,0,0,0,0,0,0
3282,Fr√©d√©ric Guilbert,2850,[2019],Aston Villa,11,9,2,861,0,0,14,13,1,1180,0,0,25,22,3,2041,0,0,0,0,0,0,0,0,0,0,0,0,0,0
3283,Henri Lansbury,2851,[2019],Aston Villa,4,0,4,14,0,0,6,2,4,178,0,0,10,2,8,192,0,0,0,0,0,0,0,0,0,0,0,0,0,0
3284,Henri Lansbury,2851,"[2009, 2011]",Arsenal FC,2,0,2,32,0,0,0,0,0,0,0,0,2,0,2,32,0,0,0,0,0,0,0,0,0,0,0,0,0,0
3285,Marvelous Nakamba,2852,[2019],Aston Villa,16,8,8,867,0,0,13,11,2,968,0,0,29,19,10,1835,0,0,0,0,0,0,0,0,0,0,0,0,0,0
3286,Keinan Davis,2853,"[2015, 2019]",Aston Villa,10,3,7,291,0,0,8,1,7,247,0,0,18,4,14,538,0,0,0,0,0,0,0,0,0,0,0,0,0,0
3287,√òrjan Nyland,2854,[2019],Aston Villa,4,4,0,360,0,0,3,1,2,177,0,0,7,5,2,537,0,0,0,0,0,0,0,0,0,0,0,0,0,0
3288,Anwar El Ghazi,2855,[2019],Aston Villa,18,15,3,1209,4,0,16,11,5,852,0,0,34,26,8,2061,4,0,0,0,0,1,0,1,1,0,1,0,0,0
3289,Jota,2856,[2019],Aston Villa,5,2,3,167,0,0,5,2,3,166,0,0,10,4,6,333,0,0,0,0,0,0,0,0,0,0,0,0,0,0
3290,Indiana Vassilev,2857,[2019],Aston Villa,2,0,2,19,0,0,2,0,2,28,0,0,4,0,4,47,0,0,0,0,0,0,0,0,0,0,0,0,0,0
3291,Matt Macey,2858,"[2014, 2015, 2016, 2017, 2019]",Arsenal FC,0,0,0,0,0,0,0,0,0,0,0,0,0,0,0,0,0,0,0,0,0,0,0,0,0,0,0,0,0,0
3292,Matt Smith,2859,[2019],Arsenal FC,0,0,0,0,0,0,0,0,0,0,0,0,0,0,0,0,0,0,0,0,0,0,0,0,0,0,0,0,0,0
3293,Jason Kennedy,2860,"[2004, 2005]",Middlesbrough FC,3,0,3,34,0,0,1,1,0,85,0,0,4,1,3,119,0,0,0,0,0,0,0,0,0,0,0,0,0,0
3294,Lionel Scaloni,2861,[2005],West Ham United,7,7,0,630,0,0,5,5,0,403,0,0,12,12,0,1033,0,0,0,0,0,0,0,0,0,0,0,0,0,0
3295,Shaun Newton,2862,"[2005, 2006]",West Ham United,12,2,10,285,1,0,16,5,11,616,0,0,28,7,21,901,1,0,3,0,3,1,0,1,0,0,0,0,0,0
3296,Shaun Newton,2862,[2003],Wolverhampton Wanderers,15,11,4,973,0,0,13,9,4,744,0,0,28,20,8,1717,0,0,0,0,0,0,0,0,0,0,0,0,0,0
3297,Shaun Newton,2862,[2000],Charlton Athletic,5,1,4,129,0,0,5,0,5,91,0,0,10,1,9,220,0,0,0,0,0,0,0,0,0,0,0,0,0,0
3298,Yaniv Katan,2863,[2005],West Ham United,4,1,3,66,0,0,2,1,1,82,0,0,6,2,4,148,0,0,0,0,0,0,0,0,0,0,0,0,0,0
3299,Reece Wabara,2864,[2010],Manchester City,0,0,0,0,0,0,1,0,1,3,0,0,1,0,1,3,0,0,0,0,0,0,0,0,0,0,0,0,0,0
3300,Jay Jay Okocha,2865,"[2002, 2003, 2004, 2005]",Bolton Wanderers,59,53,6,4777,8,0,63,52,11,4503,6,0,122,105,17,9280,14,0,6,0,6,6,4,10,2,3,5,0,0,0
3301,Jared Borgetti,2866,[2005],Bolton Wanderers,11,3,8,351,2,0,8,2,6,192,0,0,19,5,14,543,2,0,0,0,0,1,0,1,0,0,0,0,0,0
3302,S√©bastien Squillaci,2867,"[2010, 2011, 2012]",Arsenal FC,11,10,1,877,1,0,12,10,2,951,0,0,23,20,3,1828,1,0,3,0,3,1,0,1,0,0,0,0,0,0
3303,Jeffrey Bruma,2868,"[2009, 2010]",Chelsea FC,3,1,2,132,0,0,1,0,1,34,0,0,4,1,3,166,0,0,0,0,0,0,0,0,0,0,0,0,0,0
3304,Jos Hooiveld,2869,"[2012, 2013, 2014]",Southampton FC,12,10,2,924,0,0,16,16,0,1378,0,0,28,26,2,2302,0,0,0,0,0,0,0,0,0,0,0,0,0,0
3305,Danny Fox,2870,"[2012, 2013]",Southampton FC,13,11,2,892,0,0,10,6,4,590,1,0,23,17,6,1482,1,0,0,0,0,0,0,0,0,0,0,0,0,0
3306,Danny Fox,2870,[2009],Burnley FC,8,7,1,608,1,0,6,6,0,540,0,0,14,13,1,1148,1,0,0,0,0,0,0,0,0,0,0,0,0,0
3307,Guly,2871,"[2012, 2013]",Southampton FC,16,3,13,369,0,0,11,5,6,467,0,0,27,8,19,836,0,0,0,0,0,0,0,0,0,0,0,0,0,0
3308,Emmanuel Mayuka,2872,"[2012, 2013, 2014]",Southampton FC,9,1,8,177,0,0,7,0,7,95,0,0,16,1,15,272,0,0,0,0,0,0,0,0,0,0,0,0,0,0
3309,Frazer Richardson,2873,[2012],Southampton FC,3,1,2,71,0,0,2,1,1,95,0,0,5,2,3,166,0,0,0,0,0,0,0,0,0,0,0,0,0,0
3310,Frazer Richardson,2873,[2003],Leeds United,2,1,1,90,0,0,2,1,1,94,0,0,4,2,2,184,0,0,0,0,0,0,0,0,0,0,0,0,0,0
3311,Danny Seaborne,2874,[2012],Southampton FC,0,0,0,0,0,0,0,0,0,0,0,0,0,0,0,0,0,0,0,0,0,0,0,0,0,0,0,0,0,0
3312,Tadanari Lee,2875,"[2012, 2013]",Southampton FC,0,0,0,0,0,0,0,0,0,0,0,0,0,0,0,0,0,0,0,0,0,0,0,0,0,0,0,0,0,0
3313,Nick Powell,2876,"[2012, 2015]",Manchester United,2,0,2,30,1,0,1,0,1,16,0,0,3,0,3,46,1,0,0,0,0,0,0,0,0,0,0,0,0,0
3314,Nick Powell,2876,[2014],Leicester City,2,0,2,26,0,0,1,0,1,14,0,0,3,0,3,40,0,0,0,0,0,0,0,0,0,0,0,0,0,0
3315,Ali Al Habsi,2877,"[2010, 2011, 2012]",Wigan Athletic,50,50,0,4500,0,0,51,51,0,4590,0,0,101,101,0,9090,0,0,0,0,0,0,0,0,0,0,0,0,0,0
3316,Ali Al Habsi,2877,[2007],Bolton Wanderers,2,2,0,180,0,0,6,6,0,540,0,0,8,8,0,720,0,0,0,0,0,0,0,0,0,0,0,0,0,0
3317,Ronnie Stam,2878,"[2010, 2011, 2012]",Wigan Athletic,34,20,14,1959,0,0,28,21,7,1860,1,0,62,41,21,3819,1,0,0,1,1,0,1,1,0,0,0,0,0,0
3318,Conor Sammon,2879,"[2010, 2011]",Wigan Athletic,15,5,10,547,1,0,17,4,13,546,0,0,32,9,23,1093,1,0,0,0,0,1,0,1,0,0,0,0,0,0
3319,Mike Pollitt,2880,"[2005, 2006, 2007, 2008, 2009, 2010, 2011, 2012]",Wigan Athletic,16,14,2,1372,0,0,20,17,3,1646,0,0,36,31,5,3018,0,0,0,0,0,0,0,0,0,0,0,0,0,0
3320,Steve Gohouri,2881,"[2009, 2010, 2011]",Wigan Athletic,21,21,0,1846,1,0,21,17,4,1594,1,0,42,38,4,3440,2,0,1,1,2,1,1,2,0,0,0,0,0,0
3321,Crusat,2882,"[2011, 2012]",Wigan Athletic,9,3,6,280,1,0,6,1,5,206,0,0,15,4,11,486,1,0,0,0,0,1,0,1,0,0,0,0,0,0
3322,Steve Finnan,2883,"[2003, 2004, 2005, 2006, 2007]",Liverpool FC,68,61,7,5581,1,0,74,70,4,6197,0,0,142,131,11,11778,1,0,0,0,0,0,0,0,0,0,0,0,0,0
3323,Steve Finnan,2883,"[2001, 2002]",Fulham FC,33,33,0,2970,0,0,30,30,0,2700,0,0,63,63,0,5670,0,0,0,0,0,0,0,0,0,0,0,0,0,0
3324,Steve Finnan,2883,[2009],Portsmouth FC,11,11,0,935,0,0,10,9,1,873,0,0,21,20,1,1808,0,0,0,0,0,0,0,0,0,0,0,0,0,0
3325,George Elokobi,2884,"[2009, 2010, 2011]",Wolverhampton Wanderers,28,21,7,1980,1,0,29,21,8,1986,1,0,57,42,15,3966,2,0,0,0,0,1,0,1,0,0,0,0,0,0
3326,Christophe Berra,2885,"[2009, 2010, 2011]",Wolverhampton Wanderers,48,44,4,4005,0,0,47,47,0,4230,0,0,95,91,4,8235,0,0,0,0,0,0,0,0,0,0,0,0,0,0
3327,Michael Mancienne,2886,"[2009, 2010]",Wolverhampton Wanderers,22,16,6,1358,0,0,23,18,5,1664,0,0,45,34,11,3022,0,0,0,0,0,0,0,0,0,0,0,0,0,0
3328,Michael Mancienne,2886,[2008],Chelsea FC,1,1,0,81,0,0,3,1,2,95,0,0,4,2,2,176,0,0,0,0,0,0,0,0,0,0,0,0,0,0
3329,Ronald Zubar,2887,"[2009, 2010, 2011]",Wolverhampton Wanderers,26,25,1,2249,1,0,26,25,1,2193,2,0,52,50,2,4442,3,0,1,0,1,1,0,1,0,0,0,0,0,0
3330,Kevin Foley,2888,"[2009, 2010, 2011]",Wolverhampton Wanderers,37,32,5,2878,2,0,36,31,5,2811,0,0,73,63,10,5689,2,0,0,0,0,1,0,1,0,0,0,0,0,0
3331,Dave Edwards,2889,"[2009, 2010, 2011]",Wolverhampton Wanderers,30,28,2,2122,4,0,30,23,7,2024,1,0,60,51,9,4146,5,0,3,0,3,3,0,3,0,0,0,0,0,0
3332,Nenad Milija≈°,2890,"[2009, 2010, 2011]",Wolverhampton Wanderers,34,19,15,1833,3,0,27,19,8,1588,1,0,61,38,23,3421,4,0,0,0,0,2,1,3,0,0,0,0,0,0
3333,Chris Iwelumo,2891,[2009],Wolverhampton Wanderers,8,1,7,215,0,0,6,1,5,188,0,0,14,2,12,403,0,0,0,0,0,0,0,0,0,0,0,0,0,0
3334,Deco,2892,"[2008, 2009]",Chelsea FC,19,14,5,1193,1,0,23,16,7,1503,4,0,42,30,12,2696,5,0,0,3,3,0,1,1,0,0,0,0,0,0
3335,Rufus Brevett,2893,"[2001, 2002]",Fulham FC,25,24,1,2167,0,0,25,25,0,2223,0,0,50,49,1,4390,0,0,0,0,0,0,0,0,0,0,0,0,0,0
3336,Andy Melville,2894,"[2001, 2002]",Fulham FC,27,27,0,2406,0,0,27,26,1,2389,0,0,54,53,1,4795,0,0,0,0,0,0,0,0,0,0,0,0,0,0
3337,Andy Melville,2894,[2003],Middlesbrough FC,1,1,0,90,0,0,0,0,0,0,0,0,1,1,0,90,0,0,0,0,0,0,0,0,0,0,0,0,0,0
3338,John Collins,2895,"[2001, 2002]",Fulham FC,17,12,5,1079,0,0,19,15,4,1369,0,0,36,27,9,2448,0,0,0,0,0,0,0,0,0,0,0,0,0,0
3339,Steve Marlet,2896,"[2001, 2002, 2003]",Fulham FC,26,21,5,1877,6,0,23,23,0,1927,5,0,49,44,5,3804,11,0,3,0,3,3,4,7,1,0,1,0,0,0
3340,Barry Hayles,2897,"[2001, 2002, 2003]",Fulham FC,39,22,17,2201,8,0,30,17,13,1579,5,0,69,39,30,3780,13,0,1,0,1,5,1,6,0,0,0,0,0,0
3341,Dan Petrescu,2898,[2001],Southampton FC,1,0,1,20,0,0,1,0,1,35,0,0,2,0,2,55,0,0,0,0,0,0,0,0,0,0,0,0,0,0
3342,Dan Petrescu,2898,[2000],Bradford City,8,7,1,592,0,0,7,7,0,520,1,0,15,14,1,1112,1,0,0,1,1,0,1,1,0,0,0,0,0,0
3343,Jerzy Dudek,2899,[2001],West Ham United,1,1,0,90,0,0,0,0,0,0,0,0,1,1,0,90,0,0,0,0,0,0,0,0,0,0,0,0,0,0
3344,Jerzy Dudek,2899,"[2002, 2003, 2004, 2005, 2006]",Liverpool FC,44,44,0,3960,0,0,45,44,1,3954,0,0,89,88,1,7914,0,0,0,0,0,0,0,0,0,0,0,0,0,0
3345,Jari Litmanen,2900,[2001],West Ham United,1,0,1,15,0,0,0,0,0,0,0,0,1,0,1,15,0,0,0,0,0,0,0,0,0,0,0,0,0,0
3346,Jari Litmanen,2900,[2000],Liverpool FC,2,2,0,141,0,0,3,2,1,195,1,0,5,4,1,336,1,0,0,1,1,0,1,1,0,1,1,0,0,0
3347,St√©phane Dalmat,2901,[2003],Tottenham Hotspur,10,7,3,542,3,0,12,5,7,577,0,0,22,12,10,1119,3,0,0,0,0,1,0,1,0,0,0,0,0,0
3348,Michael Oakes,2902,[2003],Wolverhampton Wanderers,11,11,0,990,0,0,10,10,0,900,0,0,21,21,0,1890,0,0,0,0,0,0,0,0,0,0,0,0,0,0
3349,Lee Naylor,2903,[2003],Wolverhampton Wanderers,19,19,0,1691,0,0,19,18,1,1523,0,0,38,37,1,3214,0,0,0,0,0,0,0,0,0,0,0,0,0,0
3350,Paul Butler,2904,[2003],Wolverhampton Wanderers,19,19,0,1710,1,0,18,18,0,1620,0,0,37,37,0,3330,1,0,0,0,0,1,0,1,0,0,0,0,0,0
3351,Paul Butler,2904,[2000],Sunderland AFC,1,1,0,90,0,0,1,1,0,90,0,0,2,2,0,180,0,0,0,0,0,0,0,0,0,0,0,0,0,0
3352,Paul Ince,2905,[2003],Wolverhampton Wanderers,15,15,0,1350,1,0,17,17,0,1530,1,0,32,32,0,2880,2,0,0,0,0,1,1,2,0,0,0,0,0,0
3353,Paul Ince,2905,"[2000, 2001]",Middlesbrough FC,30,30,0,2685,2,0,29,29,0,2610,2,0,59,59,0,5295,4,0,1,0,1,2,1,3,0,0,0,0,0,0
3354,Colin Cameron,2906,[2003],Wolverhampton Wanderers,15,11,4,1038,3,0,15,14,1,1184,1,0,30,25,5,2222,4,0,3,0,3,1,1,2,1,0,1,0,0,0
3355,Mark Kennedy,2907,[2003],Wolverhampton Wanderers,14,14,0,1227,0,0,17,14,3,1308,2,0,31,28,3,2535,2,0,0,0,0,0,1,1,0,0,0,0,0,0
3356,Mark Kennedy,2907,[2000],Manchester City,12,8,4,794,0,0,10,5,5,489,0,0,22,13,9,1283,0,0,0,0,0,0,0,0,0,0,0,0,0,0
3357,Nathan Blake,2908,[2003],Wolverhampton Wanderers,6,5,1,508,1,0,7,5,2,494,0,0,13,10,3,1002,1,0,0,0,0,1,0,1,0,0,0,0,0,0
3358,Nathan Blake,2908,[2001],Blackburn Rovers,2,0,2,88,0,0,1,0,1,27,1,0,3,0,3,115,1,0,0,0,0,0,0,0,0,0,0,0,0,0
3359,Denis Su√°rez,2909,[2018],Arsenal FC,2,0,2,29,0,0,2,0,2,38,0,0,4,0,4,67,0,0,0,0,0,0,0,0,0,0,0,0,0,0
3360,Denis Su√°rez,2909,[2012],Manchester City,0,0,0,0,0,0,0,0,0,0,0,0,0,0,0,0,0,0,0,0,0,0,0,0,0,0,0,0,0,0
3361,Diogo Dalot,2910,"[2018, 2019]",Manchester United,8,6,2,527,0,0,12,7,5,554,0,0,20,13,7,1081,0,0,0,0,0,0,0,0,0,0,0,0,0,0
3362,Fred,2911,"[2018, 2019]",Manchester United,24,18,6,1645,1,0,22,18,4,1559,0,0,46,36,10,3204,1,0,0,0,0,1,0,1,0,0,0,0,0,0
3363,Mason Greenwood,2912,"[2018, 2019]",Manchester United,18,8,10,853,7,0,16,5,11,573,3,0,34,13,21,1426,10,0,2,0,2,4,2,6,0,0,0,0,0,0
3364,Jovan Kirovski,2913,"[2002, 2003]",Birmingham City,11,2,9,238,1,0,12,3,9,357,1,0,23,5,18,595,2,0,0,3,3,1,1,2,0,0,0,0,0,0
3365,Michael Svensson,2914,"[2002, 2003]",Southampton FC,30,30,0,2700,1,0,27,26,1,2386,3,0,57,56,1,5086,4,0,0,4,4,1,2,3,0,0,0,0,0,0
3366,David Prutton,2915,"[2002, 2003, 2004]",Southampton FC,25,19,6,1830,1,0,31,26,5,2404,1,0,56,45,11,4234,2,0,0,0,0,1,0,1,0,0,0,0,0,0
3367,Neil McCann,2916,"[2003, 2004]",Southampton FC,14,5,9,581,0,0,13,8,5,745,0,0,27,13,14,1326,0,0,0,0,0,0,0,0,0,0,0,0,0,0
3368,Kiki Musampa,2917,"[2004, 2005]",Manchester City,19,17,2,1497,2,0,18,17,1,1378,1,0,37,34,3,2875,3,0,4,0,4,2,0,2,0,0,0,0,0,0
3369,Steve Simonsen,2918,"[2008, 2009]",Stoke City,3,1,2,163,0,0,5,4,1,335,0,0,8,5,3,498,0,0,0,0,0,0,0,0,0,0,0,0,0,0
3370,Steve Simonsen,2918,"[2000, 2001, 2002, 2003]",Everton FC,14,13,1,1171,0,0,15,15,0,1350,0,0,29,28,1,2521,0,0,0,0,0,0,0,0,0,0,0,0,0,0
3371,Robbie Mustoe,2919,[2001],Middlesbrough FC,18,16,2,1358,1,0,17,14,3,1318,1,0,35,30,5,2676,2,0,0,3,3,0,1,1,0,0,0,0,0,0
3372,Robbie Mustoe,2919,[2000],Sunderland AFC,1,1,0,90,0,0,0,0,0,0,0,0,1,1,0,90,0,0,0,0,0,0,0,0,0,0,0,0,0,0
3373,Robbie Mustoe,2919,[2002],Charlton Athletic,3,3,0,256,0,0,3,3,0,234,0,0,6,6,0,490,0,0,0,0,0,0,0,0,0,0,0,0,0,0
3374,Benito Carbone,2920,[2001],Middlesbrough FC,8,8,0,655,1,0,4,4,0,360,0,0,12,12,0,1015,1,0,0,0,0,1,0,1,0,0,0,0,0,0
3375,Benito Carbone,2920,[2000],Bradford City,15,15,0,1297,3,0,10,8,2,719,2,0,25,23,2,2016,5,0,1,0,1,1,1,2,0,0,0,0,0,0
3376,Karl Henry,2921,[2014],Queens Park Rangers,16,14,2,1317,0,0,17,13,4,1188,0,0,33,27,6,2505,0,0,0,0,0,0,0,0,0,0,0,0,0,0
3377,Karl Henry,2921,"[2009, 2010, 2011]",Wolverhampton Wanderers,45,44,1,3925,0,0,49,48,1,4236,0,0,94,92,2,8161,0,0,0,0,0,0,0,0,0,0,0,0,0,0
3378,Suk-young Yun,2922,[2014],Queens Park Rangers,11,9,2,780,0,0,12,10,2,946,0,0,23,19,4,1726,0,0,0,0,0,0,0,0,0,0,0,0,0,0
3379,Reece Grego-Cox,2923,[2014],Queens Park Rangers,2,0,2,46,0,0,2,1,1,95,0,0,4,1,3,141,0,0,0,0,0,0,0,0,0,0,0,0,0,0
3380,Darnell Furlong,2924,[2014],Queens Park Rangers,1,1,0,90,0,0,2,2,0,136,0,0,3,3,0,226,0,0,0,0,0,0,0,0,0,0,0,0,0,0
3381,Michael Doughty,2925,[2014],Queens Park Rangers,0,0,0,0,0,0,3,0,3,51,0,0,3,0,3,51,0,0,0,0,0,0,0,0,0,0,0,0,0,0
3382,Brandon Comley,2926,[2014],Queens Park Rangers,0,0,0,0,0,0,1,0,1,10,0,0,1,0,1,10,0,0,0,0,0,0,0,0,0,0,0,0,0,0
3383,R√©my Cabella,2927,[2014],Newcastle United,15,11,4,921,0,0,16,10,6,1022,1,0,31,21,10,1943,1,0,0,0,0,0,1,1,0,0,0,0,0,0
3384,Mehdi Abeid,2928,"[2011, 2012, 2014]",Newcastle United,7,4,3,350,0,0,6,3,3,312,0,0,13,7,6,662,0,0,0,0,0,0,0,0,0,0,0,0,0,0
3385,Yoshinori Mut≈ç,2929,"[2018, 2019]",Newcastle United,10,3,7,279,0,0,15,4,11,445,1,0,25,7,18,724,1,0,0,0,0,0,0,0,0,0,0,0,0,0
3386,Steven Alzate,2930,[2019],Brighton & Hove Albion,9,6,3,581,0,0,10,6,4,602,0,0,19,12,7,1183,0,0,0,0,0,0,0,0,0,0,0,0,0,0
3387,Tudor BƒÉlu≈£ƒÉ,2931,[2019],Brighton & Hove Albion,0,0,0,0,0,0,0,0,0,0,0,0,0,0,0,0,0,0,0,0,0,0,0,0,0,0,0,0,0,0
3388,Kenedy,2932,"[2017, 2018]",Newcastle United,19,12,7,1115,2,0,19,15,4,1259,1,0,38,27,11,2374,3,0,0,0,0,1,1,2,0,0,0,0,0,0
3389,Kenedy,2932,"[2015, 2019]",Chelsea FC,7,2,5,277,0,0,7,2,5,272,1,0,14,4,10,549,1,0,0,0,0,0,1,1,0,0,0,0,0,0
3390,Kenedy,2932,[2016],Watford FC,0,0,0,0,0,0,1,0,1,15,0,0,1,0,1,15,0,0,0,0,0,0,0,0,0,0,0,0,0,0
3391,Mikel Merino,2933,[2017],Newcastle United,13,7,6,693,1,0,11,7,4,650,0,0,24,14,10,1343,1,0,3,0,3,1,0,1,0,0,0,0,0,0
3392,Jordi Amat,2934,"[2013, 2014, 2015, 2016]",Swansea City,24,18,6,1728,0,0,28,22,6,1976,0,0,52,40,12,3704,0,0,0,0,0,0,0,0,0,0,0,0,0,0
3393,Chico,2935,"[2012, 2013]",Swansea City,30,30,0,2621,2,0,27,26,1,2413,1,0,57,56,1,5034,3,0,1,1,2,1,1,2,0,0,0,0,0,0
3394,Dwight Tiendalli,2936,"[2012, 2013, 2014]",Swansea City,11,8,3,715,0,0,16,13,3,1175,1,0,27,21,6,1890,1,0,0,3,3,0,1,1,0,0,0,0,0,0
3395,Jonathan de Guzm√°n,2937,"[2012, 2013]",Swansea City,36,32,4,2701,7,0,35,27,8,2505,2,0,71,59,12,5206,9,0,0,0,0,2,0,2,0,0,0,0,0,0
3396,Ca√±as,2938,[2013],Swansea City,10,7,3,680,0,0,13,12,1,988,0,0,23,19,4,1668,0,0,0,0,0,0,0,0,0,0,0,0,0,0
3397,Michu,2939,"[2012, 2013]",Swansea City,27,26,1,2277,12,0,25,24,1,2025,8,0,52,50,2,4302,20,0,3,0,3,5,6,11,0,0,0,0,0,0
3398,Pozuelo,2940,[2013],Swansea City,10,3,7,372,0,0,12,4,8,500,0,0,22,7,15,872,0,0,0,0,0,0,0,0,0,0,0,0,0,0
3399,Daniel Alfei,2941,[2013],Swansea City,0,0,0,0,0,0,0,0,0,0,0,0,0,0,0,0,0,0,0,0,0,0,0,0,0,0,0,0,0,0
3400,√Ålvaro,2942,[2013],Swansea City,5,2,3,127,0,0,7,3,4,284,0,0,12,5,7,411,0,0,0,0,0,0,0,0,0,0,0,0,0,0
3401,Serge Gnabry,2943,"[2012, 2013]",Arsenal FC,3,2,1,161,0,0,7,3,4,331,1,0,10,5,5,492,1,0,0,0,0,0,1,1,0,0,0,0,0,0
3402,Serge Gnabry,2943,[2015],West Bromwich Albion,1,0,1,12,0,0,0,0,0,0,0,0,1,0,1,12,0,0,0,0,0,0,0,0,0,0,0,0,0,0
3403,Jason Steele,2944,[2018],Brighton & Hove Albion,0,0,0,0,0,0,0,0,0,0,0,0,0,0,0,0,0,0,0,0,0,0,0,0,0,0,0,0,0,0
3404,Nampalys Mendy,2945,"[2016, 2018, 2019]",Leicester City,21,15,6,1259,0,0,21,16,5,1393,0,0,42,31,11,2652,0,0,0,0,0,0,0,0,0,0,0,0,0,0
3405,Jo√£o M√°rio,2946,[2017],West Ham United,9,8,1,709,1,0,5,5,0,408,1,0,14,13,1,1117,2,0,0,0,0,1,1,2,0,0,0,0,0,0
3406,Josh Cullen,2947,"[2014, 2015, 2017]",West Ham United,1,0,1,1,0,0,2,0,2,6,0,0,3,0,3,7,0,0,0,0,0,0,0,0,0,0,0,0,0,0
3407,Jordan Hugill,2948,[2017],West Ham United,2,0,2,12,0,0,1,0,1,10,0,0,3,0,3,22,0,0,0,0,0,0,0,0,0,0,0,0,0,0
3408,Savio Nsereko,2949,[2008],West Ham United,5,1,4,150,0,0,5,0,5,88,0,0,10,1,9,238,0,0,0,0,0,0,0,0,0,0,0,0,0,0
3409,Manucho,2950,[2008],Hull City,6,1,5,215,0,0,7,5,2,437,2,0,13,6,7,652,2,0,0,3,3,0,2,2,0,0,0,0,0,0
3410,Paulo da Silva,2951,"[2009, 2010]",Sunderland AFC,8,7,1,624,0,0,8,5,3,536,0,0,16,12,4,1160,0,0,0,0,0,0,0,0,0,0,0,0,0,0
3411,Jimmy Walker,2952,[2009],Tottenham Hotspur,1,1,0,90,0,0,1,1,0,90,0,0,2,2,0,180,0,0,0,0,0,0,0,0,0,0,0,0,0,0
3412,Jimmy Walker,2952,[2005],West Ham United,3,3,0,270,0,0,0,0,0,0,0,0,3,3,0,270,0,0,0,0,0,0,0,0,0,0,0,0,0,0
3413,Yuriy Zhirkov,2953,"[2009, 2010]",Chelsea FC,14,6,8,624,0,0,15,10,5,933,0,0,29,16,13,1557,0,0,0,0,0,0,0,0,0,0,0,0,0,0
3414,Ricardo Rocha,2954,"[2006, 2007]",Tottenham Hotspur,6,5,1,522,0,0,8,8,0,669,0,0,14,13,1,1191,0,0,0,0,0,0,0,0,0,0,0,0,0,0
3415,Ricardo Rocha,2954,[2009],Portsmouth FC,4,4,0,310,0,0,6,6,0,496,0,0,10,10,0,806,0,0,0,0,0,0,0,0,0,0,0,0,0,0
3416,Paul Stalteri,2955,"[2005, 2006]",Tottenham Hotspur,20,17,3,1549,1,0,18,16,2,1511,1,0,38,33,5,3060,2,0,0,3,3,1,1,2,0,0,0,0,0,0
3417,Paul Stalteri,2955,[2007],Fulham FC,6,6,0,512,0,0,7,7,0,624,0,0,13,13,0,1136,0,0,0,0,0,0,0,0,0,0,0,0,0,0
3418,Mason Mount,2956,[2019],Chelsea FC,18,15,3,1415,4,0,19,17,2,1459,3,0,37,32,5,2874,7,0,3,0,3,4,1,5,0,0,0,0,0,0
3419,Christian Puli≈°iƒá,2957,[2019],Chelsea FC,12,10,2,870,2,0,13,9,4,857,7,0,25,19,6,1727,9,0,0,0,0,1,2,3,0,0,0,0,0,0
3420,Billy Gilmour,2958,[2019],Chelsea FC,5,1,4,112,0,0,1,1,0,80,0,0,6,2,4,192,0,0,0,0,0,0,0,0,0,0,0,0,0,0
3421,Tammy Abraham,2959,"[2015, 2019]",Chelsea FC,17,10,7,994,5,0,19,15,4,1281,10,0,36,25,11,2275,15,0,0,6,6,3,5,8,0,0,0,0,0,0
3422,Tammy Abraham,2959,[2017],Swansea City,15,6,9,743,3,0,16,9,7,974,2,0,31,15,16,1717,5,0,0,1,1,2,2,4,0,0,0,0,0,0
3423,Reece James,2960,[2019],Chelsea FC,11,8,3,761,0,0,13,8,5,752,0,0,24,16,8,1513,0,0,0,0,0,0,0,0,0,0,0,0,0,0
3424,Reece James,2960,[2014],Manchester United,0,0,0,0,0,0,0,0,0,0,0,0,0,0,0,0,0,0,0,0,0,0,0,0,0,0,0,0,0,0
3425,Taylor Harwood-Bellis,2961,[2019],Manchester City,0,0,0,0,0,0,0,0,0,0,0,0,0,0,0,0,0,0,0,0,0,0,0,0,0,0,0,0,0,0
3426,Thomas Doyle,2962,[2019],Manchester City,1,0,1,15,0,0,0,0,0,0,0,0,1,0,1,15,0,0,0,0,0,0,0,0,0,0,0,0,0,0
3427,Cole Palmer,2963,[2019],Manchester City,0,0,0,0,0,0,0,0,0,0,0,0,0,0,0,0,0,0,0,0,0,0,0,0,0,0,0,0,0,0
3428,Brian Priske,2964,[2005],Portsmouth FC,15,13,2,1241,0,0,15,13,2,1188,0,0,30,26,4,2429,0,0,0,0,0,0,0,0,0,0,0,0,0,0
3429,Jhon Vi√°fara,2965,[2005],Portsmouth FC,5,3,2,265,0,0,9,7,2,658,1,0,14,10,4,923,1,0,0,0,0,0,1,1,0,0,0,0,0,0
3430,Azar Karada≈ü,2966,[2005],Portsmouth FC,7,2,5,210,1,0,10,2,8,277,0,0,17,4,13,487,1,0,1,0,1,1,0,1,0,0,0,0,0,0
3431,Svetoslav Todorov,2967,"[2003, 2005]",Portsmouth FC,11,3,8,502,3,0,14,4,10,563,1,0,25,7,18,1065,4,0,4,0,4,3,0,3,0,0,0,0,0,0
3432,Svetoslav Todorov,2967,[2006],Wigan Athletic,3,1,2,109,0,0,2,1,1,116,0,0,5,2,3,225,0,0,0,0,0,0,0,0,0,0,0,0,0,0
3433,Svetoslav Todorov,2967,"[2000, 2001]",West Ham United,4,2,2,267,0,0,10,2,8,368,1,0,14,4,10,635,1,0,0,0,0,0,1,1,0,0,0,0,0,0
3434,Vincent P√©ricard,2968,"[2003, 2005]",Portsmouth FC,7,1,6,96,0,0,5,2,3,174,0,0,12,3,9,270,0,0,0,0,0,0,0,0,0,0,0,0,0,0
3435,Vincent P√©ricard,2968,[2008],Stoke City,2,0,2,23,0,0,2,1,1,96,0,0,4,1,3,119,0,0,0,0,0,0,0,0,0,0,0,0,0,0
3436,Peter Whittingham,2969,"[2002, 2003, 2004, 2005, 2006]",Aston Villa,25,14,11,1494,1,0,28,16,12,1564,0,0,53,30,23,3058,1,0,0,0,0,1,0,1,0,0,0,0,0,0
3437,Peter Whittingham,2969,[2013],Cardiff City,14,14,0,1209,2,0,18,16,2,1455,1,0,32,30,2,2664,3,0,4,1,5,2,1,3,1,0,1,0,0,0
3438,Mark Hudson,2970,[2004],Crystal Palace,4,4,0,360,1,0,3,3,0,270,0,0,7,7,0,630,1,0,0,0,0,1,0,1,0,0,0,0,0,0
3439,Mark Hudson,2970,[2013],Cardiff City,1,1,0,78,0,0,1,1,0,69,0,0,2,2,0,147,0,0,0,0,0,0,0,0,0,0,0,0,0,0
3440,Mark Hudson,2970,"[2000, 2001]",Middlesbrough FC,4,0,4,47,0,0,1,0,1,4,0,0,5,0,5,51,0,0,0,0,0,0,0,0,0,0,0,0,0,0
3441,Iv√°n Kaviedes,2971,[2004],Crystal Palace,3,1,2,96,0,0,1,0,1,6,0,0,4,1,3,102,0,0,0,0,0,0,0,0,0,0,0,0,0,0
3442,Craig Moore,2972,"[2005, 2006]",Newcastle United,11,11,0,928,0,0,13,13,0,1109,0,0,24,24,0,2037,0,0,0,0,0,0,0,0,0,0,0,0,0,0
3443,Lenny Pidgeley,2973,"[2004, 2005]",Chelsea FC,1,0,1,8,0,0,1,1,0,90,0,0,2,1,1,98,0,0,0,0,0,0,0,0,0,0,0,0,0,0
3444,Maniche,2974,[2005],Chelsea FC,4,1,3,135,0,0,4,2,2,268,0,0,8,3,5,403,0,0,0,0,0,0,0,0,0,0,0,0,0,0
3445,Lassana Diarra,2975,"[2005, 2006]",Chelsea FC,6,4,2,319,0,0,7,5,2,423,0,0,13,9,4,742,0,0,0,0,0,0,0,0,0,0,0,0,0,0
3446,Lassana Diarra,2975,"[2007, 2008]",Portsmouth FC,12,11,1,995,0,0,12,11,1,914,1,0,24,22,2,1909,1,0,0,3,3,0,1,1,0,0,0,0,0,0
3447,Jimmy Smith,2976,[2005],Chelsea FC,0,0,0,0,0,0,1,0,1,9,0,0,1,0,1,9,0,0,0,0,0,0,0,0,0,0,0,0,0,0
3448,Richard Wright,2977,"[2002, 2003, 2004, 2005, 2006]",Everton FC,28,28,0,2455,0,0,30,28,2,2574,0,0,58,56,2,5029,0,0,0,0,0,0,0,0,0,0,0,0,0,0
3449,Richard Wright,2977,"[2012, 2015]",Manchester City,0,0,0,0,0,0,0,0,0,0,0,0,0,0,0,0,0,0,0,0,0,0,0,0,0,0,0,0,0,0
3450,Richard Wright,2977,[2000],Ipswich Town,17,17,0,1530,0,0,17,17,0,1530,0,0,34,34,0,3060,0,0,0,0,0,0,0,0,0,0,0,0,0,0
3451,Richard Wright,2977,[2001],Arsenal FC,4,4,0,354,0,0,7,7,0,630,0,0,11,11,0,984,0,0,0,0,0,0,0,0,0,0,0,0,0,0
3452,Joe Bennett,2978,"[2012, 2013]",Aston Villa,14,12,2,1084,0,0,15,12,3,1028,0,0,29,24,5,2112,0,0,0,0,0,0,0,0,0,0,0,0,0,0
3453,Joe Bennett,2978,[2018],Cardiff City,13,13,0,1142,0,0,17,17,0,1499,0,0,30,30,0,2641,0,0,0,0,0,0,0,0,0,0,0,0,0,0
3454,Joe Bennett,2978,[2015],AFC Bournemouth,0,0,0,0,0,0,0,0,0,0,0,0,0,0,0,0,0,0,0,0,0,0,0,0,0,0,0,0,0,0
3455,Joe Bennett,2978,[2008],Middlesbrough FC,0,0,0,0,0,0,1,0,1,44,0,0,1,0,1,44,0,0,0,0,0,0,0,0,0,0,0,0,0,0
3456,Simon Dawkins,2979,[2012],Aston Villa,2,0,2,32,0,0,2,0,2,40,0,0,4,0,4,72,0,0,0,0,0,0,0,0,0,0,0,0,0,0
3457,St√©phane M'bia,2980,[2012],Queens Park Rangers,15,15,0,1189,0,0,14,14,0,1196,0,0,29,29,0,2385,0,0,0,0,0,0,0,0,0,0,0,0,0,0
3458,Steven Bergwijn,2981,[2019],Tottenham Hotspur,7,3,4,281,3,0,7,5,2,423,0,0,14,8,6,704,3,0,0,0,0,3,0,3,0,0,0,0,0,0
3459,Giovani Lo Celso,2982,[2019],Tottenham Hotspur,13,8,5,806,0,0,15,7,8,681,0,0,28,15,13,1487,0,0,0,0,0,0,0,0,0,0,0,0,0,0
3460,Gedson Fernandes,2983,[2019],Tottenham Hotspur,4,0,4,44,0,0,3,0,3,18,0,0,7,0,7,62,0,0,0,0,0,0,0,0,0,0,0,0,0,0
3461,Tanguy NDomb√®l√©,2984,[2019],Tottenham Hotspur,9,4,5,381,2,0,12,8,4,629,0,0,21,12,9,1010,2,0,0,0,0,2,0,2,0,0,0,0,0,0
3462,Oliver Skipp,2985,"[2018, 2019]",Tottenham Hotspur,10,2,8,209,0,0,5,1,4,82,0,0,15,3,12,291,0,0,0,0,0,0,0,0,0,0,0,0,0,0
3463,Harvey White,2986,[2019],Tottenham Hotspur,0,0,0,0,0,0,0,0,0,0,0,0,0,0,0,0,0,0,0,0,0,0,0,0,0,0,0,0,0,0
3464,Ryan Sessegnon,2987,[2019],Tottenham Hotspur,3,2,1,161,0,0,3,2,1,181,0,0,6,4,2,342,0,0,0,0,0,0,0,0,0,0,0,0,0,0
3465,Ryan Sessegnon,2987,[2018],Fulham FC,18,11,7,1095,1,0,17,15,2,1203,1,0,35,26,9,2298,2,0,0,0,0,1,1,2,0,0,0,0,0,0
3466,Bruno Fernandes,2988,[2019],Manchester United,7,7,0,612,2,0,7,7,0,581,6,0,14,14,0,1193,8,0,0,2,2,1,4,5,1,3,4,0,0,0
3467,Daniel James,2989,[2019],Manchester United,17,12,5,1131,2,0,16,14,2,1160,1,0,33,26,7,2291,3,0,0,0,0,1,1,2,0,0,0,0,0,0
3468,Daniel James,2989,[2016],Swansea City,0,0,0,0,0,0,0,0,0,0,0,0,0,0,0,0,0,0,0,0,0,0,0,0,0,0,0,0,0,0
3469,Odion Ighalo,2990,[2019],Manchester United,5,0,5,37,0,0,6,0,6,55,0,0,11,0,11,92,0,0,0,0,0,0,0,0,0,0,0,0,0,0
3470,Odion Ighalo,2990,"[2015, 2016]",Watford FC,27,26,1,2317,8,0,28,24,4,2127,9,0,55,50,5,4444,17,0,3,4,7,4,6,10,0,0,0,0,0,0
3471,Brandon Williams,2991,[2019],Manchester United,8,6,2,512,0,0,9,5,4,494,1,0,17,11,6,1006,1,0,0,0,0,0,0,0,0,0,0,0,0,0
3472,Ra√∫l Meireles,2992,"[2011, 2012]",Chelsea FC,15,12,3,994,2,0,16,12,4,1040,0,0,31,24,7,2034,2,0,0,0,0,1,0,1,0,0,0,0,0,0
3473,Ra√∫l Meireles,2992,[2010],Liverpool FC,16,16,0,1264,3,0,17,16,1,1280,2,0,33,32,1,2544,5,0,0,3,3,3,1,4,0,0,0,0,0,0
3474,Maxi Rodr√≠guez,2993,"[2009, 2010, 2011]",Liverpool FC,30,24,6,2113,7,0,27,24,3,1937,8,0,57,48,9,4050,15,0,1,3,4,3,4,7,0,0,0,0,0,0
3475,Doni,2994,[2011],Liverpool FC,2,2,0,180,0,0,2,2,0,180,0,0,4,4,0,360,0,0,0,0,0,0,0,0,0,0,0,0,0,0
3476,Jay Spearing,2995,"[2009, 2010, 2011]",Liverpool FC,14,12,2,1050,0,0,16,14,2,1144,0,0,30,26,4,2194,0,0,0,0,0,0,0,0,0,0,0,0,0,0
3477,Kazaiah Sterling,2996,"[2017, 2018]",Tottenham Hotspur,0,0,0,0,0,0,0,0,0,0,0,0,0,0,0,0,0,0,0,0,0,0,0,0,0,0,0,0,0,0
3478,√Ångel Di Mar√≠a,2997,[2014],Manchester United,13,10,3,791,2,0,14,10,4,855,1,0,27,20,7,1646,3,0,0,0,0,2,0,2,0,0,0,0,0,0
3479,V√≠ctor Vald√©s,2998,[2014],Manchester United,1,0,1,17,0,0,1,1,0,90,0,0,2,1,1,107,0,0,0,0,0,0,0,0,0,0,0,0,0,0
3480,V√≠ctor Vald√©s,2998,[2016],Middlesbrough FC,14,14,0,1260,0,0,14,14,0,1260,0,0,28,28,0,2520,0,0,0,0,0,0,0,0,0,0,0,0,0,0
3481,Brown Ideye,2999,"[2014, 2015]",West Bromwich Albion,13,8,5,737,3,0,11,5,6,560,1,0,24,13,11,1297,4,0,3,1,4,2,1,3,0,0,0,0,0,0
3482,Jack Rose,3000,"[2014, 2015, 2016]",West Bromwich Albion,0,0,0,0,0,0,0,0,0,0,0,0,0,0,0,0,0,0,0,0,0,0,0,0,0,0,0,0,0,0
3483,Callum McManaman,3001,"[2014, 2015]",West Bromwich Albion,11,5,6,393,0,0,9,2,7,229,0,0,20,7,13,622,0,0,0,0,0,0,0,0,0,0,0,0,0,0
3484,Callum McManaman,3001,"[2008, 2010, 2011, 2012]",Wigan Athletic,16,4,12,376,1,0,10,4,6,305,1,0,26,8,18,681,2,0,0,3,3,1,1,2,0,0,0,0,0,0
3485,George Friend,3002,[2016],Middlesbrough FC,12,9,3,967,0,0,12,11,1,993,0,0,24,20,4,1960,0,0,0,0,0,0,0,0,0,0,0,0,0,0
3486,George Friend,3002,[2009],Wolverhampton Wanderers,0,0,0,0,0,0,1,1,0,61,0,0,1,1,0,61,0,0,0,0,0,0,0,0,0,0,0,0,0,0
3487,Daniel Ayala,3003,[2016],Middlesbrough FC,5,4,1,345,1,0,9,7,2,572,0,0,14,11,3,917,1,0,0,0,0,1,0,1,0,0,0,0,0,0
3488,Daniel Ayala,3003,[2011],Norwich City,4,3,1,227,0,0,3,3,0,270,0,0,7,6,1,497,0,0,0,0,0,0,0,0,0,0,0,0,0,0
3489,Daniel Ayala,3003,[2009],Liverpool FC,2,1,1,123,0,0,3,1,2,111,0,0,5,2,3,234,0,0,0,0,0,0,0,0,0,0,0,0,0,0
3490,Ben Gibson,3004,[2016],Middlesbrough FC,19,19,0,1710,1,0,19,19,0,1710,0,0,38,38,0,3420,1,0,0,0,0,0,0,0,0,0,0,0,0,0
3491,Ben Gibson,3004,"[2018, 2019]",Burnley FC,1,1,0,63,1,0,0,0,0,0,0,0,1,1,0,63,1,0,0,0,0,0,0,0,0,0,0,0,0,0
3492,Barrag√°n,3005,[2016],Middlesbrough FC,14,14,0,1183,0,0,12,12,0,1013,0,0,26,26,0,2196,0,0,0,0,0,0,0,0,0,0,0,0,0,0
3493,Adam Clayton,3006,[2016],Middlesbrough FC,18,18,0,1528,0,0,16,14,2,1278,0,0,34,32,2,2806,0,0,0,0,0,0,0,0,0,0,0,0,0,0
3494,Adam Forshaw,3007,[2016],Middlesbrough FC,17,15,2,1355,0,0,17,15,2,1345,0,0,34,30,4,2700,0,0,0,0,0,0,0,0,0,0,0,0,0,0
3495,Adam Forshaw,3007,"[2010, 2011]",Everton FC,0,0,0,0,0,0,1,0,1,8,0,0,1,0,1,8,0,0,0,0,0,0,0,0,0,0,0,0,0,0
3496,Viktor Fischer,3008,[2016],Middlesbrough FC,7,4,3,254,0,0,6,2,4,184,0,0,13,6,7,438,0,0,0,0,0,0,0,0,0,0,0,0,0,0
3497,Cristhian Stuani,3009,[2016],Middlesbrough FC,10,9,1,686,1,0,13,7,6,675,3,0,23,16,7,1361,4,0,0,0,0,1,2,3,0,0,0,0,0,0
3498,Marten de Roon,3010,[2016],Middlesbrough FC,17,16,1,1392,2,0,16,16,0,1385,2,0,33,32,1,2777,4,0,3,1,4,1,1,2,0,0,0,0,0,0
3499,Jordan Rhodes,3011,[2016],Middlesbrough FC,4,0,4,50,0,0,2,2,0,158,0,0,6,2,4,208,0,0,0,0,0,0,0,0,0,0,0,0,0,0
3500,Emilio N'Sue,3012,[2016],Middlesbrough FC,1,1,0,90,0,0,3,3,0,232,0,0,4,4,0,322,0,0,0,0,0,0,0,0,0,0,0,0,0,0
3501,Jonathan Benteke,3013,[2016],Crystal Palace,0,0,0,0,0,0,1,0,1,6,0,0,1,0,1,6,0,0,0,0,0,0,0,0,0,0,0,0,0,0
3502,Luke Dreher,3014,"[2015, 2016, 2018]",Crystal Palace,1,0,1,1,0,0,0,0,0,0,0,0,1,0,1,1,0,0,0,0,0,0,0,0,0,0,0,0,0,0
3503,Nordin Amrabat,3015,"[2015, 2016, 2017]",Watford FC,24,18,6,1518,0,0,20,14,6,1284,0,0,44,32,12,2802,0,0,0,0,0,0,0,0,0,0,0,0,0,0
3504,Jamie Murphy,3016,[2017],Brighton & Hove Albion,2,0,2,75,0,0,2,1,1,91,0,0,4,1,3,166,0,0,0,0,0,0,0,0,0,0,0,0,0,0
3505,Niki M√§enp√§√§,3017,[2017],Brighton & Hove Albion,0,0,0,0,0,0,0,0,0,0,0,0,0,0,0,0,0,0,0,0,0,0,0,0,0,0,0,0,0,0
3506,Uwe H√ºnemeier,3018,[2017],Brighton & Hove Albion,1,0,1,17,0,0,0,0,0,0,0,0,1,0,1,17,0,0,0,0,0,0,0,0,0,0,0,0,0,0
3507,Ji≈ô√≠ Skal√°k,3019,[2017],Brighton & Hove Albion,0,0,0,0,0,0,0,0,0,0,0,0,0,0,0,0,0,0,0,0,0,0,0,0,0,0,0,0,0,0
3508,Trond Soltvedt,3020,[2000],Southampton FC,3,1,2,142,0,0,2,1,1,134,1,0,5,2,3,276,1,0,0,0,0,0,1,1,0,0,0,0,0,0
3509,Uwe R√∂sler,3021,"[2000, 2001]",Southampton FC,10,4,6,374,0,0,13,5,8,554,0,0,23,9,14,928,0,0,0,0,0,0,0,0,0,0,0,0,0,0
3510,Alton Thelwell,3022,"[2000, 2001]",Tottenham Hotspur,10,5,5,584,0,0,7,7,0,585,0,0,17,12,5,1169,0,0,0,0,0,0,0,0,0,0,0,0,0,0
3511,Willem Korsten,3023,[2000],Tottenham Hotspur,4,3,1,277,2,0,9,5,4,462,1,0,13,8,5,739,3,0,0,0,0,2,1,3,0,0,0,0,0,0
3512,Stephen Wright,3024,"[2000, 2001]",Liverpool FC,5,3,2,306,0,0,9,7,2,657,0,0,14,10,4,963,0,0,0,0,0,0,0,0,0,0,0,0,0,0
3513,Stephen Wright,3024,"[2002, 2005]",Sunderland AFC,14,14,0,1147,0,0,14,13,1,1205,0,0,28,27,1,2352,0,0,0,0,0,0,0,0,0,0,0,0,0,0
3514,Harry Lewis,3025,"[2016, 2019]",Southampton FC,0,0,0,0,0,0,0,0,0,0,0,0,0,0,0,0,0,0,0,0,0,0,0,0,0,0,0,0,0,0
3515,Kevin Danso,3026,[2019],Southampton FC,3,2,1,180,0,0,3,1,2,113,0,0,6,3,3,293,0,0,0,0,0,0,0,0,0,0,0,0,0,0
3516,Yan Valery,3027,"[2018, 2019]",Southampton FC,19,17,2,1470,1,0,15,13,2,1074,1,0,34,30,4,2544,2,0,0,0,0,1,1,2,0,0,0,0,0,0
3517,Alex Pritchard,3028,[2015],West Bromwich Albion,1,0,1,17,0,0,1,0,1,44,0,0,2,0,2,61,0,0,0,0,0,0,0,0,0,0,0,0,0,0
3518,Alex Pritchard,3028,"[2017, 2018]",Huddersfield Town,21,19,2,1513,2,0,23,19,4,1581,1,0,44,38,6,3094,3,0,0,1,1,2,1,3,0,0,0,0,0,0
3519,Alex Pritchard,3028,[2013],Tottenham Hotspur,1,0,1,7,0,0,0,0,0,0,0,0,1,0,1,7,0,0,0,0,0,0,0,0,0,0,0,0,0,0
3520,Alberto Paloschi,3029,[2015],Swansea City,4,4,0,299,0,0,6,3,3,370,2,0,10,7,3,669,2,0,0,1,1,0,2,2,0,0,0,0,0,0
3521,Michael Johnson,3030,"[2006, 2007, 2008, 2009]",Manchester City,18,17,1,1453,2,0,18,18,0,1552,0,0,36,35,1,3005,2,0,6,0,6,2,0,2,0,0,0,0,0,0
3522,Michael Johnson,3030,[2002],Birmingham City,2,2,0,180,0,0,4,3,1,263,0,0,6,5,1,443,0,0,0,0,0,0,0,0,0,0,0,0,0,0
3523,Elano,3031,"[2007, 2008]",Manchester City,32,27,5,2317,9,0,29,22,7,1920,5,0,61,49,12,4237,14,0,3,0,3,3,3,6,3,3,6,0,0,0
3524,Rolando Bianchi,3032,[2007],Manchester City,8,4,4,402,1,0,11,3,8,359,3,0,19,7,12,761,4,0,0,0,0,1,3,4,0,0,0,0,0,0
3525,√âmile Mpenza,3033,"[2006, 2007]",Manchester City,16,11,5,977,1,0,9,6,3,592,4,0,25,17,8,1569,5,0,0,3,3,1,2,3,0,0,0,0,0,0
3526,Moritz Leitner,3034,[2019],Norwich City,4,4,0,307,0,0,5,3,2,379,0,0,9,7,2,686,0,0,0,0,0,0,0,0,0,0,0,0,0,0
3527,Matthew Longstaff,3035,[2019],Newcastle United,4,2,2,189,1,0,5,4,1,384,1,0,9,6,3,573,2,0,3,0,3,1,1,2,0,0,0,0,0,0
3528,Liam Gibson,3036,"[2015, 2019]",Newcastle United,0,0,0,0,0,0,0,0,0,0,0,0,0,0,0,0,0,0,0,0,0,0,0,0,0,0,0,0,0,0
3529,Tom Allan,3037,[2019],Newcastle United,0,0,0,0,0,0,0,0,0,0,0,0,0,0,0,0,0,0,0,0,0,0,0,0,0,0,0,0,0,0
3530,Bernardo Espinosa,3038,[2016],Middlesbrough FC,5,5,0,443,0,0,6,5,1,532,0,0,11,10,1,975,0,0,0,0,0,0,0,0,0,0,0,0,0,0
3531,Jonathan Calleri,3039,[2016],West Ham United,8,3,5,369,0,0,8,1,7,166,1,0,16,4,12,535,1,0,0,0,0,0,0,0,0,0,0,0,0,0
3532,Chris Herd,3040,"[2010, 2011, 2012, 2013, 2014]",Aston Villa,19,16,3,1352,0,0,16,14,2,1121,1,0,35,30,5,2473,1,0,0,0,0,0,1,1,0,0,0,0,0,0
3533,Leon Barnett,3041,"[2011, 2012]",Norwich City,13,10,3,954,1,0,12,9,3,863,0,0,25,19,6,1817,1,0,0,0,0,1,0,1,0,0,0,0,0,0
3534,Leon Barnett,3041,[2008],West Bromwich Albion,6,6,0,489,0,0,5,4,1,423,0,0,11,10,1,912,0,0,0,0,0,0,0,0,0,0,0,0,0,0
3535,Marc Tierney,3042,"[2011, 2012]",Norwich City,8,8,0,720,0,0,10,10,0,900,0,0,18,18,0,1620,0,0,0,0,0,0,0,0,0,0,0,0,0,0
3536,Elliott Bennett,3043,"[2011, 2012, 2013]",Norwich City,30,15,15,1476,1,0,30,18,12,1667,1,0,60,33,27,3143,2,0,0,3,3,0,1,1,0,0,0,0,0,0
3537,Steve Morison,3044,"[2011, 2012]",Norwich City,25,12,13,1121,5,0,28,14,14,1443,5,0,53,26,27,2564,10,0,0,7,7,2,3,5,0,0,0,0,0,0
3538,Andrew Crofts,3045,[2011],Norwich City,13,7,6,650,0,0,11,6,5,637,0,0,24,13,11,1287,0,0,0,0,0,0,0,0,0,0,0,0,0,0
3539,David Fox,3046,"[2011, 2012, 2013]",Norwich City,14,14,0,1077,0,0,16,9,7,893,0,0,30,23,7,1970,0,0,0,0,0,0,0,0,0,0,0,0,0,0
3540,Simeon Jackson,3047,"[2011, 2012]",Norwich City,19,10,9,786,3,0,16,5,11,561,1,0,35,15,20,1347,4,0,1,0,1,2,1,3,0,0,0,0,0,0
3541,Aaron Wilbraham,3048,[2011],Norwich City,4,1,3,133,0,0,7,1,6,173,1,0,11,2,9,306,1,0,0,0,0,0,0,0,0,0,0,0,0,0
3542,Aaron Wilbraham,3048,[2013],Crystal Palace,4,1,3,80,0,0,0,0,0,0,0,0,4,1,3,80,0,0,0,0,0,0,0,0,0,0,0,0,0,0
3543,Nathan Doyle,3049,[2008],Hull City,2,2,0,157,0,0,1,0,1,56,0,0,3,2,1,213,0,0,0,0,0,0,0,0,0,0,0,0,0,0
3544,Ryan France,3050,[2008],Hull City,1,1,0,83,0,0,1,0,1,9,0,0,2,1,1,92,0,0,0,0,0,0,0,0,0,0,0,0,0,0
3545,Ed de Goey,3051,"[2000, 2001, 2002]",Chelsea FC,12,12,0,1035,0,0,10,10,0,900,0,0,22,22,0,1935,0,0,0,0,0,0,0,0,0,0,0,0,0,0
3546,Frank Leboeuf,3052,[2000],Chelsea FC,11,11,0,967,0,0,13,11,2,941,0,0,24,22,2,1908,0,0,0,0,0,0,0,0,0,0,0,0,0,0
3547,Jon Harley,3053,[2000],Chelsea FC,3,2,1,194,0,0,7,4,3,324,0,0,10,6,4,518,0,0,0,0,0,0,0,0,0,0,0,0,0,0
3548,Jon Harley,3053,"[2001, 2002, 2003]",Fulham FC,13,9,4,883,1,0,9,7,2,663,0,0,22,16,6,1546,1,0,3,0,3,1,0,1,0,0,0,0,0,0
3549,Dennis Wise,3054,[2000],Chelsea FC,18,17,1,1531,1,0,17,17,0,1530,2,0,35,34,1,3061,3,0,0,0,0,1,1,2,0,0,0,0,0,0
3550,Dennis Wise,3054,[2001],Leicester City,8,7,1,637,1,0,9,8,1,730,0,0,17,15,2,1367,1,0,0,0,0,0,0,0,0,0,0,0,0,0
3551,Samuele Dalla Bona,3055,"[2000, 2001]",Chelsea FC,25,21,4,1955,5,0,27,20,7,1770,1,0,52,41,11,3725,6,0,3,0,3,1,1,2,0,0,0,0,0,0
3552,Winston Bogarde,3056,[2000],Chelsea FC,5,1,4,143,0,0,4,1,3,174,0,0,9,2,7,317,0,0,0,0,0,0,0,0,0,0,0,0,0,0
3553,Slavi≈°a Jokanoviƒá,3057,"[2000, 2001]",Chelsea FC,17,6,11,745,0,0,21,13,8,1121,0,0,38,19,19,1866,0,0,0,0,0,0,0,0,0,0,0,0,0,0
3554,Jamie Lawrence,3058,[2000],Bradford City,8,6,2,575,1,0,6,6,0,540,0,0,14,12,2,1115,1,0,0,0,0,1,0,1,0,0,0,0,0,0
3555,Lee Sharpe,3059,[2000],Bradford City,5,3,2,279,0,0,4,3,1,172,0,0,9,6,3,451,0,0,0,0,0,0,0,0,0,0,0,0,0,0
3556,Ian Nolan,3060,[2000],Bradford City,10,7,3,699,0,0,10,9,1,806,0,0,20,16,4,1505,0,0,0,0,0,0,0,0,0,0,0,0,0,0
3557,Peter Beagrie,3061,[2000],Bradford City,7,5,2,482,1,0,9,3,6,317,0,0,16,8,8,799,1,0,3,0,3,1,0,1,0,0,0,0,0,0
3558,Bjarne Goldb√¶k,3062,"[2001, 2002]",Fulham FC,11,8,3,659,1,0,9,6,3,510,0,0,20,14,6,1169,1,0,0,0,0,1,0,1,0,0,0,0,0,0
3559,Facundo Sava,3063,"[2002, 2003]",Fulham FC,13,9,4,816,4,0,12,5,7,433,2,0,25,14,11,1249,6,0,6,0,6,3,1,4,0,0,0,0,0,0
3560,J√≥hannes Gu√∞j√≥nsson,3064,[2002],Aston Villa,5,4,1,277,0,0,6,5,1,513,2,0,11,9,2,790,2,0,0,0,0,0,1,1,0,0,0,0,0,0
3561,J√≥hannes Gu√∞j√≥nsson,3064,[2003],Wolverhampton Wanderers,5,3,2,208,0,0,6,2,4,246,0,0,11,5,6,454,0,0,0,0,0,0,0,0,0,0,0,0,0,0
3562,J√≥hannes Gu√∞j√≥nsson,3064,[2009],Burnley FC,4,0,4,108,0,0,6,1,5,203,0,0,10,1,9,311,0,0,0,0,0,0,0,0,0,0,0,0,0,0
3563,Stefan Moore,3065,"[2002, 2003, 2004]",Aston Villa,15,3,12,338,1,0,14,6,8,569,1,0,29,9,20,907,2,0,0,0,0,0,1,1,0,0,0,0,0,0
3564,Mike Whitlow,3066,"[2001, 2002]",Bolton Wanderers,24,22,2,1978,0,0,22,20,2,1832,0,0,46,42,4,3810,0,0,0,0,0,0,0,0,0,0,0,0,0,0
3565,Djibril Diawara,3067,[2001],Bolton Wanderers,6,2,4,282,0,0,3,2,1,191,0,0,9,4,5,473,0,0,0,0,0,0,0,0,0,0,0,0,0,0
3566,Anthony Barness,3068,"[2001, 2002, 2003, 2004]",Bolton Wanderers,38,27,11,2524,0,0,35,29,6,2652,0,0,73,56,17,5176,0,0,0,0,0,0,0,0,0,0,0,0,0,0
3567,Paul Warhurst,3069,"[2001, 2002]",Bolton Wanderers,18,18,0,1357,0,0,14,12,2,980,0,0,32,30,2,2337,0,0,0,0,0,0,0,0,0,0,0,0,0,0
3568,Per Frandsen,3070,"[2001, 2002, 2003]",Bolton Wanderers,47,39,8,3439,4,0,49,42,7,3498,2,0,96,81,15,6937,6,0,1,0,1,4,0,4,0,0,0,0,0,0
3569,Gareth Farrelly,3071,"[2001, 2002]",Bolton Wanderers,12,8,4,647,0,0,14,9,5,979,1,0,26,17,9,1626,1,0,0,0,0,0,1,1,0,0,0,0,0,0
3570,Dean Holdsworth,3072,"[2001, 2002]",Bolton Wanderers,20,8,12,852,2,0,20,6,14,646,0,0,40,14,26,1498,2,0,4,0,4,2,0,2,0,0,0,0,0,0
3571,Nicky Southall,3073,[2001],Bolton Wanderers,11,5,6,541,0,0,7,5,2,464,1,0,18,10,8,1005,1,0,0,0,0,0,1,1,0,0,0,0,0,0
3572,Jermaine Johnson,3074,"[2001, 2002]",Bolton Wanderers,6,2,4,254,0,0,6,2,4,222,0,0,12,4,8,476,0,0,0,0,0,0,0,0,0,0,0,0,0,0
3573,Isaac Okoronkwo,3075,[2003],Wolverhampton Wanderers,4,4,0,360,0,0,3,3,0,270,0,0,7,7,0,630,0,0,0,0,0,0,0,0,0,0,0,0,0,0
3574,Bruno N'Gotty,3076,"[2001, 2002, 2003, 2004, 2005]",Bolton Wanderers,74,71,3,6353,3,0,72,70,2,6244,2,0,146,141,5,12597,5,0,0,0,0,2,1,3,0,0,0,0,0,0
3575,Youri Djorkaeff,3077,"[2001, 2002, 2003]",Bolton Wanderers,40,39,1,3394,11,0,35,33,2,2707,9,0,75,72,3,6101,20,0,1,4,5,7,7,14,1,0,1,0,0,0
3576,Youri Djorkaeff,3077,[2004],Blackburn Rovers,2,2,0,149,0,0,1,1,0,53,0,0,3,3,0,202,0,0,0,0,0,0,0,0,0,0,0,0,0,0
3577,Ifeanyi Udeze,3078,[2002],West Bromwich Albion,8,5,3,392,0,0,2,2,0,115,0,0,10,7,3,507,0,0,0,0,0,0,0,0,0,0,0,0,0,0
3578,L√°rus Sigur√∞sson,3079,[2002],West Bromwich Albion,13,11,2,991,0,0,15,11,4,1058,0,0,28,22,6,2049,0,0,0,0,0,0,0,0,0,0,0,0,0,0
3579,Derek McInnes,3080,[2002],West Bromwich Albion,13,12,1,985,0,0,15,15,0,1279,2,0,28,27,1,2264,2,0,0,0,0,0,1,1,0,0,0,0,0,0
3580,Sean Gregan,3081,[2002],West Bromwich Albion,17,17,0,1507,1,0,18,18,0,1590,0,0,35,35,0,3097,1,0,3,0,3,1,0,1,0,0,0,0,0,0
3581,Danny Dichio,3082,[2002],West Bromwich Albion,15,10,5,1019,5,0,12,9,3,841,0,0,27,19,8,1860,5,0,3,0,3,5,0,5,0,0,0,0,0,0
3582,Danny Dichio,3082,[2000],Sunderland AFC,7,1,6,206,1,0,8,1,7,184,0,0,15,2,13,390,1,0,0,0,0,0,0,0,0,0,0,0,0,0
3583,Lee Hughes,3083,[2002],West Bromwich Albion,10,7,3,583,0,0,12,6,6,499,0,0,22,13,9,1082,0,0,0,0,0,0,0,0,0,0,0,0,0,0
3584,Jord√£o,3084,[2002],West Bromwich Albion,1,0,1,4,0,0,2,0,2,23,0,0,3,0,3,27,0,0,0,0,0,0,0,0,0,0,0,0,0,0
3585,Scott Dobie,3085,"[2002, 2004]",West Bromwich Albion,18,3,15,558,2,0,17,8,9,810,4,0,35,11,24,1368,6,0,0,0,0,2,2,4,0,0,0,0,0,0
3586,Derrick Williams,3086,"[2011, 2012]",Aston Villa,0,0,0,0,0,0,1,0,1,25,0,0,1,0,1,25,0,0,0,0,0,0,0,0,0,0,0,0,0,0
3587,Sergio Peter,3087,"[2005, 2006]",Blackburn Rovers,9,1,8,236,0,0,8,1,7,290,0,0,17,2,15,526,0,0,0,0,0,0,0,0,0,0,0,0,0,0
3588,Robinho,3088,"[2008, 2009]",Manchester City,22,20,2,1761,11,0,19,16,3,1441,3,0,41,36,5,3202,14,0,0,1,1,4,3,7,0,1,1,0,0,0
3589,Felipe Caicedo,3089,"[2007, 2008]",Manchester City,13,5,8,441,4,0,14,5,9,598,0,0,27,10,17,1039,4,0,3,0,3,3,0,3,0,0,0,0,0,0
3590,Gelson Fernandes,3090,"[2007, 2008]",Manchester City,23,11,12,1162,2,0,19,12,7,1268,1,0,42,23,19,2430,3,0,0,0,0,0,0,0,0,0,0,0,0,0
3591,Jay Simpson,3091,[2008],West Bromwich Albion,6,5,1,307,0,0,7,4,3,397,1,0,13,9,4,704,1,0,0,0,0,0,1,1,0,0,0,0,0,0
3592,RƒÉzvan Ra≈£,3092,[2013],West Ham United,6,5,1,502,0,0,9,6,3,627,0,0,15,11,4,1129,0,0,0,0,0,0,0,0,0,0,0,0,0,0
3593,Guy Demel,3093,"[2012, 2013, 2014]",West Ham United,34,29,5,2572,1,0,35,32,3,2802,0,0,69,61,8,5374,1,0,0,0,0,1,0,1,0,0,0,0,0,0
3594,Alou Diarra,3094,"[2012, 2013]",West Ham United,1,0,1,8,0,0,5,2,3,243,0,0,6,2,4,251,0,0,0,0,0,0,0,0,0,0,0,0,0,0
3595,Lukas Podolski,3095,"[2012, 2013, 2014]",Arsenal FC,32,20,12,1718,12,0,28,19,9,1556,7,0,60,39,21,3274,19,0,3,0,3,7,2,9,0,0,0,0,0,0
3596,Scott Malone,3096,[2017],Huddersfield Town,11,7,4,587,0,0,11,5,6,529,0,0,22,12,10,1116,0,0,0,0,0,0,0,0,0,0,0,0,0,0
3597,Zanka,3097,"[2017, 2018]",Huddersfield Town,33,33,0,2958,1,0,29,29,0,2610,2,0,62,62,0,5568,3,0,0,0,0,1,1,2,0,0,0,0,0,0
3598,Christopher Schindler,3098,"[2017, 2018]",Huddersfield Town,38,38,0,3401,0,0,36,36,0,3209,1,0,74,74,0,6610,1,0,0,1,1,0,1,1,0,0,0,0,0,0
3599,Florent Hadergjonaj,3099,"[2017, 2018]",Huddersfield Town,22,20,2,1800,0,0,25,18,7,1713,0,0,47,38,9,3513,0,0,0,0,0,0,0,0,0,0,0,0,0,0
3600,Rajiv van La Parra,3100,"[2017, 2018]",Huddersfield Town,18,14,4,1189,2,0,20,17,3,1364,1,0,38,31,7,2553,3,0,3,0,3,1,1,2,1,0,1,0,0,0
3601,Elias Kachunga,3101,"[2017, 2018]",Huddersfield Town,18,15,3,1233,0,0,21,15,6,1286,1,0,39,30,9,2519,1,0,0,0,0,0,1,1,0,0,0,0,0,0
3602,Laurent Depoitre,3102,"[2017, 2018]",Huddersfield Town,27,11,16,1270,3,0,29,17,12,1599,3,0,56,28,28,2869,6,0,0,1,1,1,2,3,0,0,0,0,0,0
3603,Martin Cranie,3103,[2017],Huddersfield Town,1,0,1,29,0,0,2,2,0,151,0,0,3,2,1,180,0,0,0,0,0,0,0,0,0,0,0,0,0,0
3604,Martin Cranie,3103,"[2003, 2004]",Southampton FC,1,1,0,90,0,0,3,3,0,270,0,0,4,4,0,360,0,0,0,0,0,0,0,0,0,0,0,0,0,0
3605,Martin Cranie,3103,[2007],Portsmouth FC,2,1,1,54,0,0,0,0,0,0,0,0,2,1,1,54,0,0,0,0,0,0,0,0,0,0,0,0,0,0
3606,Chris L√∂we,3104,"[2017, 2018]",Huddersfield Town,28,21,7,1833,0,0,24,21,3,1817,0,0,52,42,10,3650,0,0,0,0,0,0,0,0,0,0,0,0,0,0
3607,Daniel Williams,3105,"[2017, 2018]",Huddersfield Town,10,4,6,460,0,0,15,8,7,752,0,0,25,12,13,1212,0,0,0,0,0,0,0,0,0,0,0,0,0,0
3608,Tom Smith,3106,"[2017, 2018]",Huddersfield Town,17,14,3,1356,0,0,22,20,2,1762,0,0,39,34,5,3118,0,0,0,0,0,0,0,0,0,0,0,0,0,0
3609,Collin Quaner,3107,"[2017, 2018]",Huddersfield Town,14,6,8,606,0,0,14,7,7,704,0,0,28,13,15,1310,0,0,0,0,0,0,0,0,0,0,0,0,0,0
3610,Steve Mouni√©,3108,"[2017, 2018]",Huddersfield Town,30,24,6,2065,5,0,29,16,13,1627,4,0,59,40,19,3692,9,0,3,1,4,4,1,5,0,0,0,0,0,0
3611,Ramiro Funes Mori,3109,"[2015, 2016, 2017]",Everton FC,28,21,7,2041,1,0,27,20,7,1847,3,0,55,41,14,3888,4,0,0,0,0,1,3,4,0,0,0,0,0,0
3612,Mateusz Hewelt,3110,[2016],Everton FC,0,0,0,0,0,0,0,0,0,0,0,0,0,0,0,0,0,0,0,0,0,0,0,0,0,0,0,0,0,0
3613,Anthony Le Tallec,3111,"[2003, 2004]",Liverpool FC,8,1,7,219,0,0,8,3,5,323,0,0,16,4,12,542,0,0,0,0,0,0,0,0,0,0,0,0,0,0
3614,Anthony Le Tallec,3111,[2005],Sunderland AFC,13,6,7,695,2,0,14,6,8,536,1,0,27,12,15,1231,3,0,0,0,0,1,1,2,0,0,0,0,0,0
3615,Luke Amos,3112,[2018],Tottenham Hotspur,0,0,0,0,0,0,1,0,1,2,0,0,1,0,1,2,0,0,0,0,0,0,0,0,0,0,0,0,0,0
3616,Kyle Walker-Peters,3113,"[2015, 2017, 2018, 2019]",Tottenham Hotspur,7,6,1,514,0,0,5,3,2,290,0,0,12,9,3,804,0,0,0,0,0,0,0,0,0,0,0,0,0,0
3617,Chris Sutton,3114,[2006],Aston Villa,4,3,1,285,0,0,4,3,1,307,1,0,8,6,2,592,1,0,0,3,3,0,1,1,0,0,0,0,0,0
3618,Chris Sutton,3114,[2005],Birmingham City,4,4,0,315,0,0,6,6,0,515,1,0,10,10,0,830,1,0,0,0,0,0,1,1,0,0,0,0,0,0
3619,Andr√© Gomes,3115,"[2018, 2019]",Everton FC,23,22,1,1810,1,0,23,19,4,1636,0,0,46,41,5,3446,1,0,0,0,0,1,0,1,0,0,0,0,0,0
3620,Ademola Lookman,3116,"[2016, 2017, 2018]",Everton FC,20,4,16,549,1,0,16,3,13,495,0,0,36,7,29,1044,1,0,0,0,0,0,0,0,0,0,0,0,0,0
3621,Johann Vogel,3117,"[2007, 2008]",Blackburn Rovers,4,3,1,243,0,0,3,3,0,231,0,0,7,6,1,474,0,0,0,0,0,0,0,0,0,0,0,0,0,0
3622,Jack Robinson,3118,"[2009, 2010, 2011, 2012]",Liverpool FC,1,1,0,79,0,0,2,0,2,71,0,0,3,1,2,150,0,0,0,0,0,0,0,0,0,0,0,0,0,0
3623,Jack Robinson,3118,[2019],Sheffield United,1,1,0,90,0,0,5,5,0,415,0,0,6,6,0,505,0,0,0,0,0,0,0,0,0,0,0,0,0,0
3624,Kerim Frei,3119,"[2011, 2012]",Fulham FC,12,3,9,332,0,0,11,5,6,575,0,0,23,8,15,907,0,0,0,0,0,0,0,0,0,0,0,0,0,0
3625,Orlando S√°,3120,[2011],Fulham FC,2,0,2,13,0,0,5,3,2,268,1,0,7,3,4,281,1,0,0,0,0,0,1,1,0,0,0,0,0,0
3626,Obafemi Martins,3121,"[2006, 2007, 2008]",Newcastle United,45,39,6,3436,14,0,40,34,6,3001,14,0,85,73,12,6437,28,0,3,0,3,11,6,17,2,0,2,0,0,0
3627,Obafemi Martins,3121,[2010],Birmingham City,3,3,0,224,0,0,1,0,1,26,0,0,4,3,1,250,0,0,0,0,0,0,0,0,0,0,0,0,0,0
3628,Jamie Ashdown,3122,"[2004, 2005, 2007, 2009]",Portsmouth FC,19,19,0,1710,0,0,23,22,1,1981,0,0,42,41,1,3691,0,0,0,0,0,0,0,0,0,0,0,0,0,0
3629,Eyal Berkovic,3123,"[2003, 2004]",Portsmouth FC,15,11,4,861,1,0,7,5,2,403,1,0,22,16,6,1264,2,0,0,0,0,1,1,2,0,0,0,0,0,0
3630,Eyal Berkovic,3123,[2002],Manchester City,13,13,0,1056,1,0,13,13,0,1016,0,0,26,26,0,2072,1,0,0,0,0,0,0,0,0,0,0,0,0,0
3631,Paul Bosvelt,3124,"[2003, 2004]",Manchester City,25,23,2,2017,1,0,21,20,1,1731,1,0,46,43,3,3748,2,0,0,0,0,1,0,1,0,0,0,0,0,0
3632,Jon Macken,3125,"[2002, 2003, 2004]",Manchester City,23,10,13,1024,2,0,18,11,7,944,0,0,41,21,20,1968,2,0,0,0,0,1,0,1,0,0,0,0,0,0
3633,Jon Macken,3125,[2007],Derby County,2,0,2,16,0,0,1,0,1,25,0,0,3,0,3,41,0,0,0,0,0,0,0,0,0,0,0,0,0,0
3634,Moustapha Salifou,3126,[2007],Aston Villa,1,0,1,1,0,0,3,0,3,43,0,0,4,0,4,44,0,0,0,0,0,0,0,0,0,0,0,0,0,0
3635,Kalifa Ciss√©,3127,[2007],Reading FC,11,5,6,500,0,0,10,5,5,548,1,0,21,10,11,1048,1,0,0,0,0,0,1,1,0,0,0,0,0,0
3636,Aleix Garc√≠a,3128,"[2015, 2016]",Manchester City,2,0,2,19,0,0,2,1,1,56,0,0,4,1,3,75,0,0,0,0,0,0,0,0,0,0,0,0,0,0
3637,Dean Moxey,3129,[2013],Crystal Palace,12,11,1,885,0,0,8,7,1,633,0,0,20,18,2,1518,0,0,0,0,0,0,0,0,0,0,0,0,0,0
3638,Adl√®ne Gu√©dioura,3130,"[2013, 2014]",Crystal Palace,6,3,3,296,0,0,9,1,8,145,0,0,15,4,11,441,0,0,0,0,0,0,0,0,0,0,0,0,0,0
3639,Adl√®ne Gu√©dioura,3130,"[2015, 2016]",Watford FC,14,6,8,575,0,0,16,6,10,568,0,0,30,12,18,1143,0,0,0,0,0,0,0,0,0,0,0,0,0,0
3640,Adl√®ne Gu√©dioura,3130,"[2009, 2010, 2011]",Wolverhampton Wanderers,17,8,9,785,2,0,16,5,11,447,0,0,33,13,20,1232,2,0,3,0,3,1,0,1,0,0,0,0,0,0
3641,Campa√±a,3131,[2013],Crystal Palace,3,2,1,144,0,0,3,2,1,166,0,0,6,4,2,310,0,0,0,0,0,0,0,0,0,0,0,0,0,0
3642,Neil Alexander,3132,[2013],Crystal Palace,0,0,0,0,0,0,0,0,0,0,0,0,0,0,0,0,0,0,0,0,0,0,0,0,0,0,0,0,0,0
3643,Stuart O'Keefe,3133,"[2013, 2014]",Crystal Palace,9,2,7,289,1,0,5,1,4,184,0,0,14,3,11,473,1,0,0,0,0,0,0,0,0,0,0,0,0,0
3644,Jimmy K√©b√©,3134,[2013],Crystal Palace,2,0,2,42,0,0,4,2,2,148,0,0,6,2,4,190,0,0,0,0,0,0,0,0,0,0,0,0,0,0
3645,Jimmy K√©b√©,3134,"[2007, 2012]",Reading FC,11,9,2,783,5,0,12,8,4,697,0,0,23,17,6,1480,5,0,3,0,3,3,0,3,0,0,0,0,0,0
3646,Jason Denayer,3135,[2016],Sunderland AFC,13,12,1,973,0,0,11,10,1,907,0,0,24,22,2,1880,0,0,0,0,0,0,0,0,0,0,0,0,0,0
3647,Jason Denayer,3135,[2015],Manchester City,0,0,0,0,0,0,0,0,0,0,0,0,0,0,0,0,0,0,0,0,0,0,0,0,0,0,0,0,0,0
3648,Lamine Kon√©,3136,"[2015, 2016]",Sunderland AFC,23,22,1,1946,2,0,22,22,0,1914,1,0,45,44,1,3860,3,0,0,0,0,0,1,1,0,0,0,0,0,0
3649,Wahbi Khazri,3137,"[2015, 2016]",Sunderland AFC,20,11,9,1136,3,0,15,9,6,781,0,0,35,20,15,1917,3,0,0,0,0,3,0,3,0,0,0,0,0,0
3650,Mika,3138,[2016],Sunderland AFC,0,0,0,0,0,0,0,0,0,0,0,0,0,0,0,0,0,0,0,0,0,0,0,0,0,0,0,0,0,0
3651,George Honeyman,3139,"[2014, 2015, 2016]",Sunderland AFC,2,0,2,53,0,0,4,2,2,218,0,0,6,2,4,271,0,0,0,0,0,0,0,0,0,0,0,0,0,0
3652,Mouez Hassen,3140,[2016],Southampton FC,0,0,0,0,0,0,0,0,0,0,0,0,0,0,0,0,0,0,0,0,0,0,0,0,0,0,0,0,0,0
3653,Josh Sims,3141,"[2016, 2017, 2018]",Southampton FC,9,3,6,354,0,0,11,1,10,221,0,0,20,4,16,575,0,0,0,0,0,0,0,0,0,0,0,0,0,0
3654,Neil Etheridge,3142,[2018],Cardiff City,19,19,0,1710,0,0,19,19,0,1710,0,0,38,38,0,3420,0,0,0,0,0,0,0,0,0,0,0,0,0,0
3655,Neil Etheridge,3142,"[2010, 2011, 2012, 2013]",Fulham FC,0,0,0,0,0,0,0,0,0,0,0,0,0,0,0,0,0,0,0,0,0,0,0,0,0,0,0,0,0,0
3656,Lee Peltier,3143,[2018],Cardiff City,7,6,1,521,0,0,13,11,2,1022,0,0,20,17,3,1543,0,0,0,0,0,0,0,0,0,0,0,0,0,0
3657,Bruno √âcu√©l√©,3144,[2018],Cardiff City,19,19,0,1710,0,0,19,18,1,1665,0,0,38,37,1,3375,0,0,0,0,0,0,0,0,0,0,0,0,0,0
3658,Sol Bamba,3145,[2018],Cardiff City,14,14,0,1260,2,0,14,14,0,1215,2,0,28,28,0,2475,4,0,3,0,3,1,2,3,0,0,0,0,0,0
3659,Joe Ralls,3146,[2018],Cardiff City,15,9,6,848,0,0,13,13,0,1144,0,0,28,22,6,1992,0,0,0,0,0,0,0,0,0,0,0,0,0,0
3660,Aron Gunnarsson,3147,"[2013, 2018]",Cardiff City,24,20,4,1845,2,0,27,24,3,1971,0,0,51,44,7,3816,2,0,0,0,0,2,0,2,0,0,0,0,0,0
3661,Callum Paterson,3148,[2018],Cardiff City,14,11,3,1024,3,0,13,10,3,972,1,0,27,21,6,1996,4,0,3,0,3,3,0,3,0,0,0,0,0,0
3662,Bobby Reid,3149,[2018],Cardiff City,11,8,3,725,4,0,16,8,8,697,1,0,27,16,11,1422,5,0,0,0,0,2,0,2,1,0,1,0,0,0
3663,Kenneth Zohor√©,3150,[2018],Cardiff City,11,3,8,388,0,0,8,4,4,358,1,0,19,7,12,746,1,0,0,3,3,0,1,1,0,0,0,0,0,0
3664,Alex Smithies,3151,[2018],Cardiff City,0,0,0,0,0,0,0,0,0,0,0,0,0,0,0,0,0,0,0,0,0,0,0,0,0,0,0,0,0,0
3665,Greg Cunningham,3152,[2018],Cardiff City,5,5,0,450,0,0,2,2,0,180,0,0,7,7,0,630,0,0,0,0,0,0,0,0,0,0,0,0,0,0
3666,Greg Cunningham,3152,[2009],Manchester City,1,0,1,1,0,0,1,0,1,1,0,0,2,0,2,2,0,0,0,0,0,0,0,0,0,0,0,0,0,0
3667,Nathaniel Mendez-Laing,3153,[2018],Cardiff City,9,5,4,443,0,0,11,6,5,542,4,0,20,11,9,985,4,0,0,0,0,0,2,2,0,1,1,0,0,0
3668,Rhys Healey,3154,"[2013, 2018]",Cardiff City,2,0,2,30,0,0,2,0,2,32,0,0,4,0,4,62,0,0,0,0,0,0,0,0,0,0,0,0,0,0
3669,Diego Rico,3155,"[2018, 2019]",AFC Bournemouth,17,14,3,1318,0,0,22,18,4,1625,0,0,39,32,7,2943,0,0,0,0,0,0,0,0,0,0,0,0,0,0
3670,Chris Mepham,3156,"[2018, 2019]",AFC Bournemouth,13,10,3,898,1,0,12,10,2,863,0,0,25,20,5,1761,1,0,0,0,0,1,0,1,0,0,0,0,0,0
3671,Marek Matƒõjovsk√Ω,3157,[2007],Reading FC,8,6,2,542,0,0,6,4,2,352,1,0,14,10,4,894,1,0,0,0,0,0,1,1,0,0,0,0,0,0
3672,Gilberto,3158,"[2007, 2008]",Tottenham Hotspur,5,2,3,258,1,0,3,2,1,154,0,0,8,4,4,412,1,0,0,0,0,0,0,0,0,0,0,0,0,0
3673,Kevin-Prince Boateng,3159,"[2007, 2008]",Tottenham Hotspur,5,1,4,165,0,0,8,6,2,419,0,0,13,7,6,584,0,0,0,0,0,0,0,0,0,0,0,0,0,0
3674,Kevin-Prince Boateng,3159,[2009],Portsmouth FC,11,11,0,961,3,0,11,9,2,883,0,0,22,20,2,1844,3,0,0,0,0,2,0,2,1,0,1,0,0,0
3675,Damien Plessis,3160,"[2007, 2008]",Liverpool FC,0,0,0,0,0,0,3,3,0,226,0,0,3,3,0,226,0,0,0,0,0,0,0,0,0,0,0,0,0,0
3676,Petri Pasanen,3161,[2003],Portsmouth FC,7,6,1,535,0,0,5,5,0,405,0,0,12,11,1,940,0,0,0,0,0,0,0,0,0,0,0,0,0,0
3677,Stephen Crainey,3162,[2003],Southampton FC,1,1,0,90,0,0,4,4,0,350,0,0,5,5,0,440,0,0,0,0,0,0,0,0,0,0,0,0,0,0
3678,Stephen Crainey,3162,[2010],Blackpool FC,15,15,0,1309,0,0,16,16,0,1440,0,0,31,31,0,2749,0,0,0,0,0,0,0,0,0,0,0,0,0,0
3679,Lilian Nalis,3163,[2003],Leicester City,11,6,5,544,1,0,9,5,4,488,0,0,20,11,9,1032,1,0,0,0,0,1,0,1,0,0,0,0,0,0
3680,Danny Coyne,3164,[2003],Leicester City,2,0,2,54,0,0,2,1,1,102,0,0,4,1,3,156,0,0,0,0,0,0,0,0,0,0,0,0,0,0
3681,Alan Rogers,3165,"[2001, 2003]",Leicester City,10,7,3,704,0,0,11,9,2,833,0,0,21,16,5,1537,0,0,0,0,0,0,0,0,0,0,0,0,0,0
3682,Emerson,3166,"[2017, 2018, 2019]",Chelsea FC,13,12,1,1012,0,0,17,11,6,952,0,0,30,23,7,1964,0,0,0,0,0,0,0,0,0,0,0,0,0,0
3683,Ethan Ampadu,3167,"[2017, 2018]",Chelsea FC,0,0,0,0,0,0,1,0,1,10,0,0,1,0,1,10,0,0,0,0,0,0,0,0,0,0,0,0,0,0
3684,Christian Poulsen,3168,[2010],Liverpool FC,5,5,0,381,0,0,7,4,3,360,0,0,12,9,3,741,0,0,0,0,0,0,0,0,0,0,0,0,0,0
3685,Milan Jovanoviƒá,3169,[2010],Liverpool FC,4,2,2,172,0,0,6,3,3,288,0,0,10,5,5,460,0,0,0,0,0,0,0,0,0,0,0,0,0,0
3686,Sotirios Kyrgiakos,3170,"[2009, 2010]",Liverpool FC,15,11,4,1173,2,0,15,12,3,1155,1,0,30,23,7,2328,3,0,0,0,0,1,1,2,0,0,0,0,0,0
3687,Sotirios Kyrgiakos,3170,[2011],Sunderland AFC,1,1,0,90,0,0,2,1,1,99,0,0,3,2,1,189,0,0,0,0,0,0,0,0,0,0,0,0,0,0
3688,Dani Pacheco,3171,"[2009, 2010]",Liverpool FC,2,0,2,17,0,0,3,0,3,29,0,0,5,0,5,46,0,0,0,0,0,0,0,0,0,0,0,0,0,0
3689,Pablo Ib√°√±ez,3172,[2010],West Bromwich Albion,4,3,1,286,0,0,6,5,1,494,1,0,10,8,2,780,1,0,0,1,1,0,1,1,0,0,0,0,0,0
3690,Royston Drenthe,3173,[2011],Everton FC,12,5,7,560,1,0,9,5,4,475,2,0,21,10,11,1035,3,0,0,0,0,0,2,2,0,0,0,0,0,0
3691,Kemy Agustien,3174,"[2011, 2012]",Swansea City,15,5,10,564,0,0,16,6,10,711,0,0,31,11,20,1275,0,0,0,0,0,0,0,0,0,0,0,0,0,0
3692,Stephen Dobbie,3175,"[2011, 2012]",Swansea City,4,1,3,128,0,0,4,1,3,130,0,0,8,2,6,258,0,0,0,0,0,0,0,0,0,0,0,0,0,0
3693,Stephen Dobbie,3175,[2013],Crystal Palace,1,1,0,66,0,0,0,0,0,0,0,0,1,1,0,66,0,0,0,0,0,0,0,0,0,0,0,0,0,0
3694,Dame N'Doye,3176,[2014],Hull City,8,8,0,698,3,0,7,5,2,498,2,0,15,13,2,1196,5,0,3,0,3,2,1,3,0,0,0,0,0,0
3695,Dame N'Doye,3176,[2015],Sunderland AFC,5,2,3,218,1,0,6,3,3,349,0,0,11,5,6,567,1,0,0,0,0,1,0,1,0,0,0,0,0,0
3696,Stephen Quinn,3177,"[2013, 2014]",Hull City,18,10,8,875,1,0,25,11,14,1266,0,0,43,21,22,2141,1,0,0,0,0,0,0,0,0,0,0,0,0,0
3697,Stephen Quinn,3177,[2006],Sheffield United,8,8,0,633,2,0,5,5,0,394,0,0,13,13,0,1027,2,0,0,0,0,2,0,2,0,0,0,0,0,0
3698,Ricardo √Ålvarez,3178,[2014],Sunderland AFC,9,4,5,357,0,0,4,1,3,138,0,0,13,5,8,495,0,0,0,0,0,0,0,0,0,0,0,0,0,0
3699,Albert Ferrer,3179,"[2000, 2001, 2002]",Chelsea FC,11,9,2,696,0,0,9,7,2,612,0,0,20,16,4,1308,0,0,0,0,0,0,0,0,0,0,0,0,0,0
3700,Jurado,3180,[2015],Watford FC,15,15,0,1107,0,0,12,12,0,920,0,0,27,27,0,2027,0,0,0,0,0,0,0,0,0,0,0,0,0,0
3701,Juan Paredes,3181,[2015],Watford FC,10,5,5,506,0,0,7,2,5,259,0,0,17,7,10,765,0,0,0,0,0,0,0,0,0,0,0,0,0,0
3702,Obbi Oular√©,3182,[2015],Watford FC,1,0,1,2,0,0,1,0,1,3,0,0,2,0,2,5,0,0,0,0,0,0,0,0,0,0,0,0,0,0
3703,Giedrius Arlauskis,3183,"[2015, 2016]",Watford FC,0,0,0,0,0,0,1,0,1,23,0,0,1,0,1,23,0,0,0,0,0,0,0,0,0,0,0,0,0,0
3704,Ikechi Anya,3184,"[2015, 2016]",Watford FC,13,10,3,889,0,0,16,7,9,800,0,0,29,17,12,1689,0,0,0,0,0,0,0,0,0,0,0,0,0,0
3705,Almen Abdi,3185,[2015],Watford FC,16,10,6,862,1,0,16,15,1,1125,1,0,32,25,7,1987,2,0,0,0,0,1,0,1,0,0,0,0,0,0
3706,Ron-Robert Zieler,3186,[2016],Leicester City,5,4,1,393,0,0,4,4,0,360,0,0,9,8,1,753,0,0,0,0,0,0,0,0,0,0,0,0,0,0
3707,Ond≈ôej ƒåel≈Østka,3187,[2013],Sunderland AFC,11,7,4,712,0,0,10,7,3,621,0,0,21,14,7,1333,0,0,0,0,0,0,0,0,0,0,0,0,0,0
3708,Valentin Roberge,3188,"[2013, 2014]",Sunderland AFC,5,4,1,348,0,0,5,4,1,412,0,0,10,8,2,760,0,0,0,0,0,0,0,0,0,0,0,0,0,0
3709,Alfie Mawson,3189,"[2016, 2017]",Swansea City,33,33,0,2970,4,0,32,32,0,2880,2,0,65,65,0,5850,6,0,3,0,3,3,1,4,0,0,0,0,0,0
3710,Alfie Mawson,3189,[2018],Fulham FC,8,7,1,547,0,0,7,6,1,584,0,0,15,13,2,1131,0,0,0,0,0,0,0,0,0,0,0,0,0,0
3711,Luciano Narsingh,3190,"[2016, 2017]",Swansea City,17,6,11,623,0,0,14,2,12,402,1,0,31,8,23,1025,1,0,0,3,3,0,1,1,0,0,0,0,0,0
3712,Mike van der Hoorn,3191,"[2016, 2017]",Swansea City,17,16,1,1427,2,0,15,15,0,1186,0,0,32,31,1,2613,2,0,0,0,0,0,0,0,0,0,0,0,0,0
3713,Philip Billing,3192,"[2017, 2018]",Huddersfield Town,21,16,5,1445,1,0,22,17,5,1507,1,0,43,33,10,2952,2,0,0,0,0,0,1,1,0,0,0,0,0,0
3714,Philip Billing,3192,[2019],AFC Bournemouth,17,14,3,1227,1,0,17,15,2,1308,0,0,34,29,5,2535,1,0,0,0,0,1,0,1,0,0,0,0,0,0
3715,Joel Coleman,3193,"[2017, 2018]",Huddersfield Town,0,0,0,0,0,0,1,1,0,90,0,0,1,1,0,90,0,0,0,0,0,0,0,0,0,0,0,0,0,0
3716,Abdelhamid Sabiri,3194,"[2017, 2018]",Huddersfield Town,1,1,0,82,0,0,6,2,4,198,0,0,7,3,4,280,0,0,0,0,0,0,0,0,0,0,0,0,0,0
3717,Borja Bast√≥n,3195,[2016],Swansea City,8,4,4,355,0,0,10,0,10,193,1,0,18,4,14,548,1,0,0,0,0,0,0,0,0,0,0,0,0,0
3718,Borja Bast√≥n,3195,[2019],Aston Villa,1,0,1,7,0,0,1,0,1,9,0,0,2,0,2,16,0,0,0,0,0,0,0,0,0,0,0,0,0,0
3719,Jay Fulton,3196,"[2013, 2014, 2015, 2016, 2017]",Swansea City,8,3,5,277,0,0,11,8,3,648,0,0,19,11,8,925,0,0,0,0,0,0,0,0,0,0,0,0,0,0
3720,Oliver McBurnie,3197,"[2016, 2017]",Swansea City,7,0,7,112,0,0,9,2,7,234,0,0,16,2,14,346,0,0,0,0,0,0,0,0,0,0,0,0,0,0
3721,Oliver McBurnie,3197,[2019],Sheffield United,19,13,6,1155,5,0,17,11,6,963,1,0,36,24,12,2118,6,0,4,3,7,3,1,4,0,0,0,0,0,0
3722,Peter Schmeichel,3198,[2002],Manchester City,16,16,0,1440,0,0,11,11,0,990,0,0,27,27,0,2430,0,0,0,0,0,0,0,0,0,0,0,0,0,0
3723,Peter Schmeichel,3198,[2001],Aston Villa,15,15,0,1350,0,0,13,13,0,1170,1,0,28,28,0,2520,1,0,0,0,0,0,0,0,0,0,0,0,0,0
3724,Danny Tiatto,3199,"[2000, 2002, 2003]",Manchester City,27,20,7,1954,1,0,21,19,2,1628,1,0,48,39,9,3582,2,0,1,0,1,1,0,1,0,0,0,0,0,0
3725,Lucien Mettomo,3200,[2002],Manchester City,2,2,0,180,0,0,2,1,1,140,0,0,4,3,1,320,0,0,0,0,0,0,0,0,0,0,0,0,0,0
3726,Niclas Jensen,3201,[2002],Manchester City,17,16,1,1470,1,0,15,15,0,1305,0,0,32,31,1,2775,1,0,0,0,0,0,0,0,0,0,0,0,0,0
3727,Niclas Jensen,3201,[2005],Fulham FC,8,6,2,588,0,0,7,7,0,630,0,0,15,13,2,1218,0,0,0,0,0,0,0,0,0,0,0,0,0,0
3728,Marc-Vivien Fo√©,3202,[2002],Manchester City,19,19,0,1667,5,0,15,15,0,1350,4,0,34,34,0,3017,9,0,0,1,1,2,3,5,0,0,0,0,0,0
3729,Shaun Goater,3203,"[2000, 2002]",Manchester City,28,20,8,1730,6,0,22,12,10,1170,7,0,50,32,18,2900,13,0,1,8,9,4,6,10,0,0,0,0,0,0
3730,Ali Benarbia,3204,[2002],Manchester City,17,10,7,992,3,0,15,10,5,981,0,0,32,20,12,1973,3,0,0,0,0,2,0,2,0,0,0,0,0,0
3731,Kevin Horlock,3205,"[2000, 2002]",Manchester City,19,14,5,1176,1,0,22,19,3,1628,1,0,41,33,8,2804,2,0,0,0,0,0,1,1,0,1,1,0,0,0
3732,Tommy Elphick,3206,[2015],AFC Bournemouth,6,5,1,472,1,0,6,6,0,540,0,0,12,11,1,1012,1,0,0,0,0,0,0,0,0,0,0,0,0,0
3733,Lewis Grabban,3207,"[2015, 2016]",AFC Bournemouth,9,3,6,386,0,0,9,1,8,239,0,0,18,4,14,625,0,0,0,0,0,0,0,0,0,0,0,0,0,0
3734,Jordan Holmes,3208,[2015],AFC Bournemouth,0,0,0,0,0,0,0,0,0,0,0,0,0,0,0,0,0,0,0,0,0,0,0,0,0,0,0,0,0,0
3735,Corey Jordan,3209,[2015],AFC Bournemouth,0,0,0,0,0,0,0,0,0,0,0,0,0,0,0,0,0,0,0,0,0,0,0,0,0,0,0,0,0,0
3736,Elvijs Putni≈Ü≈°,3210,[2011],Queens Park Rangers,0,0,0,0,0,0,0,0,0,0,0,0,0,0,0,0,0,0,0,0,0,0,0,0,0,0,0,0,0,0
3737,Axel Tuanzebe,3211,"[2015, 2016, 2017, 2019]",Manchester United,3,2,1,181,0,0,7,4,3,312,0,0,10,6,4,493,0,0,0,0,0,0,0,0,0,0,0,0,0,0
3738,Matty Willock,3212,[2016],Manchester United,0,0,0,0,0,0,0,0,0,0,0,0,0,0,0,0,0,0,0,0,0,0,0,0,0,0,0,0,0,0
3739,Rekeem Harper,3213,"[2016, 2017]",West Bromwich Albion,1,0,1,20,0,0,0,0,0,0,0,0,1,0,1,20,0,0,0,0,0,0,0,0,0,0,0,0,0,0
3740,Terence Kongolo,3214,"[2017, 2018]",Huddersfield Town,23,21,2,1822,0,0,22,22,0,1947,1,0,45,43,2,3769,1,0,0,0,0,0,0,0,0,0,0,0,0,0
3741,Jon Stankoviƒá,3215,"[2017, 2018]",Huddersfield Town,3,3,0,218,0,0,8,6,2,502,1,0,11,9,2,720,1,0,0,0,0,0,0,0,0,0,0,0,0,0
3742,Erik Durm,3216,[2018],Huddersfield Town,13,8,5,875,0,0,15,13,2,1183,0,0,28,21,7,2058,0,0,0,0,0,0,0,0,0,0,0,0,0,0
3743,Juninho Bacuna,3217,[2018],Huddersfield Town,11,8,3,723,0,0,10,8,2,692,1,0,21,16,5,1415,1,0,0,0,0,0,1,1,0,0,0,0,0,0
3744,Karlan Grant,3218,[2018],Huddersfield Town,6,3,3,331,2,0,7,6,1,543,2,0,13,9,4,874,4,0,0,0,0,0,1,1,0,0,0,0,0,0
3745,Matty Daly,3219,[2018],Huddersfield Town,1,0,1,49,0,0,1,0,1,24,0,0,2,0,2,73,0,0,0,0,0,0,0,0,0,0,0,0,0,0
3746,Carl Robinson,3220,[2005],Sunderland AFC,3,1,2,105,0,0,2,2,0,171,0,0,5,3,2,276,0,0,0,0,0,0,0,0,0,0,0,0,0,0
3747,Carl Robinson,3220,[2003],Chelsea FC,1,0,1,5,0,0,0,0,0,0,0,0,1,0,1,5,0,0,0,0,0,0,0,0,0,0,0,0,0,0
3748,Tommy Miller,3221,[2005],Sunderland AFC,16,16,0,1322,1,0,13,11,2,994,2,0,29,27,2,2316,3,0,0,0,0,1,2,3,0,0,0,0,0,0
3749,Tommy Miller,3221,[2001],Ipswich Town,2,2,0,180,0,0,6,3,3,334,0,0,8,5,3,514,0,0,0,0,0,0,0,0,0,0,0,0,0,0
3750,Andy Gray,3222,[2005],Sunderland AFC,11,8,3,594,1,0,10,5,5,530,0,0,21,13,8,1124,1,0,0,0,0,1,0,1,0,0,0,0,0,0
3751,Andy Welsh,3223,[2005],Sunderland AFC,9,8,1,718,0,0,5,4,1,326,0,0,14,12,2,1044,0,0,0,0,0,0,0,0,0,0,0,0,0,0
3752,Stephen Elliott,3224,[2005],Sunderland AFC,7,6,1,514,1,0,8,5,3,549,1,0,15,11,4,1063,2,0,0,0,0,0,1,1,0,0,0,0,0,0
3753,Stephen Elliott,3224,[2003],Manchester City,0,0,0,0,0,0,2,0,2,18,0,0,2,0,2,18,0,0,0,0,0,0,0,0,0,0,0,0,0,0
3754,Stephan Andersen,3225,"[2004, 2005]",Charlton Athletic,8,8,0,720,0,0,8,8,0,720,0,0,16,16,0,1440,0,0,0,0,0,0,0,0,0,0,0,0,0,0
3755,Molla Wagu√©,3226,[2017],Watford FC,3,3,0,244,1,0,3,2,1,195,0,0,6,5,1,439,1,0,0,0,0,1,0,1,0,0,0,0,0,0
3756,Marvin Zeegelaar,3227,[2017],Watford FC,7,7,0,630,0,0,5,5,0,416,0,0,12,12,0,1046,0,0,0,0,0,0,0,0,0,0,0,0,0,0
3757,Renato Sanches,3228,[2017],Swansea City,5,4,1,313,0,0,7,5,2,392,0,0,12,9,3,705,0,0,0,0,0,0,0,0,0,0,0,0,0,0
3758,Roque Mesa,3229,[2017],Swansea City,6,5,1,470,0,0,5,4,1,287,0,0,11,9,2,757,0,0,0,0,0,0,0,0,0,0,0,0,0,0
3759,Luis Garc√≠a,3230,"[2004, 2005, 2006]",Liverpool FC,41,31,10,2861,10,0,36,21,15,2076,8,0,77,52,25,4937,18,0,3,7,10,2,7,9,0,0,0,0,0,0
3760,Morientes,3231,"[2004, 2005]",Liverpool FC,22,17,5,1563,6,0,19,15,4,1277,2,0,41,32,9,2840,8,0,0,0,0,3,2,5,0,0,0,0,0,0
3761,Juan Iturbe,3232,[2015],AFC Bournemouth,2,0,2,55,0,0,0,0,0,0,0,0,2,0,2,55,0,0,0,0,0,0,0,0,0,0,0,0,0,0
3762,Tiago Ilori,3233,[2013],Liverpool FC,0,0,0,0,0,0,0,0,0,0,0,0,0,0,0,0,0,0,0,0,0,0,0,0,0,0,0,0,0,0
3763,Tiago Ilori,3233,[2015],Aston Villa,0,0,0,0,0,0,0,0,0,0,0,0,0,0,0,0,0,0,0,0,0,0,0,0,0,0,0,0,0,0
3764,Florian Marange,3234,[2013],Crystal Palace,0,0,0,0,0,0,1,1,0,90,0,0,1,1,0,90,0,0,0,0,0,0,0,0,0,0,0,0,0,0
3765,Lewis Price,3235,[2013],Crystal Palace,0,0,0,0,0,0,0,0,0,0,0,0,0,0,0,0,0,0,0,0,0,0,0,0,0,0,0,0,0,0
3766,Lewis Price,3235,[2007],Derby County,4,4,0,360,0,0,2,2,0,180,0,0,6,6,0,540,0,0,0,0,0,0,0,0,0,0,0,0,0,0
3767,Ryan Inniss,3236,[2013],Crystal Palace,0,0,0,0,0,0,0,0,0,0,0,0,0,0,0,0,0,0,0,0,0,0,0,0,0,0,0,0,0,0
3768,Andr√©s D'Alessandro,3237,[2005],Portsmouth FC,8,8,0,651,0,0,5,5,0,426,1,0,13,13,0,1077,1,0,0,0,0,0,1,1,0,0,0,0,0,0
3769,Ryan Noble,3238,"[2010, 2011]",Sunderland AFC,2,0,2,22,0,0,3,0,3,45,0,0,5,0,5,67,0,0,0,0,0,0,0,0,0,0,0,0,0,0
3770,Cristian Riveros,3239,[2010],Sunderland AFC,3,2,1,181,0,0,9,3,6,320,1,0,12,5,7,501,1,0,0,0,0,0,0,0,0,0,0,0,0,0
3771,James Vaughan,3240,"[2004, 2006, 2007, 2008, 2009, 2010]",Everton FC,23,5,18,602,5,0,22,2,20,384,2,0,45,7,38,986,7,0,0,1,1,1,2,3,0,0,0,0,0,0
3772,James Vaughan,3240,"[2011, 2012]",Norwich City,3,0,3,76,0,0,2,1,1,72,0,0,5,1,4,148,0,0,0,0,0,0,0,0,0,0,0,0,0,0
3773,James Vaughan,3240,[2005],Fulham FC,1,0,1,13,0,0,0,0,0,0,0,0,1,0,1,13,0,0,0,0,0,0,0,0,0,0,0,0,0,0
3774,Rafael Schmitz,3241,[2007],Birmingham City,7,5,2,465,0,0,8,7,1,611,0,0,15,12,3,1076,0,0,0,0,0,0,0,0,0,0,0,0,0,0
3775,Dani√´l de Ridder,3242,[2007],Birmingham City,4,3,1,287,0,0,6,3,3,291,0,0,10,6,4,578,0,0,0,0,0,0,0,0,0,0,0,0,0,0
3776,Dani√´l de Ridder,3242,"[2008, 2010]",Wigan Athletic,8,3,5,342,0,0,10,2,8,233,0,0,18,5,13,575,0,0,0,0,0,0,0,0,0,0,0,0,0,0
3777,Tony Adams,3243,"[2000, 2001]",Arsenal FC,24,24,0,2160,1,0,11,11,0,977,0,0,35,35,0,3137,1,0,0,0,0,0,0,0,0,0,0,0,0,0
3778,Oleg Luzhniy,3244,"[2000, 2001, 2002]",Arsenal FC,26,22,4,1919,0,0,25,17,8,1663,0,0,51,39,12,3582,0,0,0,0,0,0,0,0,0,0,0,0,0,0
3779,Oleg Luzhniy,3244,[2003],Wolverhampton Wanderers,1,1,0,90,0,0,5,3,2,303,0,0,6,4,2,393,0,0,0,0,0,0,0,0,0,0,0,0,0,0
3780,Gilles Grimandi,3245,"[2000, 2001]",Arsenal FC,29,20,9,1811,1,0,27,19,8,1743,0,0,56,39,17,3554,1,0,0,0,0,1,0,1,0,0,0,0,0,0
3781,Patrick M'Boma,3246,[2001],Sunderland AFC,4,2,2,236,0,0,5,3,2,236,1,0,9,5,4,472,1,0,0,0,0,0,1,1,0,0,0,0,0,0
3782,Philippe Christanval,3247,"[2005, 2006, 2007]",Fulham FC,19,14,5,1345,0,0,15,10,5,994,1,0,34,24,10,2339,1,0,0,1,1,0,1,1,0,0,0,0,0,0
3783,Vincenzo Montella,3248,[2006],Fulham FC,6,2,4,214,2,0,3,0,3,65,0,0,9,2,7,279,2,0,0,0,0,2,0,2,1,0,1,0,0,0
3784,Lazar Markoviƒá,3249,[2014],Liverpool FC,10,6,4,477,1,0,9,5,4,457,1,0,19,11,8,934,2,0,0,3,3,1,1,2,0,0,0,0,0,0
3785,Lazar Markoviƒá,3249,[2016],Hull City,5,5,0,402,2,0,7,7,0,610,0,0,12,12,0,1012,2,0,0,0,0,2,0,2,0,0,0,0,0,0
3786,Lazar Markoviƒá,3249,[2018],Fulham FC,0,0,0,0,0,0,1,0,1,44,0,0,1,0,1,44,0,0,0,0,0,0,0,0,0,0,0,0,0,0
3787,Cameron Brannagan,3250,"[2014, 2015]",Liverpool FC,1,0,1,12,0,0,2,1,1,100,0,0,3,1,2,112,0,0,0,0,0,0,0,0,0,0,0,0,0,0
3788,Mart√≠n C√°ceres,3251,[2016],Southampton FC,0,0,0,0,0,0,1,1,0,90,0,0,1,1,0,90,0,0,0,0,0,0,0,0,0,0,0,0,0,0
3789,J√©r√©my Pied,3252,"[2016, 2017]",Southampton FC,4,1,3,126,0,0,2,2,0,180,0,0,6,3,3,306,0,0,0,0,0,0,0,0,0,0,0,0,0,0
3790,Lorik Cana,3253,[2009],Sunderland AFC,15,15,0,1350,0,0,15,13,2,1169,0,0,30,28,2,2519,0,0,0,0,0,0,0,0,0,0,0,0,0,0
3791,Matt Clarke,3254,[2000],Bradford City,9,9,0,810,0,0,6,6,0,540,0,0,15,15,0,1350,0,0,0,0,0,0,0,0,0,0,0,0,0,0
3792,David Wetherall,3255,[2000],Bradford City,9,9,0,810,1,0,6,6,0,489,0,0,15,15,0,1299,1,0,0,0,0,1,0,1,0,0,0,0,0,0
3793,David Hopkin,3256,[2000],Bradford City,5,4,1,366,0,0,6,4,2,388,0,0,11,8,3,754,0,0,0,0,0,0,0,0,0,0,0,0,0,0
3794,Ashley Ward,3257,[2000],Bradford City,15,10,5,987,3,0,12,8,4,772,1,0,27,18,9,1759,4,0,0,0,0,2,0,2,0,0,0,0,0,0
3795,Lee Dixon,3258,"[2000, 2001]",Arsenal FC,22,14,8,1446,1,0,19,15,4,1434,0,0,41,29,12,2880,1,0,0,0,0,0,0,0,0,0,0,0,0,0
3796,Apostolos Vellios,3259,"[2010, 2011, 2012, 2013]",Everton FC,15,1,14,224,1,0,7,1,6,115,2,0,22,2,20,339,3,0,0,0,0,1,0,1,0,0,0,0,0,0
3797,Hierro,3260,[2004],Bolton Wanderers,13,6,7,601,0,0,14,8,6,737,1,0,27,14,13,1338,1,0,0,0,0,0,1,1,0,0,0,0,0,0
3798,Josemi,3261,"[2004, 2005]",Liverpool FC,10,6,4,493,0,0,11,10,1,905,0,0,21,16,5,1398,0,0,0,0,0,0,0,0,0,0,0,0,0,0
3799,Maicon,3262,[2012],Manchester City,5,2,3,244,0,0,4,2,2,272,0,0,9,4,5,516,0,0,0,0,0,0,0,0,0,0,0,0,0,0
3800,Vincent Candela,3263,[2004],Bolton Wanderers,5,4,1,361,0,0,4,4,0,330,0,0,9,8,1,691,0,0,0,0,0,0,0,0,0,0,0,0,0,0
3801,Zdenƒõk Grygera,3264,[2011],Fulham FC,3,3,0,225,0,0,2,2,0,180,0,0,5,5,0,405,0,0,0,0,0,0,0,0,0,0,0,0,0,0
3802,Bryan Ruiz,3265,"[2011, 2012, 2013]",Fulham FC,35,28,7,2453,6,0,33,23,10,2245,1,0,68,51,17,4698,7,0,0,0,0,2,1,3,0,0,0,0,0,0
3803,Marcel Gecov,3266,[2011],Fulham FC,1,0,1,1,0,0,1,0,1,5,0,0,2,0,2,6,0,0,0,0,0,0,0,0,0,0,0,0,0,0
3804,Ahmad Elrich,3267,[2005],Fulham FC,4,1,3,90,0,0,2,1,1,67,0,0,6,2,4,157,0,0,0,0,0,0,0,0,0,0,0,0,0,0
3805,Tony Warner,3268,"[2005, 2007]",Fulham FC,8,7,1,657,0,0,12,11,1,1009,0,0,20,18,2,1666,0,0,0,0,0,0,0,0,0,0,0,0,0,0
3806,Mark Delaney,3269,"[2000, 2001, 2002, 2003, 2004, 2005]",Aston Villa,61,56,5,5089,1,0,64,60,4,5315,0,0,125,116,9,10404,1,0,0,0,0,0,0,0,0,0,0,0,0,0
3807,Marcus Allb√§ck,3270,"[2002, 2003]",Aston Villa,18,7,11,776,4,0,16,9,7,920,2,0,34,16,18,1696,6,0,3,0,3,3,2,5,0,0,0,0,0,0
3808,Stefan Postma,3271,"[2002, 2003, 2004]",Aston Villa,6,3,3,397,0,0,5,4,1,404,0,0,11,7,4,801,0,0,0,0,0,0,0,0,0,0,0,0,0,0
3809,Silas,3272,[2003],Wolverhampton Wanderers,3,1,2,74,0,0,6,1,5,168,0,0,9,2,7,242,0,0,0,0,0,0,0,0,0,0,0,0,0,0
3810,Ke Li,3273,[2011],Arsenal FC,1,0,1,44,0,0,0,0,0,0,0,0,1,0,1,44,0,0,0,0,0,0,0,0,0,0,0,0,0,0
3811,Chu-young Park,3274,"[2011, 2013]",Arsenal FC,1,0,1,6,0,0,0,0,0,0,0,0,1,0,1,6,0,0,0,0,0,0,0,0,0,0,0,0,0,0
3812,Ignasi Miquel,3275,"[2010, 2011, 2012]",Arsenal FC,2,0,2,82,0,0,3,1,2,136,0,0,5,1,4,218,0,0,0,0,0,0,0,0,0,0,0,0,0,0
3813,Demetri Mitchell,3276,[2016],Manchester United,1,1,0,90,0,0,0,0,0,0,0,0,1,1,0,90,0,0,0,0,0,0,0,0,0,0,0,0,0,0
3814,Josh Harrop,3277,[2016],Manchester United,1,1,0,90,1,0,0,0,0,0,0,0,1,1,0,90,1,0,0,0,0,1,0,1,0,0,0,0,0,0
3815,Angel Gomes,3278,"[2016, 2018, 2019]",Manchester United,4,0,4,37,0,0,1,0,1,9,0,0,5,0,5,46,0,0,0,0,0,0,0,0,0,0,0,0,0,0
3816,Kieran O'Hara,3279,[2016],Manchester United,0,0,0,0,0,0,0,0,0,0,0,0,0,0,0,0,0,0,0,0,0,0,0,0,0,0,0,0,0,0
3817,Zachary Dearnley,3280,[2016],Manchester United,0,0,0,0,0,0,0,0,0,0,0,0,0,0,0,0,0,0,0,0,0,0,0,0,0,0,0,0,0,0
3818,Ola Aina,3281,"[2015, 2016]",Chelsea FC,3,0,3,24,0,0,0,0,0,0,0,0,3,0,3,24,0,0,0,0,0,0,0,0,0,0,0,0,0,0
3819,Justin Hoyte,3282,[2005],Sunderland AFC,15,15,0,1321,1,0,12,12,0,1054,0,0,27,27,0,2375,1,0,0,0,0,1,0,1,0,0,0,0,0,0
3820,Justin Hoyte,3282,"[2002, 2003, 2004, 2006, 2007]",Arsenal FC,13,9,4,718,1,0,20,14,6,1226,0,0,33,23,10,1944,1,0,0,0,0,0,0,0,0,0,0,0,0,0
3821,Justin Hoyte,3282,[2008],Middlesbrough FC,9,8,1,745,0,0,13,9,4,858,0,0,22,17,5,1603,0,0,0,0,0,0,0,0,0,0,0,0,0,0
3822,Christian Bassila,3283,[2005],Sunderland AFC,7,7,0,518,0,0,6,5,1,464,0,0,13,12,1,982,0,0,0,0,0,0,0,0,0,0,0,0,0,0
3823,Christian Bassila,3283,[2000],West Ham United,3,0,3,78,0,0,0,0,0,0,0,0,3,0,3,78,0,0,0,0,0,0,0,0,0,0,0,0,0,0
3824,Jay Emmanuel-Thomas,3284,[2010],Arsenal FC,0,0,0,0,0,0,1,0,1,9,0,0,1,0,1,9,0,0,0,0,0,0,0,0,0,0,0,0,0,0
3825,Carlos Vela,3285,"[2008, 2009, 2010]",Arsenal FC,20,1,19,472,2,0,9,2,7,234,1,0,29,3,26,706,3,0,0,0,0,0,0,0,0,0,0,0,0,0
3826,Victor Camarasa,3286,[2019],Crystal Palace,0,0,0,0,0,0,1,0,1,5,0,0,1,0,1,5,0,0,0,0,0,0,0,0,0,0,0,0,0,0
3827,Victor Camarasa,3286,[2018],Cardiff City,16,16,0,1267,4,0,16,15,1,1312,1,0,32,31,1,2579,5,0,0,3,3,2,1,3,1,0,1,0,0,0
3828,Ben Woodburn,3287,"[2016, 2017]",Liverpool FC,3,0,3,37,0,0,3,1,2,53,0,0,6,1,5,90,0,0,0,0,0,0,0,0,0,0,0,0,0,0
3829,Ryan Allsop,3288,"[2015, 2016]",AFC Bournemouth,1,0,1,44,0,0,1,1,0,90,0,0,2,1,1,134,0,0,0,0,0,0,0,0,0,0,0,0,0,0
3830,Baily Cargill,3289,"[2015, 2016]",AFC Bournemouth,0,0,0,0,0,0,1,0,1,12,0,0,1,0,1,12,0,0,0,0,0,0,0,0,0,0,0,0,0,0
3831,Jean Makoun,3290,"[2010, 2011]",Aston Villa,3,3,0,247,0,0,4,4,0,327,0,0,7,7,0,574,0,0,0,0,0,0,0,0,0,0,0,0,0,0
3832,Andy Marshall,3291,"[2010, 2011, 2012]",Aston Villa,0,0,0,0,0,0,0,0,0,0,0,0,0,0,0,0,0,0,0,0,0,0,0,0,0,0,0,0,0,0
3833,Andy Marshall,3291,[2001],Ipswich Town,7,7,0,630,0,0,6,6,0,540,0,0,13,13,0,1170,0,0,0,0,0,0,0,0,0,0,0,0,0,0
3834,Kadeem Harris,3292,[2018],Cardiff City,5,1,4,133,1,0,8,2,6,233,0,0,13,3,10,366,1,0,0,0,0,0,0,0,0,0,0,0,0,0
3835,Ryan Giles,3293,"[2018, 2019]",Wolverhampton Wanderers,0,0,0,0,0,0,0,0,0,0,0,0,0,0,0,0,0,0,0,0,0,0,0,0,0,0,0,0,0,0
3836,Bj√∏rn Helge Riise,3294,"[2009, 2010, 2011]",Fulham FC,6,1,5,144,0,0,9,4,5,290,0,0,15,5,10,434,0,0,0,0,0,0,0,0,0,0,0,0,0,0
3837,Eddie Johnson,3295,"[2007, 2009, 2010]",Fulham FC,10,2,8,317,0,0,9,3,6,305,0,0,19,5,14,622,0,0,0,0,0,0,0,0,0,0,0,0,0,0
3838,Marek ƒåech,3296,"[2008, 2010, 2011]",West Bromwich Albion,13,9,4,866,0,0,10,8,2,688,0,0,23,17,6,1554,0,0,0,0,0,0,0,0,0,0,0,0,0,0
3839,James Hurst,3297,"[2010, 2011]",West Bromwich Albion,0,0,0,0,0,0,1,1,0,90,0,0,1,1,0,90,0,0,0,0,0,0,0,0,0,0,0,0,0,0
3840,J√¥,3298,"[2008, 2009]",Everton FC,14,8,6,669,5,0,13,9,4,776,0,0,27,17,10,1445,5,0,0,0,0,2,0,2,1,0,1,0,0,0
3841,J√¥,3298,[2010],Manchester City,4,0,4,72,0,0,8,3,5,269,0,0,12,3,9,341,0,0,0,0,0,0,0,0,0,0,0,0,0,0
3842,Matteo Ferrari,3299,[2005],Everton FC,4,2,2,197,0,0,4,4,0,335,0,0,8,6,2,532,0,0,0,0,0,0,0,0,0,0,0,0,0,0
3843,Stefan Saviƒá,3300,"[2011, 2012]",Manchester City,6,2,4,246,0,0,5,3,2,296,1,0,11,5,6,542,1,0,0,0,0,0,0,0,0,0,0,0,0,0
3844,Gervinho,3301,"[2011, 2012]",Arsenal FC,23,15,8,1332,6,0,23,16,7,1387,3,0,46,31,15,2719,9,0,0,0,0,4,1,5,0,0,0,0,0,0
3845,Luke Chadwick,3302,"[2000, 2001, 2002]",Manchester United,13,6,7,544,0,0,11,5,6,512,2,0,24,11,13,1056,2,0,0,0,0,0,1,1,0,0,0,0,0,0
3846,Carlo Nash,3303,"[2000, 2002]",Manchester City,6,6,0,540,0,0,9,9,0,810,0,0,15,15,0,1350,0,0,0,0,0,0,0,0,0,0,0,0,0,0
3847,Carlo Nash,3303,"[2003, 2004]",Middlesbrough FC,1,1,0,90,0,0,2,2,0,180,0,0,3,3,0,270,0,0,0,0,0,0,0,0,0,0,0,0,0,0
3848,Carlo Nash,3303,[2013],Norwich City,0,0,0,0,0,0,0,0,0,0,0,0,0,0,0,0,0,0,0,0,0,0,0,0,0,0,0,0,0,0
3849,Carlo Nash,3303,[2010],Stoke City,0,0,0,0,0,0,0,0,0,0,0,0,0,0,0,0,0,0,0,0,0,0,0,0,0,0,0,0,0,0
3850,Laurent Charvet,3304,[2000],Manchester City,10,7,3,649,0,0,8,7,1,613,0,0,18,14,4,1262,0,0,0,0,0,0,0,0,0,0,0,0,0,0
3851,Stephen Howey,3305,"[2000, 2002]",Manchester City,27,27,0,2387,5,0,29,29,0,2413,3,0,56,56,0,4800,8,0,0,2,2,3,3,6,0,0,0,0,0,0
3852,Stephen Howey,3305,[2003],Leicester City,6,6,0,466,1,0,7,7,0,501,0,0,13,13,0,967,1,0,0,0,0,0,0,0,0,0,0,0,0,0
3853,Gerard Wiekens,3306,"[2000, 2002]",Manchester City,18,15,3,1298,0,0,19,16,3,1394,2,0,37,31,6,2692,2,0,0,0,0,0,1,1,0,0,0,0,0,0
3854,Alf-Inge H√•land,3307,[2000],Manchester City,17,17,0,1450,2,0,16,16,0,1412,1,0,33,33,0,2862,3,0,0,0,0,0,1,1,0,0,0,0,0,0
3855,Tony Grant,3308,[2000],Manchester City,4,1,3,180,0,0,5,3,2,230,0,0,9,4,5,410,0,0,0,0,0,0,0,0,0,0,0,0,0,0
3856,Jeff Whitley,3309,[2000],Manchester City,14,13,1,1129,0,0,15,14,1,1221,1,0,29,27,2,2350,1,0,0,0,0,0,1,1,0,0,0,0,0,0
3857,Paulo Wanchope,3310,"[2000, 2003]",Manchester City,23,16,7,1548,9,0,24,19,5,1684,6,0,47,35,12,3232,15,0,4,4,8,6,4,10,0,0,0,0,0,0
3858,Spencer Prior,3311,[2000],Manchester City,8,8,0,720,0,0,11,8,3,773,1,0,19,16,3,1493,1,0,0,0,0,0,1,1,0,0,0,0,0,0
3859,Andrey Kanchelskis,3312,[2000],Manchester City,4,3,1,250,0,0,5,3,2,343,0,0,9,6,3,593,0,0,0,0,0,0,0,0,0,0,0,0,0,0
3860,Andrey Kanchelskis,3312,[2002],Southampton FC,1,0,1,34,0,0,0,0,0,0,0,0,1,0,1,34,0,0,0,0,0,0,0,0,0,0,0,0,0,0
3861,Owen Hargreaves,3313,"[2007, 2008, 2009, 2010]",Manchester United,14,10,4,859,1,0,14,9,5,882,1,0,28,19,9,1741,2,0,3,0,3,1,1,2,0,0,0,0,0,0
3862,Owen Hargreaves,3313,[2011],Manchester City,1,0,1,13,0,0,0,0,0,0,0,0,1,0,1,13,0,0,0,0,0,0,0,0,0,0,0,0,0,0
3863,Papy Djilobodji,3314,[2016],Sunderland AFC,10,9,1,858,0,0,8,8,0,720,0,0,18,17,1,1578,0,0,0,0,0,0,0,0,0,0,0,0,0,0
3864,Papy Djilobodji,3314,[2015],Chelsea FC,0,0,0,0,0,0,0,0,0,0,0,0,0,0,0,0,0,0,0,0,0,0,0,0,0,0,0,0,0,0
3865,Lynden Gooch,3315,"[2015, 2016]",Sunderland AFC,4,2,2,154,0,0,7,2,5,210,0,0,11,4,7,364,0,0,0,0,0,0,0,0,0,0,0,0,0,0
3866,Donald Love,3316,[2016],Sunderland AFC,7,5,2,481,0,0,5,1,4,126,0,0,12,6,6,607,0,0,0,0,0,0,0,0,0,0,0,0,0,0
3867,Donald Love,3316,[2015],Manchester United,0,0,0,0,0,0,1,0,1,53,0,0,1,0,1,53,0,0,0,0,0,0,0,0,0,0,0,0,0,0
3868,Stephen Kingsley,3317,"[2015, 2016]",Swansea City,10,9,1,807,0,0,7,7,0,586,0,0,17,16,1,1393,0,0,0,0,0,0,0,0,0,0,0,0,0,0
3869,Lucas P√©rez,3318,[2016],Arsenal FC,6,2,4,207,0,0,5,0,5,58,1,0,11,2,9,265,1,0,0,0,0,0,0,0,0,0,0,0,0,0
3870,Lucas P√©rez,3318,[2018],West Ham United,10,2,8,287,3,0,5,2,3,181,0,0,15,4,11,468,3,0,0,0,0,2,0,2,0,0,0,0,0,0
3871,David May,3319,"[2000, 2001, 2002]",Manchester United,2,2,0,168,0,0,3,1,2,101,0,0,5,3,2,269,0,0,0,0,0,0,0,0,0,0,0,0,0,0
3872,Fabian Wilnis,3320,"[2000, 2001]",Ipswich Town,22,15,7,1331,1,0,19,16,3,1468,1,0,41,31,10,2799,2,0,0,3,3,1,1,2,0,0,0,0,0,0
3873,Moritz Bauer,3321,[2017],Stoke City,6,6,0,519,0,0,8,8,0,700,0,0,14,14,0,1219,0,0,0,0,0,0,0,0,0,0,0,0,0,0
3874,Bruno Martins Indi,3322,"[2016, 2017]",Stoke City,25,23,2,2061,0,0,26,25,1,2240,1,0,51,48,3,4301,1,0,0,0,0,0,1,1,0,0,0,0,0,0
3875,Badou N'Diaye,3323,[2017],Stoke City,5,5,0,439,1,0,7,7,0,611,1,0,12,12,0,1050,2,0,0,0,0,1,1,2,0,0,0,0,0,0
3876,Tyrese Campbell,3324,[2017],Stoke City,3,0,3,49,0,0,1,0,1,26,0,0,4,0,4,75,0,0,0,0,0,0,0,0,0,0,0,0,0,0
3877,Carl Hoefkens,3325,[2008],West Bromwich Albion,6,4,2,422,0,0,4,2,2,237,0,0,10,6,4,659,0,0,0,0,0,0,0,0,0,0,0,0,0,0
3878,Ryan Donk,3326,[2008],West Bromwich Albion,9,7,2,624,0,0,7,7,0,630,0,0,16,14,2,1254,0,0,0,0,0,0,0,0,0,0,0,0,0,0
3879,Pel√©,3327,[2008],West Bromwich Albion,2,1,1,141,0,0,1,0,1,2,0,0,3,1,2,143,0,0,0,0,0,0,0,0,0,0,0,0,0,0
3880,Richard Eckersley,3328,[2008],Manchester United,0,0,0,0,0,0,2,0,2,49,0,0,2,0,2,49,0,0,0,0,0,0,0,0,0,0,0,0,0,0
3881,Zoran To≈°iƒá,3329,[2008],Manchester United,0,0,0,0,0,0,2,0,2,16,0,0,2,0,2,16,0,0,0,0,0,0,0,0,0,0,0,0,0,0
3882,Igors Stepanovs,3330,"[2000, 2001, 2002]",Arsenal FC,9,9,0,810,0,0,8,8,0,675,0,0,17,17,0,1485,0,0,0,0,0,0,0,0,0,0,0,0,0,0
3883,Martin Paterson,3331,[2009],Burnley FC,12,9,3,756,2,0,11,8,3,679,2,0,23,17,6,1435,4,0,0,0,0,2,1,3,0,0,0,0,0,0
3884,Steven Thompson,3332,[2009],Burnley FC,10,1,9,170,2,0,10,0,10,212,2,0,20,1,19,382,4,0,0,0,0,0,0,0,0,0,0,0,0,0
3885,Hassan Yebda,3333,[2009],Portsmouth FC,11,9,2,793,0,0,7,6,1,487,2,0,18,15,3,1280,2,0,0,6,6,0,2,2,0,1,1,0,0,0
3886,Fr√©d√©ric Piquionne,3334,[2009],Portsmouth FC,16,14,2,1166,3,0,18,12,6,1112,2,0,34,26,8,2278,5,0,0,0,0,1,2,3,0,0,0,0,0,0
3887,Fr√©d√©ric Piquionne,3334,[2010],West Ham United,17,14,3,1172,3,0,17,12,5,1082,3,0,34,26,8,2254,6,0,4,0,4,3,3,6,1,0,1,0,0,0
3888,Danny Webber,3335,[2009],Portsmouth FC,7,1,6,84,1,0,10,3,7,380,0,0,17,4,13,464,1,0,1,0,1,1,0,1,0,0,0,0,0,0
3889,Danny Webber,3335,[2006],Sheffield United,11,6,5,517,1,0,11,7,4,638,2,0,22,13,9,1155,3,0,0,6,6,1,2,3,0,0,0,0,0,0
3890,Quincy Owusu-Abeyie,3336,[2009],Portsmouth FC,4,2,2,260,0,0,6,1,5,95,0,0,10,3,7,355,0,0,0,0,0,0,0,0,0,0,0,0,0,0
3891,Quincy Owusu-Abeyie,3336,"[2004, 2005]",Arsenal FC,2,1,1,82,0,0,3,0,3,35,0,0,5,1,4,117,0,0,0,0,0,0,0,0,0,0,0,0,0,0
3892,Nikola ≈Ωigiƒá,3337,[2010],Birmingham City,15,7,8,726,3,0,10,6,4,583,2,0,25,13,12,1309,5,0,3,3,6,2,2,4,0,0,0,0,0,0
3893,M√≠chel,3338,"[2009, 2010]",Birmingham City,3,0,3,50,0,0,6,3,3,255,0,0,9,3,6,305,0,0,0,0,0,0,0,0,0,0,0,0,0,0
3894,Aaron Ramsdale,3339,"[2016, 2017, 2019]",AFC Bournemouth,18,18,0,1620,0,0,19,19,0,1710,0,0,37,37,0,3330,0,0,0,0,0,0,0,0,0,0,0,0,0,0
3895,Jack Stacey,3340,[2019],AFC Bournemouth,9,8,1,746,0,0,10,9,1,804,0,0,19,17,2,1550,0,0,0,0,0,0,0,0,0,0,0,0,0,0
3896,Harry Wilson,3341,[2019],AFC Bournemouth,14,9,5,808,2,0,17,11,6,845,5,0,31,20,11,1653,7,0,0,0,0,1,1,2,0,0,0,0,0,0
3897,Harry Wilson,3341,[2016],Liverpool FC,0,0,0,0,0,0,0,0,0,0,0,0,0,0,0,0,0,0,0,0,0,0,0,0,0,0,0,0,0,0
3898,Arnaut Danjuma,3342,[2019],AFC Bournemouth,7,3,4,320,0,0,7,3,4,306,0,0,14,6,8,626,0,0,0,0,0,0,0,0,0,0,0,0,0,0
3899,Lloyd Kelly,3343,[2019],AFC Bournemouth,4,4,0,360,0,0,4,3,1,278,0,0,8,7,1,638,0,0,0,0,0,0,0,0,0,0,0,0,0,0
3900,Edgar Davids,3344,"[2005, 2006]",Tottenham Hotspur,20,18,2,1545,0,0,19,15,4,1313,1,0,39,33,6,2858,1,0,0,0,0,0,0,0,0,0,0,0,0,0
3901,N√©lson Oliveira,3345,[2014],Swansea City,4,2,2,134,0,0,6,2,4,255,1,0,10,4,6,389,1,0,0,0,0,0,1,1,0,0,0,0,0,0
3902,Daniel Podence,3346,[2019],Wolverhampton Wanderers,5,2,3,172,1,0,4,1,3,116,0,0,9,3,6,288,1,0,0,0,0,1,0,1,0,0,0,0,0,0
3903,Oskar Buur,3347,[2019],Wolverhampton Wanderers,0,0,0,0,0,0,0,0,0,0,0,0,0,0,0,0,0,0,0,0,0,0,0,0,0,0,0,0,0,0
3904,Bruno Jord√£o,3348,[2019],Wolverhampton Wanderers,0,0,0,0,0,0,1,0,1,6,0,0,1,0,1,6,0,0,0,0,0,0,0,0,0,0,0,0,0,0
3905,Fernando Amorebieta,3349,[2013],Fulham FC,12,10,2,976,1,0,11,10,1,906,0,0,23,20,3,1882,1,0,0,0,0,0,0,0,0,0,0,0,0,0
3906,Mahamadou Diarra,3350,"[2011, 2012, 2013]",Fulham FC,12,9,3,829,0,0,11,10,1,867,1,0,23,19,4,1696,1,0,0,0,0,0,0,0,0,0,0,0,0,0
3907,Ashkan Dejagah,3351,"[2012, 2013]",Fulham FC,22,11,11,1139,4,0,21,15,6,1358,1,0,43,26,17,2497,5,0,3,0,3,4,1,5,0,0,0,0,0,0
3908,Patrick Roberts,3352,[2013],Fulham FC,1,0,1,9,0,0,1,0,1,35,0,0,2,0,2,44,0,0,0,0,0,0,0,0,0,0,0,0,0,0
3909,Patrick Roberts,3352,[2015],Manchester City,0,0,0,0,0,0,1,0,1,4,0,0,1,0,1,4,0,0,0,0,0,0,0,0,0,0,0,0,0,0
3910,Patrick Roberts,3352,[2019],Norwich City,1,0,1,14,0,0,2,0,2,10,0,0,3,0,3,24,0,0,0,0,0,0,0,0,0,0,0,0,0,0
3911,Cauley Woodrow,3353,[2013],Fulham FC,3,2,1,206,1,0,3,3,0,205,0,0,6,5,1,411,1,0,0,0,0,1,0,1,0,0,0,0,0,0
3912,Andy Oakes,3354,"[2000, 2001]",Derby County,12,12,0,1080,0,0,12,12,0,942,0,0,24,24,0,2022,0,0,0,0,0,0,0,0,0,0,0,0,0,0
3913,Andy Oakes,3354,[2004],Bolton Wanderers,1,1,0,90,0,0,0,0,0,0,0,0,1,1,0,90,0,0,0,0,0,0,0,0,0,0,0,0,0,0
3914,Youl Maw√©n√©,3355,"[2000, 2001]",Derby County,10,9,1,797,1,0,12,12,0,983,0,0,22,21,1,1780,1,0,3,0,3,1,0,1,0,0,0,0,0,0
3915,Pierre Ducrocq,3356,[2001],Derby County,9,9,0,752,0,0,9,9,0,724,0,0,18,18,0,1476,0,0,0,0,0,0,0,0,0,0,0,0,0,0
3916,Richard Jackson,3357,"[2000, 2001]",Derby County,5,4,1,381,0,0,3,2,1,152,0,0,8,6,2,533,0,0,0,0,0,0,0,0,0,0,0,0,0,0
3917,Paul Boertien,3358,"[2000, 2001]",Derby County,21,15,6,1469,1,0,17,13,4,1190,0,0,38,28,10,2659,1,0,0,0,0,1,0,1,0,0,0,0,0,0
3918,Simo Valakari,3359,"[2000, 2001]",Derby County,10,8,2,738,1,0,9,6,3,604,0,0,19,14,5,1342,1,0,0,0,0,0,0,0,0,0,0,0,0,0
3919,Fabrizio Ravanelli,3360,[2001],Derby County,17,16,1,1405,5,0,12,12,0,1045,4,0,29,28,1,2450,9,0,0,0,0,5,2,7,1,0,1,0,0,0
3920,Giorgi Kinkladze,3361,"[2000, 2001]",Derby County,24,14,10,1468,1,0,19,9,10,1028,1,0,43,23,20,2496,2,0,1,0,1,1,1,2,0,0,0,0,0,0
3921,Elliot Embleton,3362,[2016],Sunderland AFC,0,0,0,0,0,0,0,0,0,0,0,0,0,0,0,0,0,0,0,0,0,0,0,0,0,0,0,0,0,0
3922,Joel Asoro,3363,[2016],Sunderland AFC,1,0,1,9,0,0,0,0,0,0,0,0,1,0,1,9,0,0,0,0,0,0,0,0,0,0,0,0,0,0
3923,Josh Maja,3364,[2016],Sunderland AFC,0,0,0,0,0,0,0,0,0,0,0,0,0,0,0,0,0,0,0,0,0,0,0,0,0,0,0,0,0,0
3924,Julien N'Goy,3365,"[2016, 2017]",Stoke City,2,0,2,18,0,0,4,0,4,45,0,0,6,0,6,63,0,0,0,0,0,0,0,0,0,0,0,0,0,0
3925,Joel Taylor,3366,[2016],Stoke City,0,0,0,0,0,0,0,0,0,0,0,0,0,0,0,0,0,0,0,0,0,0,0,0,0,0,0,0,0,0
3926,Mikael Nilsson,3367,[2004],Southampton FC,7,6,1,534,0,0,8,6,2,477,0,0,15,12,3,1011,0,0,0,0,0,0,0,0,0,0,0,0,0,0
3927,Yoann Folly,3368,"[2003, 2004]",Southampton FC,3,3,0,270,0,0,8,6,2,599,0,0,11,9,2,869,0,0,0,0,0,0,0,0,0,0,0,0,0,0
3928,Agust√≠n Delgado,3369,"[2001, 2002, 2003]",Southampton FC,6,1,5,197,1,0,5,1,4,107,0,0,11,2,9,304,1,0,0,0,0,0,0,0,0,0,0,0,0,0
3929,Mart Poom,3370,"[2000, 2001]",Derby County,22,22,0,1980,0,0,21,20,1,1880,0,0,43,42,1,3860,0,0,0,0,0,0,0,0,0,0,0,0,0,0
3930,Mart Poom,3370,[2002],Sunderland AFC,1,1,0,90,0,0,3,3,0,270,0,0,4,4,0,360,0,0,0,0,0,0,0,0,0,0,0,0,0,0
3931,Taribo West,3371,[2000],Derby County,11,11,0,990,0,0,5,5,0,450,0,0,16,16,0,1440,0,0,0,0,0,0,0,0,0,0,0,0,0,0
3932,Horacio Carbonari,3372,"[2000, 2001]",Derby County,16,16,0,1385,1,0,12,12,0,1035,0,0,28,28,0,2420,1,0,0,0,0,1,0,1,0,0,0,0,0,0
3933,Stefano Eranio,3373,[2000],Derby County,14,13,1,1045,2,0,11,9,2,641,0,0,25,22,3,1686,2,0,0,0,0,1,0,1,0,0,0,0,0,0
3934,Deon Burton,3374,"[2000, 2001]",Derby County,25,14,11,1452,5,0,20,16,4,1498,1,0,45,30,15,2950,6,0,7,0,7,4,1,5,1,0,1,0,0,0
3935,Deon Burton,3374,[2003],Portsmouth FC,0,0,0,0,0,0,1,0,1,18,0,0,1,0,1,18,0,0,0,0,0,0,0,0,0,0,0,0,0,0
3936,√û√≥r√∞ur Gu√∞j√≥nsson,3375,[2000],Derby County,5,1,4,163,0,0,4,1,3,95,1,0,9,2,7,258,1,0,0,0,0,0,0,0,0,0,0,0,0,0
3937,Igor Bali≈°,3376,[2002],West Bromwich Albion,14,13,1,1149,1,0,13,13,0,1084,1,0,27,26,1,2233,2,0,0,0,0,1,1,2,1,0,1,0,0,0
3938,Adam Chambers,3377,[2002],West Bromwich Albion,8,6,2,547,0,0,5,4,1,348,0,0,13,10,3,895,0,0,0,0,0,0,0,0,0,0,0,0,0,0
3939,Sixto Peralta,3378,[2001],Ipswich Town,11,8,3,779,1,0,11,8,3,696,2,0,22,16,6,1475,3,0,0,0,0,0,1,1,0,0,0,0,0,0
3940,Dion Henry,3379,[2017],Crystal Palace,0,0,0,0,0,0,0,0,0,0,0,0,0,0,0,0,0,0,0,0,0,0,0,0,0,0,0,0,0,0
3941,Tiemou√© Bakayoko,3380,[2017],Chelsea FC,13,8,5,801,0,0,16,16,0,1383,2,0,29,24,5,2184,2,0,0,0,0,0,2,2,0,0,0,0,0,0
3942,Davide Zappacosta,3381,"[2017, 2018]",Chelsea FC,13,6,7,521,1,0,13,7,6,698,0,0,26,13,13,1219,1,0,0,0,0,0,0,0,0,0,0,0,0,0
3943,Charly Musonda,3382,[2017],Chelsea FC,1,0,1,1,0,0,2,0,2,34,0,0,3,0,3,35,0,0,0,0,0,0,0,0,0,0,0,0,0,0
3944,Kyle Scott,3383,[2017],Chelsea FC,0,0,0,0,0,0,0,0,0,0,0,0,0,0,0,0,0,0,0,0,0,0,0,0,0,0,0,0,0,0
3945,Francis Benali,3384,"[2000, 2001, 2002]",Southampton FC,4,1,3,129,0,0,5,1,4,165,0,0,9,2,7,294,0,0,0,0,0,0,0,0,0,0,0,0,0,0
3946,Weifeng Li,3385,[2002],Everton FC,0,0,0,0,0,0,1,1,0,90,0,0,1,1,0,90,0,0,0,0,0,0,0,0,0,0,0,0,0,0
3947,Niclas Alexandersson,3386,"[2000, 2001, 2002]",Everton FC,27,22,5,1834,1,0,30,26,4,2112,3,0,57,48,9,3946,4,0,3,0,3,1,1,2,0,0,0,0,0,0
3948,Tie Li,3387,"[2002, 2003]",Everton FC,16,15,1,1145,0,0,17,16,1,1300,0,0,33,31,2,2445,0,0,0,0,0,0,0,0,0,0,0,0,0,0
3949,Rodrigo Beckham,3388,[2002],Everton FC,2,0,2,19,0,0,2,0,2,33,0,0,4,0,4,52,0,0,0,0,0,0,0,0,0,0,0,0,0,0
3950,Shelton Martis,3389,[2008],West Bromwich Albion,5,4,1,370,0,0,2,2,0,180,0,0,7,6,1,550,0,0,0,0,0,0,0,0,0,0,0,0,0,0
3951,Juan Menseguez,3390,[2008],West Bromwich Albion,4,2,2,221,1,0,3,1,2,125,0,0,7,3,4,346,1,0,0,0,0,0,0,0,0,0,0,0,0,0
3952,Neil Mellor,3391,[2005],Wigan Athletic,1,1,0,90,0,0,2,2,0,155,1,0,3,3,0,245,1,0,0,3,3,0,1,1,0,0,0,0,0,0
3953,Neil Mellor,3391,"[2002, 2004]",Liverpool FC,7,4,3,326,2,0,5,3,2,254,0,0,12,7,5,580,2,0,3,0,3,2,0,2,0,0,0,0,0,0
3954,Johnnie Jackson,3392,"[2003, 2004, 2005]",Tottenham Hotspur,13,8,5,750,0,0,7,4,3,302,1,0,20,12,8,1052,1,0,0,0,0,0,0,0,0,0,0,0,0,0
3955,J√©r√¥me Boateng,3393,[2010],Manchester City,8,7,1,621,0,0,8,7,1,617,0,0,16,14,2,1238,0,0,0,0,0,0,0,0,0,0,0,0,0,0
3956,Warren Barton,3394,[2000],Newcastle United,16,14,2,1140,0,0,11,11,0,990,0,0,27,25,2,2130,0,0,0,0,0,0,0,0,0,0,0,0,0,0
3957,Warren Barton,3394,[2001],Derby County,7,7,0,630,0,0,6,6,0,540,0,0,13,13,0,1170,0,0,0,0,0,0,0,0,0,0,0,0,0,0
3958,Marcelino,3395,[2000],Newcastle United,1,1,0,90,0,0,4,3,1,271,0,0,5,4,1,361,0,0,0,0,0,0,0,0,0,0,0,0,0,0
3959,Rob Lee,3396,"[2000, 2001]",Newcastle United,16,14,2,1192,1,0,22,22,0,1824,0,0,38,36,2,3016,1,0,0,0,0,1,0,1,0,0,0,0,0,0
3960,Daniel Cordone,3397,[2000],Newcastle United,8,6,2,465,2,0,12,6,6,567,0,0,20,12,8,1032,2,0,0,0,0,1,0,1,0,0,0,0,0,0
3961,Isaac Mbenza,3398,[2018],Huddersfield Town,13,5,8,589,1,0,9,5,4,393,0,0,22,10,12,982,1,0,1,0,1,1,0,1,0,0,0,0,0,0
3962,Alfie Whiteman,3399,"[2017, 2018, 2019]",Tottenham Hotspur,0,0,0,0,0,0,0,0,0,0,0,0,0,0,0,0,0,0,0,0,0,0,0,0,0,0,0,0,0,0
3963,Dong-gook Lee,3400,"[2006, 2007]",Middlesbrough FC,12,4,8,369,0,0,11,4,7,458,0,0,23,8,15,827,0,0,0,0,0,0,0,0,0,0,0,0,0,0
3964,Kagisho Dikgacoi,3401,"[2009, 2010]",Fulham FC,6,1,5,152,0,0,7,6,1,488,0,0,13,7,6,640,0,0,0,0,0,0,0,0,0,0,0,0,0,0
3965,Kagisho Dikgacoi,3401,[2013],Crystal Palace,12,12,0,891,0,0,14,13,1,1111,0,0,26,25,1,2002,0,0,0,0,0,0,0,0,0,0,0,0,0,0
3966,David Elm,3402,"[2009, 2010]",Fulham FC,5,2,3,179,1,0,5,1,4,149,0,0,10,3,7,328,1,0,0,0,0,0,0,0,0,0,0,0,0,0
3967,Angelos Basinas,3403,"[2008, 2009]",Portsmouth FC,8,5,3,520,0,0,7,5,2,477,0,0,15,10,5,997,0,0,0,0,0,0,0,0,0,0,0,0,0,0
3968,Aruna Dindane,3404,[2009],Portsmouth FC,9,9,0,757,6,0,10,9,1,719,2,0,19,18,1,1476,8,0,1,1,2,3,1,4,1,0,1,0,0,0
3969,Jordan Amavi,3405,[2015],Aston Villa,5,5,0,450,0,0,5,4,1,386,0,0,10,9,1,836,0,0,0,0,0,0,0,0,0,0,0,0,0,0
3970,Jordan Veretout,3406,[2015],Aston Villa,13,11,2,970,0,0,12,10,2,854,0,0,25,21,4,1824,0,0,0,0,0,0,0,0,0,0,0,0,0,0
3971,Libor Koz√°k,3407,"[2013, 2015]",Aston Villa,10,6,4,563,1,0,8,5,3,476,3,0,18,11,7,1039,4,0,0,3,3,0,3,3,0,0,0,0,0,0
3972,Sam Johnstone,3408,"[2012, 2013, 2015]",Manchester United,0,0,0,0,0,0,0,0,0,0,0,0,0,0,0,0,0,0,0,0,0,0,0,0,0,0,0,0,0,0
3973,Jonathan Parr,3409,[2013],Crystal Palace,7,2,5,290,0,0,8,5,3,462,0,0,15,7,8,752,0,0,0,0,0,0,0,0,0,0,0,0,0,0
3974,Paddy McCarthy,3410,"[2013, 2014]",Crystal Palace,1,0,1,26,0,0,0,0,0,0,0,0,1,0,1,26,0,0,0,0,0,0,0,0,0,0,0,0,0,0
3975,Luciano Zavagno,3411,[2001],Derby County,12,12,0,984,0,0,13,13,0,1083,0,0,25,25,0,2067,0,0,0,0,0,0,0,0,0,0,0,0,0,0
3976,Craig Burley,3412,"[2000, 2001]",Derby County,17,17,0,1457,1,0,17,17,0,1514,1,0,34,34,0,2971,2,0,3,0,3,1,1,2,0,0,0,0,0,0
3977,Mark Bosnich,3413,[2001],Chelsea FC,1,1,0,90,0,0,4,4,0,350,0,0,5,5,0,440,0,0,0,0,0,0,0,0,0,0,0,0,0,0
3978,Mario Staniƒá,3414,"[2000, 2001, 2002, 2003]",Chelsea FC,27,18,9,1505,3,0,30,19,11,1535,4,0,57,37,20,3040,7,0,0,0,0,0,2,2,0,0,0,0,0,0
3979,Jonathan Williams,3415,"[2013, 2014, 2015]",Crystal Palace,7,0,7,121,0,0,5,0,5,104,0,0,12,0,12,225,0,0,0,0,0,0,0,0,0,0,0,0,0,0
3980,Ricardo Vaz T√™,3416,"[2012, 2013, 2014]",West Ham United,17,14,3,1063,3,0,19,10,9,1022,2,0,36,24,12,2085,5,0,0,0,0,1,0,1,0,0,0,0,0,0
3981,Ricardo Vaz T√™,3416,"[2003, 2004, 2005, 2006, 2007, 2008]",Bolton Wanderers,31,7,24,1032,3,0,26,3,23,690,0,0,57,10,47,1722,3,0,4,0,4,3,0,3,0,0,0,0,0,0
3982,Diego Poyet,3417,"[2014, 2015]",West Ham United,0,0,0,0,0,0,3,1,2,91,0,0,3,1,2,91,0,0,0,0,0,0,0,0,0,0,0,0,0,0
3983,Diafra Sakho,3418,"[2014, 2015, 2016, 2017]",West Ham United,30,21,9,1899,9,0,32,19,13,1862,9,0,62,40,22,3761,18,0,6,1,7,5,4,9,0,0,0,0,0,0
3984,Ravel Morrison,3419,"[2013, 2014]",West Ham United,9,5,4,566,1,0,8,7,1,620,2,0,17,12,5,1186,3,0,0,0,0,1,1,2,0,0,0,0,0,0
3985,Ravel Morrison,3419,[2019],Sheffield United,1,0,1,12,0,0,0,0,0,0,0,0,1,0,1,12,0,0,0,0,0,0,0,0,0,0,0,0,0,0
3986,Juan Cuadrado,3420,"[2014, 2015]",Chelsea FC,7,4,3,263,0,0,6,0,6,75,0,0,13,4,9,338,0,0,0,0,0,0,0,0,0,0,0,0,0,0
3987,Filipe Lu√≠s,3421,[2014],Chelsea FC,6,4,2,410,0,0,9,5,4,530,0,0,15,9,6,940,0,0,0,0,0,0,0,0,0,0,0,0,0,0
3988,Mauro F√≥rmica,3422,"[2010, 2011]",Blackburn Rovers,17,13,4,1126,4,0,17,12,5,1043,0,0,34,25,9,2169,4,0,0,0,0,3,0,3,0,0,0,0,0,0
3989,Rub√©n Rochina,3423,"[2010, 2011]",Blackburn Rovers,11,4,7,410,0,0,11,6,5,525,2,0,22,10,12,935,2,0,0,0,0,0,1,1,0,0,0,0,0,0
3990,David Goodwillie,3424,[2011],Blackburn Rovers,10,1,9,243,1,0,10,3,7,355,1,0,20,4,16,598,2,0,0,1,1,0,1,1,0,0,0,0,0,0
3991,Radosav Petroviƒá,3425,[2011],Blackburn Rovers,10,5,5,484,0,0,9,5,4,498,0,0,19,10,9,982,0,0,0,0,0,0,0,0,0,0,0,0,0,0
3992,Jason Lowe,3426,"[2010, 2011]",Blackburn Rovers,16,15,1,1365,0,0,17,15,2,1371,0,0,33,30,3,2736,0,0,0,0,0,0,0,0,0,0,0,0,0,0
3993,Simon Vukƒçeviƒá,3427,[2011],Blackburn Rovers,5,3,2,272,0,0,2,1,1,105,1,0,7,4,3,377,1,0,0,0,0,0,1,1,0,0,0,0,0,0
3994,Tony Vidmar,3428,[2002],Middlesbrough FC,6,6,0,495,0,0,5,3,2,386,0,0,11,9,2,881,0,0,0,0,0,0,0,0,0,0,0,0,0,0
3995,Luke Wilkshire,3429,"[2001, 2002]",Middlesbrough FC,11,6,5,499,0,0,7,4,3,358,0,0,18,10,8,857,0,0,0,0,0,0,0,0,0,0,0,0,0,0
3996,Richard Stearman,3430,"[2009, 2010, 2011]",Wolverhampton Wanderers,38,32,6,3067,1,0,39,35,4,3009,0,0,77,67,10,6076,1,0,1,0,1,1,0,1,0,0,0,0,0,0
3997,Richard Stearman,3430,[2019],Sheffield United,0,0,0,0,0,0,0,0,0,0,0,0,0,0,0,0,0,0,0,0,0,0,0,0,0,0,0,0,0,0
3998,Adam Hammill,3431,"[2010, 2011]",Wolverhampton Wanderers,12,5,7,457,0,0,7,5,2,431,0,0,19,10,9,888,0,0,0,0,0,0,0,0,0,0,0,0,0,0
3999,Sylvain Ebanks-Blake,3432,"[2009, 2010, 2011]",Wolverhampton Wanderers,42,18,24,1923,7,0,34,13,21,1572,3,0,76,31,45,3495,10,0,5,1,6,5,2,7,1,0,1,0,0,0
4000,De Lucas,3433,[2002],Chelsea FC,10,8,2,703,0,0,15,9,6,847,0,0,25,17,8,1550,0,0,0,0,0,0,0,0,0,0,0,0,0,0
4001,Derek Boateng,3434,[2013],Fulham FC,2,1,1,90,0,0,1,1,0,65,0,0,3,2,1,155,0,0,0,0,0,0,0,0,0,0,0,0,0,0
4002,Yaya Sanogo,3435,[2013],Arsenal FC,3,0,3,13,0,0,5,0,5,59,0,0,8,0,8,72,0,0,0,0,0,0,0,0,0,0,0,0,0,0
4003,Yaya Sanogo,3435,[2014],Crystal Palace,6,2,4,155,0,0,4,1,3,161,0,0,10,3,7,316,0,0,0,0,0,0,0,0,0,0,0,0,0,0
4004,Gedion Zelalem,3436,[2013],Arsenal FC,0,0,0,0,0,0,0,0,0,0,0,0,0,0,0,0,0,0,0,0,0,0,0,0,0,0,0,0,0,0
4005,Claudio Pizarro,3437,[2007],Chelsea FC,10,4,6,381,1,0,11,0,11,299,1,0,21,4,17,680,2,0,0,3,3,1,1,2,0,0,0,0,0,0
4006,Gonzalo Sorondo,3438,[2004],Crystal Palace,10,8,2,705,0,0,10,8,2,759,0,0,20,16,4,1464,0,0,0,0,0,0,0,0,0,0,0,0,0,0
4007,Gonzalo Sorondo,3438,"[2005, 2006]",Charlton Athletic,4,4,0,319,0,0,4,3,1,331,0,0,8,7,1,650,0,0,0,0,0,0,0,0,0,0,0,0,0,0
4008,Pascal Cygan,3439,"[2002, 2003, 2004, 2005]",Arsenal FC,31,24,7,2126,3,0,30,26,4,2331,0,0,61,50,11,4457,3,0,0,0,0,2,0,2,0,0,0,0,0,0
4009,G√∂khan Inler,3440,[2015],Leicester City,4,2,2,149,0,0,1,1,0,46,0,0,5,3,2,195,0,0,0,0,0,0,0,0,0,0,0,0,0,0
4010,Jack Hobbs,3441,[2007],Liverpool FC,1,0,1,39,0,0,1,1,0,90,0,0,2,1,1,129,0,0,0,0,0,0,0,0,0,0,0,0,0,0
4011,ƒΩubomir Michal√≠k,3442,"[2006, 2007]",Bolton Wanderers,4,3,1,339,0,0,7,5,2,495,1,0,11,8,3,834,1,0,0,0,0,0,1,1,0,0,0,0,0,0
4012,J√∫lio Baptista,3443,[2006],Arsenal FC,13,5,8,544,3,0,10,5,5,496,0,0,23,10,13,1040,3,0,0,0,0,1,0,1,0,0,0,0,0,0
4013,Matt Jackson,3444,"[2005, 2006]",Wigan Athletic,15,13,2,1128,1,0,21,15,6,1473,0,0,36,28,8,2601,1,0,0,0,0,0,0,0,0,0,0,0,0,0
4014,Kristofer H√¶stad,3445,[2006],Wigan Athletic,0,0,0,0,0,0,2,1,1,74,0,0,2,1,1,74,0,0,0,0,0,0,0,0,0,0,0,0,0,0
4015,Mauricio Isla,3446,[2014],Queens Park Rangers,15,13,2,1184,0,0,11,11,0,947,0,0,26,24,2,2131,0,0,0,0,0,0,0,0,0,0,0,0,0,0
4016,Reece Burke,3447,"[2014, 2016, 2017]",West Ham United,2,1,1,166,0,0,3,3,0,249,0,0,5,4,1,415,0,0,0,0,0,0,0,0,0,0,0,0,0,0
4017,Nen√™,3448,[2014],West Ham United,5,0,5,73,0,0,3,0,3,54,0,0,8,0,8,127,0,0,0,0,0,0,0,0,0,0,0,0,0,0
4018,Arnold Mvuemba,3449,"[2006, 2007, 2008]",Portsmouth FC,6,1,5,104,0,0,15,4,11,568,1,0,21,5,16,672,1,0,0,0,0,0,0,0,0,0,0,0,0,0
4019,Brian O'Neil,3450,"[2000, 2001]",Derby County,7,5,2,445,0,0,6,5,1,406,0,0,13,10,3,851,0,0,0,0,0,0,0,0,0,0,0,0,0,0
4020,Branko Strupar,3451,"[2000, 2001]",Derby County,10,7,3,610,6,0,10,7,3,620,4,0,20,14,6,1230,10,0,0,1,1,1,3,4,1,0,1,0,0,0
4021,Bj√∏rn Otto Bragstad,3452,[2000],Derby County,5,5,0,433,0,0,6,4,2,457,0,0,11,9,2,890,0,0,0,0,0,0,0,0,0,0,0,0,0,0
4022,Lee Morris,3453,"[2000, 2001]",Derby County,18,8,10,758,3,0,14,4,10,506,1,0,32,12,20,1264,4,0,3,0,3,1,0,1,0,0,0,0,0,0
4023,Curtis Woodhouse,3454,[2002],Birmingham City,0,0,0,0,0,0,3,0,3,43,0,0,3,0,3,43,0,0,0,0,0,0,0,0,0,0,0,0,0,0
4024,Elsad Zverotiƒá,3455,[2013],Fulham FC,2,2,0,140,0,0,4,3,1,266,0,0,6,5,1,406,0,0,0,0,0,0,0,0,0,0,0,0,0,0
4025,Ben Turner,3456,[2013],Cardiff City,15,15,0,1350,0,0,16,15,1,1371,0,0,31,30,1,2721,0,0,0,0,0,0,0,0,0,0,0,0,0,0
4026,K√©vin Th√©ophile-Catherine,3457,[2013],Cardiff City,15,13,2,1186,0,0,13,13,0,1170,0,0,28,26,2,2356,0,0,0,0,0,0,0,0,0,0,0,0,0,0
4027,Gary Medel,3458,[2013],Cardiff City,16,16,0,1398,0,0,18,18,0,1472,0,0,34,34,0,2870,0,0,0,0,0,0,0,0,0,0,0,0,0,0
4028,Bo-kyung Kim,3459,[2013],Cardiff City,14,10,4,792,1,0,14,11,3,885,0,0,28,21,7,1677,1,0,1,0,1,1,0,1,0,0,0,0,0,0
4029,Nicky Maynard,3460,[2013],Cardiff City,3,0,3,25,0,0,5,0,5,95,0,0,8,0,8,120,0,0,0,0,0,0,0,0,0,0,0,0,0,0
4030,Nicky Maynard,3460,[2012],West Ham United,0,0,0,0,0,0,0,0,0,0,0,0,0,0,0,0,0,0,0,0,0,0,0,0,0,0,0,0,0,0
4031,Joe Lewis,3461,[2013],Cardiff City,0,0,0,0,0,0,1,1,0,90,0,0,1,1,0,90,0,0,0,0,0,0,0,0,0,0,0,0,0,0
4032,Craig Noone,3462,[2013],Cardiff City,11,8,3,769,0,0,6,5,1,454,1,0,17,13,4,1223,1,0,0,0,0,0,1,1,0,0,0,0,0,0
4033,Don Cowie,3463,[2013],Cardiff City,10,4,6,445,0,0,8,6,2,519,0,0,18,10,8,964,0,0,0,0,0,0,0,0,0,0,0,0,0,0
4034,Dean Henderson,3464,[2019],Sheffield United,18,18,0,1620,0,0,18,18,0,1620,0,0,36,36,0,3240,0,0,0,0,0,0,0,0,0,0,0,0,0,0
4035,George Baldock,3465,[2019],Sheffield United,19,19,0,1710,0,0,19,19,0,1710,2,0,38,38,0,3420,2,0,0,4,4,0,2,2,0,0,0,0,0,0
4036,Jack O'Connell,3466,[2019],Sheffield United,18,18,0,1620,0,0,15,14,1,1295,0,0,33,32,1,2915,0,0,0,0,0,0,0,0,0,0,0,0,0,0
4037,John Egan,3467,[2019],Sheffield United,18,18,0,1609,1,0,18,18,0,1620,1,0,36,36,0,3229,2,0,3,1,4,1,1,2,0,0,0,0,0,0
4038,John Egan,3467,[2011],Sunderland AFC,0,0,0,0,0,0,0,0,0,0,0,0,0,0,0,0,0,0,0,0,0,0,0,0,0,0,0,0,0,0
4039,John Fleck,3468,[2019],Sheffield United,15,14,1,1229,4,0,15,14,1,1287,1,0,30,28,2,2516,5,0,0,1,1,2,1,3,0,0,0,0,0,0
4040,Oliver Norwood,3469,[2019],Sheffield United,19,19,0,1649,1,0,19,18,1,1452,0,0,38,37,1,3101,1,0,1,0,1,1,0,1,1,0,1,0,0,0
4041,Billy Sharp,3470,[2019],Sheffield United,13,6,7,580,2,0,12,4,8,472,1,0,25,10,15,1052,3,0,3,1,4,2,1,3,0,0,0,0,0,0
4042,Billy Sharp,3470,[2012],Southampton FC,1,0,1,14,0,0,1,0,1,4,0,0,2,0,2,18,0,0,0,0,0,0,0,0,0,0,0,0,0,0
4043,John Lundstram,3471,[2019],Sheffield United,17,12,5,1140,4,0,17,14,3,1315,1,0,34,26,8,2455,5,0,6,0,6,3,1,4,0,0,0,0,0,0
4044,Callum Robinson,3472,[2019],Sheffield United,6,3,3,195,0,0,10,6,4,481,1,0,16,9,7,676,1,0,0,0,0,0,0,0,0,0,0,0,0,0
4045,Callum Robinson,3472,"[2013, 2014]",Aston Villa,1,0,1,5,0,0,3,0,3,41,0,0,4,0,4,46,0,0,0,0,0,0,0,0,0,0,0,0,0,0
4046,Michael Verrips,3473,[2019],Sheffield United,0,0,0,0,0,0,0,0,0,0,0,0,0,0,0,0,0,0,0,0,0,0,0,0,0,0,0,0,0,0
4047,Kieron Freeman,3474,[2019],Sheffield United,1,0,1,1,0,0,1,0,1,5,0,0,2,0,2,6,0,0,0,0,0,0,0,0,0,0,0,0,0,0
4048,Ben Osborn,3475,[2019],Sheffield United,7,4,3,404,0,0,6,2,4,187,0,0,13,6,7,591,0,0,0,0,0,0,0,0,0,0,0,0,0,0
4049,Eric Garc√≠a,3476,[2019],Manchester City,7,5,2,477,0,0,6,3,3,313,0,0,13,8,5,790,0,0,0,0,0,0,0,0,0,0,0,0,0,0
4050,Iago Falqu√©,3477,"[2011, 2012]",Tottenham Hotspur,0,0,0,0,0,0,1,0,1,5,0,0,1,0,1,5,0,0,0,0,0,0,0,0,0,0,0,0,0,0
4051,Max Ehmer,3478,[2012],Queens Park Rangers,0,0,0,0,0,0,0,0,0,0,0,0,0,0,0,0,0,0,0,0,0,0,0,0,0,0,0,0,0,0
4052,Mbulelo Mabizela,3479,"[2003, 2004]",Tottenham Hotspur,3,1,2,73,0,0,4,0,4,95,1,0,7,1,6,168,1,0,0,0,0,0,1,1,0,0,0,0,0,0
4053,Jonathan Blondel,3480,"[2002, 2003]",Tottenham Hotspur,2,0,2,37,0,0,0,0,0,0,0,0,2,0,2,37,0,0,0,0,0,0,0,0,0,0,0,0,0,0
4054,Phil Babb,3481,[2002],Sunderland AFC,13,13,0,1144,0,0,13,13,0,1170,0,0,26,26,0,2314,0,0,0,0,0,0,0,0,0,0,0,0,0,0
4055,Tore Andr√© Flo,3482,[2002],Sunderland AFC,13,12,1,999,2,0,16,11,5,996,2,0,29,23,6,1995,4,0,1,0,1,1,2,3,0,0,0,0,0,0
4056,Tore Andr√© Flo,3482,[2000],Chelsea FC,7,1,6,231,1,0,6,3,3,386,2,0,13,4,9,617,3,0,0,1,1,0,1,1,0,0,0,0,0,0
4057,Michael Proctor,3483,[2002],Sunderland AFC,12,9,3,724,2,0,9,2,7,293,0,0,21,11,10,1017,2,0,3,0,3,2,0,2,0,0,0,0,0,0
4058,Hassan Kachloul,3484,[2000],Southampton FC,13,12,1,1019,2,0,16,12,4,1108,2,0,29,24,5,2127,4,0,0,0,0,2,1,3,0,0,0,0,0,0
4059,Hassan Kachloul,3484,[2001],Aston Villa,13,11,2,848,1,0,8,5,3,465,1,0,21,16,5,1313,2,0,3,1,4,1,1,2,0,0,0,0,0,0
4060,Hassan Kachloul,3484,[2003],Wolverhampton Wanderers,3,0,3,66,0,0,1,0,1,4,0,0,4,0,4,70,0,0,0,0,0,0,0,0,0,0,0,0,0,0
4061,Daniel Bachmann,3485,[2017],Watford FC,0,0,0,0,0,0,0,0,0,0,0,0,0,0,0,0,0,0,0,0,0,0,0,0,0,0,0,0,0,0
4062,Daniel Bachmann,3485,[2015],Stoke City,0,0,0,0,0,0,0,0,0,0,0,0,0,0,0,0,0,0,0,0,0,0,0,0,0,0,0,0,0,0
4063,Kemar Roofe,3486,"[2011, 2012, 2013]",West Bromwich Albion,0,0,0,0,0,0,0,0,0,0,0,0,0,0,0,0,0,0,0,0,0,0,0,0,0,0,0,0,0,0
4064,Adam Campbell,3487,[2012],Newcastle United,3,0,3,22,0,0,0,0,0,0,0,0,3,0,3,22,0,0,0,0,0,0,0,0,0,0,0,0,0,0
4065,Anthony Stokes,3488,"[2007, 2008]",Sunderland AFC,11,5,6,508,1,0,11,3,8,274,0,0,22,8,14,782,1,0,3,0,3,1,0,1,0,0,0,0,0,0
4066,Marcelo Moreno,3489,[2009],Wigan Athletic,8,6,2,507,0,0,4,3,1,221,0,0,12,9,3,728,0,0,0,0,0,0,0,0,0,0,0,0,0,0
4067,Craig Eastmond,3490,[2009],Arsenal FC,1,0,1,13,0,0,3,2,1,158,0,0,4,2,2,171,0,0,0,0,0,0,0,0,0,0,0,0,0,0
4068,Fran M√©rida,3491,"[2008, 2009]",Arsenal FC,2,0,2,25,0,0,4,0,4,56,1,0,6,0,6,81,1,0,0,0,0,0,0,0,0,0,0,0,0,0
4069,Pablo Hern√°ndez,3492,"[2012, 2013]",Swansea City,29,23,6,1779,4,0,28,21,7,1846,1,0,57,44,13,3625,5,0,1,0,1,2,0,2,0,0,0,0,0,0
4070,Gavin Hoyte,3493,[2008],Arsenal FC,0,0,0,0,0,0,1,1,0,60,0,0,1,1,0,60,0,0,0,0,0,0,0,0,0,0,0,0,0,0
4071,Steve Staunton,3494,"[2000, 2001, 2002]",Aston Villa,33,30,3,2714,0,0,37,32,5,2988,0,0,70,62,8,5702,0,0,0,0,0,0,0,0,0,0,0,0,0,0
4072,John Lukic,3495,[2000],Arsenal FC,2,2,0,180,0,0,1,1,0,90,0,0,3,3,0,270,0,0,0,0,0,0,0,0,0,0,0,0,0,0
4073,Sylvinho,3496,[2000],Arsenal FC,12,11,1,959,1,0,11,11,0,964,1,0,23,22,1,1923,2,0,0,1,1,0,1,1,0,0,0,0,0,0
4074,Sylvinho,3496,[2009],Manchester City,4,2,2,164,0,0,6,4,2,322,0,0,10,6,4,486,0,0,0,0,0,0,0,0,0,0,0,0,0,0
4075,Lilian Martin,3497,[2000],Derby County,5,4,1,323,0,0,4,3,1,224,0,0,9,7,2,547,0,0,0,0,0,0,0,0,0,0,0,0,0,0
4076,Osei Sankofa,3498,"[2002, 2005, 2006]",Charlton Athletic,5,4,1,412,0,0,9,8,1,717,0,0,14,12,2,1129,0,0,0,0,0,0,0,0,0,0,0,0,0,0
4077,Kl√©berson,3499,"[2003, 2004]",Manchester United,12,10,2,793,2,0,8,6,2,412,0,0,20,16,4,1205,2,0,0,0,0,1,0,1,0,0,0,0,0,0
4078,Gu√∞ni Bergsson,3500,"[2001, 2002]",Bolton Wanderers,30,30,0,2664,0,0,31,31,0,2776,1,0,61,61,0,5440,1,0,0,0,0,0,1,1,0,0,0,0,0,0
4079,Pierre-Yves Andr√©,3501,[2002],Bolton Wanderers,4,0,4,61,0,0,5,0,5,119,0,0,9,0,9,180,0,0,0,0,0,0,0,0,0,0,0,0,0,0
4080,Kevin Poole,3502,"[2001, 2002, 2004]",Bolton Wanderers,3,3,0,270,0,0,2,1,1,92,0,0,5,4,1,362,0,0,0,0,0,0,0,0,0,0,0,0,0,0
4081,Salva Ballesta,3503,[2002],Bolton Wanderers,2,0,2,40,0,0,4,1,3,101,0,0,6,1,5,141,0,0,0,0,0,0,0,0,0,0,0,0,0,0
4082,Abdul Rahman Baba,3504,[2015],Chelsea FC,6,5,1,495,0,0,9,6,3,522,0,0,15,11,4,1017,0,0,0,0,0,0,0,0,0,0,0,0,0,0
4083,Bertrand Traor√©,3505,[2015],Chelsea FC,6,2,4,206,2,0,4,2,2,167,0,0,10,4,6,373,2,0,0,0,0,1,0,1,0,0,0,0,0,0
4084,Fikayo Tomori,3506,"[2015, 2017, 2019]",Chelsea FC,8,7,1,660,0,0,8,8,0,663,1,0,16,15,1,1323,1,0,0,0,0,0,1,1,0,0,0,0,0,0
4085,Alexandre Pato,3507,[2015],Chelsea FC,0,0,0,0,0,0,2,1,1,131,1,0,2,1,1,131,1,0,0,0,0,0,0,0,0,1,1,0,0,0
4086,Shabani Nonda,3508,[2006],Blackburn Rovers,14,9,5,797,4,0,12,8,4,779,3,0,26,17,9,1576,7,0,0,3,3,3,2,5,0,1,1,0,0,0
4087,Paul Huntington,3509,[2006],Newcastle United,5,5,0,450,0,0,5,4,1,361,1,0,10,9,1,811,1,0,0,0,0,0,1,1,0,0,0,0,0,0
4088,Matty Pattison,3510,"[2005, 2006]",Newcastle United,2,1,1,83,0,0,6,2,4,273,0,0,8,3,5,356,0,0,0,0,0,0,0,0,0,0,0,0,0,0
4089,Giuseppe Rossi,3511,[2006],Newcastle United,7,2,5,227,0,0,4,1,3,152,0,0,11,3,8,379,0,0,0,0,0,0,0,0,0,0,0,0,0,0
4090,Giuseppe Rossi,3511,[2005],Manchester United,4,1,3,119,0,0,1,0,1,12,1,0,5,1,4,131,1,0,0,0,0,0,0,0,0,0,0,0,0,0
4091,Marcus Olsson,3512,[2011],Blackburn Rovers,6,4,2,450,0,0,6,6,0,540,0,0,12,10,2,990,0,0,0,0,0,0,0,0,0,0,0,0,0,0
4092,Jake Kean,3513,[2011],Blackburn Rovers,0,0,0,0,0,0,1,1,0,90,0,0,1,1,0,90,0,0,0,0,0,0,0,0,0,0,0,0,0,0
4093,Harald Wapenaar,3514,[2003],Portsmouth FC,2,2,0,180,0,0,2,2,0,180,0,0,4,4,0,360,0,0,0,0,0,0,0,0,0,0,0,0,0,0
4094,Boris ≈Ωivkoviƒá,3515,[2003],Portsmouth FC,8,8,0,720,0,0,9,8,1,724,0,0,17,16,1,1444,0,0,0,0,0,0,0,0,0,0,0,0,0,0
4095,√Ångel Crespo,3516,[2015],Aston Villa,1,1,0,90,0,0,0,0,0,0,0,0,1,1,0,90,0,0,0,0,0,0,0,0,0,0,0,0,0,0
4096,Ryan Shotton,3517,"[2010, 2011, 2012, 2013]",Stoke City,23,17,6,1547,0,0,25,17,8,1716,1,0,48,34,14,3263,1,0,0,3,3,0,1,1,0,0,0,0,0,0
4097,Grady Diangana,3518,"[2017, 2018]",West Ham United,9,3,6,327,0,0,8,3,5,278,0,0,17,6,11,605,0,0,0,0,0,0,0,0,0,0,0,0,0,0
4098,Andy Keogh,3519,"[2009, 2010]",Wolverhampton Wanderers,6,4,2,362,0,0,8,4,4,423,1,0,14,8,6,785,1,0,0,3,3,0,1,1,0,0,0,0,0,0
4099,Andy van der Meyde,3520,"[2005, 2006, 2008]",Everton FC,13,7,6,560,0,0,7,5,2,351,0,0,20,12,8,911,0,0,0,0,0,0,0,0,0,0,0,0,0,0
4100,Jordan Rossiter,3521,"[2013, 2014, 2015]",Liverpool FC,0,0,0,0,0,0,1,0,1,14,0,0,1,0,1,14,0,0,0,0,0,0,0,0,0,0,0,0,0,0
4101,Kyle Knoyle,3522,[2015],West Ham United,0,0,0,0,0,0,0,0,0,0,0,0,0,0,0,0,0,0,0,0,0,0,0,0,0,0,0,0,0,0
4102,Martin Samuelsen,3523,[2015],West Ham United,0,0,0,0,0,0,0,0,0,0,0,0,0,0,0,0,0,0,0,0,0,0,0,0,0,0,0,0,0,0
4103,Elliot Lee,3524,"[2012, 2013, 2014, 2015]",West Ham United,1,0,1,2,0,0,1,0,1,13,0,0,2,0,2,15,0,0,0,0,0,0,0,0,0,0,0,0,0,0
4104,Kane Wilson,3525,"[2016, 2017]",West Bromwich Albion,0,0,0,0,0,0,0,0,0,0,0,0,0,0,0,0,0,0,0,0,0,0,0,0,0,0,0,0,0,0
4105,Jes√©,3526,[2017],Stoke City,7,4,3,342,1,0,5,3,2,212,0,0,12,7,5,554,1,0,3,0,3,1,0,1,0,0,0,0,0,0
4106,P√©ter Gul√°csi,3527,"[2010, 2012]",Liverpool FC,0,0,0,0,0,0,0,0,0,0,0,0,0,0,0,0,0,0,0,0,0,0,0,0,0,0,0,0,0,0
4107,Andy Webster,3528,[2006],Wigan Athletic,2,1,1,119,0,0,2,2,0,155,0,0,4,3,1,274,0,0,0,0,0,0,0,0,0,0,0,0,0,0
4108,David Cotterill,3529,"[2006, 2007]",Wigan Athletic,10,3,7,381,0,0,8,4,4,361,1,0,18,7,11,742,1,0,0,0,0,0,1,1,0,0,0,0,0,0
4109,Thimoth√©e Atouba,3530,[2004],Tottenham Hotspur,7,5,2,507,0,0,11,10,1,892,1,0,18,15,3,1399,1,0,0,3,3,0,1,1,0,0,0,0,0,0
4110,Darren Kenton,3531,"[2003, 2004]",Southampton FC,7,4,3,455,0,0,8,7,1,612,0,0,15,11,4,1067,0,0,0,0,0,0,0,0,0,0,0,0,0,0
4111,Andreas Jakobsson,3532,[2004],Southampton FC,14,12,2,906,1,0,12,11,1,1035,1,0,26,23,3,1941,2,0,1,0,1,1,1,2,0,0,0,0,0,0
4112,Lloyd Isgrove,3533,"[2012, 2013, 2014, 2016]",Southampton FC,0,0,0,0,0,0,1,0,1,8,0,0,1,0,1,8,0,0,0,0,0,0,0,0,0,0,0,0,0,0
4113,Pablo Armero,3534,[2013],West Ham United,2,2,0,180,0,0,3,1,2,141,0,0,5,3,2,321,0,0,0,0,0,0,0,0,0,0,0,0,0,0
4114,Antonio Nocerino,3535,[2013],West Ham United,5,0,5,51,0,0,5,2,3,205,0,0,10,2,8,256,0,0,0,0,0,0,0,0,0,0,0,0,0,0
4115,Paulinho,3536,"[2013, 2014]",Tottenham Hotspur,23,14,9,1338,2,0,22,17,5,1548,4,0,45,31,14,2886,6,0,0,4,4,2,3,5,0,0,0,0,0,0
4116,Madjid Bougherra,3537,[2006],Charlton Athletic,1,0,1,14,0,0,4,2,2,204,0,0,5,2,3,218,0,0,0,0,0,0,0,0,0,0,0,0,0,0
4117,Zhi Zheng,3538,[2006],Charlton Athletic,6,5,1,452,1,0,6,3,3,386,0,0,12,8,4,838,1,0,0,0,0,1,0,1,0,0,0,0,0,0
4118,Andreas Cornelius,3539,[2013],Cardiff City,6,0,6,75,0,0,2,0,2,32,0,0,8,0,8,107,0,0,0,0,0,0,0,0,0,0,0,0,0,0
4119,Ben Reeves,3540,[2012],Southampton FC,2,0,2,16,0,0,1,0,1,9,0,0,3,0,3,25,0,0,0,0,0,0,0,0,0,0,0,0,0,0
4120,Richard Chaplow,3541,[2012],Southampton FC,1,0,1,28,0,0,2,0,2,24,0,0,3,0,3,52,0,0,0,0,0,0,0,0,0,0,0,0,0,0
4121,Richard Chaplow,3541,"[2004, 2005]",West Bromwich Albion,3,1,2,100,0,0,8,6,2,520,0,0,11,7,4,620,0,0,0,0,0,0,0,0,0,0,0,0,0,0
4122,David Rozehnal,3542,[2007],Newcastle United,11,8,3,774,0,0,10,8,2,715,0,0,21,16,5,1489,0,0,0,0,0,0,0,0,0,0,0,0,0,0
4123,Ca√ßapa,3543,"[2007, 2008]",Newcastle United,13,10,3,827,1,0,12,10,2,966,0,0,25,20,5,1793,1,0,0,0,0,0,0,0,0,0,0,0,0,0
4124,Eduardo,3544,"[2007, 2009]",Arsenal FC,20,13,7,1094,3,0,19,11,8,817,5,0,39,24,15,1911,8,0,0,0,0,1,3,4,0,0,0,0,0,0
4125,Eduardo,3544,"[2016, 2017]",Chelsea FC,0,0,0,0,0,0,0,0,0,0,0,0,0,0,0,0,0,0,0,0,0,0,0,0,0,0,0,0,0,0
4126,Carlos Villanueva,3545,[2008],Blackburn Rovers,5,2,3,242,0,0,7,3,4,313,0,0,12,5,7,555,0,0,0,0,0,0,0,0,0,0,0,0,0,0
4127,Kit Symons,3546,[2001],Fulham FC,2,1,1,165,0,0,2,1,1,116,0,0,4,2,2,281,0,0,0,0,0,0,0,0,0,0,0,0,0,0
4128,S√©bastien Pocognoli,3547,"[2014, 2015]",West Bromwich Albion,10,9,1,744,0,0,6,6,0,510,0,0,16,15,1,1254,0,0,0,0,0,0,0,0,0,0,0,0,0,0
4129,Carl Tiler,3548,[2000],Charlton Athletic,2,2,0,180,0,0,5,5,0,443,0,0,7,7,0,623,0,0,0,0,0,0,0,0,0,0,0,0,0,0
4130,Charlie MacDonald,3549,"[2000, 2001]",Charlton Athletic,2,1,1,76,1,0,3,0,3,29,0,0,5,1,4,105,1,0,1,0,1,1,0,1,0,0,0,0,0,0
4131,Dean Gordon,3550,"[2000, 2001]",Middlesbrough FC,10,5,5,609,1,0,10,7,3,695,1,0,20,12,8,1304,2,0,3,0,3,1,0,1,0,0,0,0,0,0
4132,Gianluca Festa,3551,"[2000, 2001]",Middlesbrough FC,18,16,2,1399,1,0,15,13,2,1218,2,0,33,29,4,2617,3,0,3,0,3,1,1,2,0,0,0,0,0,0
4133,Jan Kirchhoff,3552,"[2015, 2016]",Sunderland AFC,13,12,1,884,0,0,9,7,2,635,0,0,22,19,3,1519,0,0,0,0,0,0,0,0,0,0,0,0,0,0
4134,Jonathan Leko,3553,"[2015, 2016, 2017]",West Bromwich Albion,8,2,6,281,0,0,6,1,5,119,0,0,14,3,11,400,0,0,0,0,0,0,0,0,0,0,0,0,0,0
4135,Mark Gonz√°lez,3554,[2006],Liverpool FC,13,6,7,561,2,0,12,8,4,656,0,0,25,14,11,1217,2,0,0,0,0,1,0,1,0,0,0,0,0,0
4136,Isma√Øla Sarr,3555,[2019],Watford FC,15,11,4,1066,4,0,13,11,2,964,1,0,28,22,6,2030,5,0,0,0,0,2,1,3,0,0,0,0,0,0
4137,Ignacio Pussetto,3556,[2019],Watford FC,4,0,4,28,0,0,3,0,3,39,0,0,7,0,7,67,0,0,0,0,0,0,0,0,0,0,0,0,0,0
4138,Ki-Jana Hoever,3557,[2019],Liverpool FC,0,0,0,0,0,0,0,0,0,0,0,0,0,0,0,0,0,0,0,0,0,0,0,0,0,0,0,0,0,0
4139,Jan Kromkamp,3558,"[2005, 2006]",Liverpool FC,4,3,1,271,0,0,10,4,6,422,0,0,14,7,7,693,0,0,0,0,0,0,0,0,0,0,0,0,0,0
4140,Mauricio Pellegrino,3559,[2004],Liverpool FC,7,7,0,586,0,0,5,4,1,327,0,0,12,11,1,913,0,0,0,0,0,0,0,0,0,0,0,0,0,0
4141,N√∫√±ez,3560,[2004],Liverpool FC,12,5,7,623,0,0,6,3,3,278,0,0,18,8,10,901,0,0,0,0,0,0,0,0,0,0,0,0,0,0
4142,Adam Armstrong,3561,"[2013, 2014]",Newcastle United,7,0,7,106,0,0,8,1,7,127,0,0,15,1,14,233,0,0,0,0,0,0,0,0,0,0,0,0,0,0
4143,Pascal Zuberb√ºhler,3562,[2010],Fulham FC,0,0,0,0,0,0,0,0,0,0,0,0,0,0,0,0,0,0,0,0,0,0,0,0,0,0,0,0,0,0
4144,Fredrik Stoor,3563,"[2008, 2009, 2010]",Fulham FC,0,0,0,0,0,0,4,0,4,76,0,0,4,0,4,76,0,0,0,0,0,0,0,0,0,0,0,0,0,0
4145,Zvonimir Vukiƒá,3564,[2005],Portsmouth FC,4,3,1,271,0,0,5,3,2,247,1,0,9,6,3,518,1,0,0,0,0,0,1,1,0,0,0,0,0,0
4146,Giannis Skopelitis,3565,"[2004, 2005]",Portsmouth FC,7,5,2,406,0,0,11,4,7,468,0,0,18,9,9,874,0,0,0,0,0,0,0,0,0,0,0,0,0,0
4147,Ivica Mornar,3566,"[2003, 2005]",Portsmouth FC,5,3,2,209,0,0,5,1,4,197,1,0,10,4,6,406,1,0,0,0,0,0,1,1,0,0,0,0,0,0
4148,Jason Davidson,3567,[2014],West Bromwich Albion,0,0,0,0,0,0,2,1,1,102,0,0,2,1,1,102,0,0,0,0,0,0,0,0,0,0,0,0,0,0
4149,Cristian Gamboa,3568,"[2014, 2015]",West Bromwich Albion,5,0,5,101,0,0,6,1,5,159,0,0,11,1,10,260,0,0,0,0,0,0,0,0,0,0,0,0,0,0
4150,Ibrahim Ba,3569,[2003],Bolton Wanderers,5,0,5,125,0,0,4,0,4,141,0,0,9,0,9,266,0,0,0,0,0,0,0,0,0,0,0,0,0,0
4151,Marco Ambrosio,3570,[2003],Chelsea FC,4,4,0,360,0,0,4,4,0,360,0,0,8,8,0,720,0,0,0,0,0,0,0,0,0,0,0,0,0,0
4152,Martin Latka,3571,[2005],Birmingham City,3,3,0,270,0,0,3,3,0,251,0,0,6,6,0,521,0,0,0,0,0,0,0,0,0,0,0,0,0,0
4153,Juanmi,3572,[2015],Southampton FC,7,0,7,105,0,0,5,0,5,56,0,0,12,0,12,161,0,0,0,0,0,0,0,0,0,0,0,0,0,0
4154,Clarence Acu√±a,3573,"[2000, 2001, 2002]",Newcastle United,21,14,7,1244,1,0,23,19,4,1693,5,0,44,33,11,2937,6,0,3,2,5,1,4,5,0,0,0,0,0,0
4155,Jonny Maddison,3574,[2015],Leicester City,0,0,0,0,0,0,0,0,0,0,0,0,0,0,0,0,0,0,0,0,0,0,0,0,0,0,0,0,0,0
4156,Dean Hammond,3575,"[2014, 2015]",Leicester City,7,4,3,412,0,0,5,5,0,368,0,0,12,9,3,780,0,0,0,0,0,0,0,0,0,0,0,0,0,0
4157,Dong-won Ji,3576,"[2011, 2012, 2013]",Sunderland AFC,13,1,12,222,2,0,11,3,8,415,0,0,24,4,20,637,2,0,3,0,3,1,0,1,0,0,0,0,0,0
4158,Zak Whitbread,3577,[2011],Norwich City,8,8,0,663,0,0,10,10,0,777,0,0,18,18,0,1440,0,0,0,0,0,0,0,0,0,0,0,0,0,0
4159,Elliott Ward,3578,[2011],Norwich City,6,6,0,540,0,0,6,6,0,540,0,0,12,12,0,1080,0,0,0,0,0,0,0,0,0,0,0,0,0,0
4160,Elliott Ward,3578,[2005],West Bromwich Albion,1,1,0,90,0,0,0,0,0,0,0,0,1,1,0,90,0,0,0,0,0,0,0,0,0,0,0,0,0,0
4161,Tiago,3579,[2004],Chelsea FC,17,9,8,858,1,0,17,12,5,1108,3,0,34,21,13,1966,4,0,0,0,0,0,1,1,0,0,0,0,0,0
4162,Mateja Ke≈æman,3580,[2004],Chelsea FC,15,2,13,330,3,0,10,4,6,408,1,0,25,6,19,738,4,0,0,0,0,0,1,1,1,0,1,0,0,0
4163,Sander Berge,3581,[2019],Sheffield United,7,6,1,476,1,0,7,6,1,473,0,0,14,12,2,949,1,0,0,0,0,1,0,1,0,0,0,0,0,0
4164,David McGoldrick,3582,[2019],Sheffield United,15,12,3,1000,2,0,13,10,3,825,0,0,28,22,6,1825,2,0,0,0,0,1,0,1,0,0,0,0,0,0
4165,Panagiotis Retsos,3583,[2019],Sheffield United,0,0,0,0,0,0,0,0,0,0,0,0,0,0,0,0,0,0,0,0,0,0,0,0,0,0,0,0,0,0
4166,Ondrej Duda,3584,[2019],Norwich City,6,5,1,403,0,0,4,4,0,326,0,0,10,9,1,729,0,0,0,0,0,0,0,0,0,0,0,0,0,0
4167,Lukas Rupp,3585,[2019],Norwich City,6,2,4,211,0,0,6,6,0,488,0,0,12,8,4,699,0,0,0,0,0,0,0,0,0,0,0,0,0,0
4168,Paul Smith,3586,[2004],Southampton FC,2,2,0,180,0,0,2,1,1,174,0,0,4,3,1,354,0,0,0,0,0,0,0,0,0,0,0,0,0,0
4169,Ole S√∂derberg,3587,"[2010, 2011]",Newcastle United,0,0,0,0,0,0,0,0,0,0,0,0,0,0,0,0,0,0,0,0,0,0,0,0,0,0,0,0,0,0
4170,Nikola Kaliniƒá,3588,"[2009, 2010]",Blackburn Rovers,21,15,6,1239,3,0,23,14,9,1309,4,0,44,29,15,2548,7,0,6,0,6,3,3,6,0,0,0,0,0,0
4171,H√©rold Goulon,3589,[2010],Blackburn Rovers,2,0,2,24,0,0,2,1,1,34,0,0,4,1,3,58,0,0,0,0,0,0,0,0,0,0,0,0,0,0
4172,Jak Alnwick,3590,"[2012, 2013, 2014]",Newcastle United,4,3,1,314,0,0,2,2,0,180,0,0,6,5,1,494,0,0,0,0,0,0,0,0,0,0,0,0,0,0
4173,Alex Baptiste,3591,[2010],Blackpool FC,11,10,1,906,0,0,10,9,1,823,2,0,21,19,2,1729,2,0,0,0,0,0,1,1,0,0,0,0,0,0
4174,Alex Baptiste,3591,[2016],Middlesbrough FC,0,0,0,0,0,0,0,0,0,0,0,0,0,0,0,0,0,0,0,0,0,0,0,0,0,0,0,0,0,0
4175,Gary Taylor-Fletcher,3592,[2010],Blackpool FC,16,15,1,1260,3,0,15,14,1,1201,3,0,31,29,2,2461,6,0,0,0,0,1,3,4,0,0,0,0,0,0
4176,Gary Taylor-Fletcher,3592,[2014],Leicester City,0,0,0,0,0,0,1,0,1,17,0,0,1,0,1,17,0,0,0,0,0,0,0,0,0,0,0,0,0,0
4177,Sergey Kornilenko,3593,[2010],Blackpool FC,3,1,2,82,0,0,3,2,1,97,0,0,6,3,3,179,0,0,0,0,0,0,0,0,0,0,0,0,0,0
4178,J√ºrgen Macho,3594,"[2000, 2001, 2002]",Sunderland AFC,8,7,1,672,0,0,11,10,1,963,0,0,19,17,2,1635,0,0,0,0,0,0,0,0,0,0,0,0,0,0
4179,Alex Nimely-Tchuimeni,3595,[2009],Manchester City,0,0,0,0,0,0,1,0,1,7,0,0,1,0,1,7,0,0,0,0,0,0,0,0,0,0,0,0,0,0
4180,Lewin Nyatanga,3596,[2007],Derby County,1,1,0,90,0,0,1,1,0,90,1,0,2,2,0,180,1,0,0,0,0,0,1,1,0,0,0,0,0,0
4181,Mile Sterjovski,3597,[2007],Derby County,6,5,1,370,0,0,6,4,2,321,0,0,12,9,3,691,0,0,0,0,0,0,0,0,0,0,0,0,0,0
4182,Emanuel Villa,3598,[2007],Derby County,9,7,2,599,2,0,7,2,5,327,1,0,16,9,7,926,3,0,1,1,2,2,1,3,0,0,0,0,0,0
4183,Benny Feilhaber,3599,[2007],Derby County,6,0,6,180,0,0,4,1,3,113,0,0,10,1,9,293,0,0,0,0,0,0,0,0,0,0,0,0,0,0
4184,Paris Simmons,3600,[2007],Derby County,1,0,1,27,0,0,0,0,0,0,0,0,1,0,1,27,0,0,0,0,0,0,0,0,0,0,0,0,0,0
4185,Philip Stamp,3601,[2000],Sunderland AFC,1,1,0,14,0,0,0,0,0,0,0,0,1,1,0,14,0,0,0,0,0,0,0,0,0,0,0,0,0,0
4186,Philip Stamp,3601,[2001],Middlesbrough FC,3,2,1,162,0,0,3,1,2,131,0,0,6,3,3,293,0,0,0,0,0,0,0,0,0,0,0,0,0,0
4187,Simon Moore,3602,[2019],Sheffield United,1,1,0,90,0,0,1,1,0,90,0,0,2,2,0,180,0,0,0,0,0,0,0,0,0,0,0,0,0,0
4188,Simon Moore,3602,[2013],Cardiff City,0,0,0,0,0,0,0,0,0,0,0,0,0,0,0,0,0,0,0,0,0,0,0,0,0,0,0,0,0,0
4189,Luke Freeman,3603,[2019],Sheffield United,4,1,3,178,0,0,7,2,5,184,0,0,11,3,8,362,0,0,0,0,0,0,0,0,0,0,0,0,0,0
4190,Anthony McNamee,3604,[2006],Watford FC,5,3,2,229,0,0,2,1,1,120,0,0,7,4,3,349,0,0,0,0,0,0,0,0,0,0,0,0,0,0
4191,Al Bangura,3605,[2006],Watford FC,8,6,2,517,0,0,8,6,2,567,0,0,16,12,4,1084,0,0,0,0,0,0,0,0,0,0,0,0,0,0
4192,Will Hoskins,3606,[2006],Watford FC,5,3,2,303,0,0,4,1,3,118,0,0,9,4,5,421,0,0,0,0,0,0,0,0,0,0,0,0,0,0
4193,Leon Clarke,3607,[2019],Sheffield United,1,0,1,13,0,0,1,0,1,20,0,0,2,0,2,33,0,0,0,0,0,0,0,0,0,0,0,0,0,0
4194,Tyias Browning,3608,"[2012, 2013, 2014, 2015, 2018]",Everton FC,2,1,1,135,0,0,5,2,3,193,0,0,7,3,4,328,0,0,0,0,0,0,0,0,0,0,0,0,0,0
4195,James Chambers,3609,[2002],West Bromwich Albion,6,1,5,204,0,0,2,1,1,94,0,0,8,2,6,298,0,0,0,0,0,0,0,0,0,0,0,0,0,0
4196,James Chambers,3609,[2006],Watford FC,4,3,1,271,0,0,7,4,3,364,0,0,11,7,4,635,0,0,0,0,0,0,0,0,0,0,0,0,0,0
4197,Willo Flood,3610,"[2004, 2005]",Manchester City,6,2,4,205,1,0,6,1,5,167,0,0,12,3,9,372,1,0,0,0,0,1,0,1,0,0,0,0,0,0
4198,Hiram Boateng,3611,"[2013, 2014, 2015, 2016]",Crystal Palace,0,0,0,0,0,0,1,0,1,18,0,0,1,0,1,18,0,0,0,0,0,0,0,0,0,0,0,0,0,0
4199,Hakan √únsal,3612,[2001],Blackburn Rovers,4,3,1,244,0,0,4,4,0,306,0,0,8,7,1,550,0,0,0,0,0,0,0,0,0,0,0,0,0,0
4200,Yordi,3613,[2001],Blackburn Rovers,4,2,2,173,1,0,4,3,1,236,1,0,8,5,3,409,2,0,0,0,0,0,1,1,0,0,0,0,0,0
4201,Mace Goodridge,3614,[2019],Burnley FC,0,0,0,0,0,0,0,0,0,0,0,0,0,0,0,0,0,0,0,0,0,0,0,0,0,0,0,0,0,0
4202,Jo√£o Pedro,3615,[2019],Watford FC,1,0,1,16,0,0,2,0,2,6,0,0,3,0,3,22,0,0,0,0,0,0,0,0,0,0,0,0,0,0
4203,Jean-Philippe Gbamin,3616,[2019],Everton FC,1,1,0,90,0,0,1,0,1,45,0,0,2,1,1,135,0,0,0,0,0,0,0,0,0,0,0,0,0,0
4204,Anthony Vanden Borre,3617,[2009],Portsmouth FC,8,6,2,598,0,0,11,9,2,759,0,0,19,15,4,1357,0,0,0,0,0,0,0,0,0,0,0,0,0,0
4205,G√∂khan T√∂re,3618,[2016],West Ham United,3,2,1,140,0,0,2,1,1,101,0,0,5,3,2,241,0,0,0,0,0,0,0,0,0,0,0,0,0,0
4206,Kazenga LuaLua,3619,"[2007, 2008, 2010]",Newcastle United,4,0,4,55,0,0,3,0,3,33,0,0,7,0,7,88,0,0,0,0,0,0,0,0,0,0,0,0,0,0
4207,Jermaine Beckford,3620,"[2010, 2011]",Everton FC,18,10,8,888,5,0,16,5,11,502,3,0,34,15,19,1390,8,0,4,1,5,4,3,7,0,0,0,0,0,0
4208,Jermaine Jones,3621,[2010],Blackburn Rovers,8,8,0,678,0,0,7,7,0,618,0,0,15,15,0,1296,0,0,0,0,0,0,0,0,0,0,0,0,0,0
4209,Mathieu Berson,3622,[2004],Aston Villa,5,3,2,299,0,0,6,4,2,331,0,0,11,7,4,630,0,0,0,0,0,0,0,0,0,0,0,0,0,0
4210,Vince Grella,3623,"[2008, 2009, 2010, 2011]",Blackburn Rovers,20,17,3,1454,0,0,17,11,6,979,0,0,37,28,9,2433,0,0,0,0,0,0,0,0,0,0,0,0,0,0
4211,Aaron Doran,3624,"[2008, 2010]",Blackburn Rovers,0,0,0,0,0,0,2,0,2,70,0,0,2,0,2,70,0,0,0,0,0,0,0,0,0,0,0,0,0,0
4212,Kevin Stewart,3625,"[2015, 2016]",Liverpool FC,4,3,1,284,0,0,6,3,3,296,0,0,10,6,4,580,0,0,0,0,0,0,0,0,0,0,0,0,0,0
4213,Sheyi Ojo,3626,"[2014, 2015]",Liverpool FC,4,2,2,133,0,0,4,3,1,264,0,0,8,5,3,397,0,0,0,0,0,0,0,0,0,0,0,0,0,0
4214,Pedro Chirivella,3627,[2015],Liverpool FC,0,0,0,0,0,0,1,1,0,46,0,0,1,1,0,46,0,0,0,0,0,0,0,0,0,0,0,0,0,0
4215,Jo√£o Carlos Teixeira,3628,"[2013, 2015]",Liverpool FC,0,0,0,0,0,0,2,0,2,11,0,0,2,0,2,11,0,0,0,0,0,0,0,0,0,0,0,0,0,0
4216,Andrea Dossena,3629,"[2008, 2009]",Liverpool FC,6,6,0,498,0,0,12,7,5,598,1,0,18,13,5,1096,1,0,0,0,0,0,0,0,0,0,0,0,0,0
4217,Andrea Dossena,3629,[2013],Sunderland AFC,2,2,0,180,0,0,5,4,1,356,0,0,7,6,1,536,0,0,0,0,0,0,0,0,0,0,0,0,0,0
4218,Geoffrey Mujangi Bia,3630,"[2009, 2010]",Wolverhampton Wanderers,1,0,1,14,0,0,3,1,2,57,0,0,4,1,3,71,0,0,0,0,0,0,0,0,0,0,0,0,0,0
4219,Jordan Robinson,3631,[2010],Wigan Athletic,0,0,0,0,0,0,0,0,0,0,0,0,0,0,0,0,0,0,0,0,0,0,0,0,0,0,0,0,0,0
4220,Mauro Boselli,3632,"[2010, 2012]",Wigan Athletic,9,4,5,427,0,0,6,2,4,198,0,0,15,6,9,625,0,0,0,0,0,0,0,0,0,0,0,0,0,0
4221,David Pizarro,3633,[2011],Manchester City,4,1,3,91,0,0,1,0,1,73,0,0,5,1,4,164,0,0,0,0,0,0,0,0,0,0,0,0,0,0
4222,Mat Sadler,3634,"[2002, 2005, 2007]",Birmingham City,7,6,1,551,0,0,8,7,1,570,0,0,15,13,2,1121,0,0,0,0,0,0,0,0,0,0,0,0,0,0
4223,V√≠ctor Ibarbo,3635,[2015],Watford FC,2,0,2,23,0,0,2,0,2,41,0,0,4,0,4,64,0,0,0,0,0,0,0,0,0,0,0,0,0,0
4224,Steven Berghuis,3636,[2015],Watford FC,5,0,5,105,0,0,4,0,4,117,0,0,9,0,9,222,0,0,0,0,0,0,0,0,0,0,0,0,0,0
4225,Rene Gilmartin,3637,"[2015, 2016]",Watford FC,0,0,0,0,0,0,0,0,0,0,0,0,0,0,0,0,0,0,0,0,0,0,0,0,0,0,0,0,0,0
4226,Adalberto Pe√±aranda,3638,"[2018, 2019]",Watford FC,0,0,0,0,0,0,0,0,0,0,0,0,0,0,0,0,0,0,0,0,0,0,0,0,0,0,0,0,0,0
4227,Urby Emanuelson,3639,[2012],Fulham FC,7,3,4,420,0,0,6,2,4,233,1,0,13,5,8,653,1,0,0,0,0,0,0,0,0,0,0,0,0,0
4228,Mladen Petriƒá,3640,[2012],Fulham FC,14,6,8,520,4,0,9,3,6,361,1,0,23,9,14,881,5,0,0,0,0,2,0,2,1,0,1,0,0,0
4229,Mladen Petriƒá,3640,[2013],West Ham United,2,0,2,35,0,0,1,0,1,31,0,0,3,0,3,66,0,0,0,0,0,0,0,0,0,0,0,0,0,0
4230,Brek Shea,3641,"[2012, 2013]",Stoke City,1,0,1,23,0,0,2,0,2,97,0,0,3,0,3,120,0,0,0,0,0,0,0,0,0,0,0,0,0,0
4231,David Wright,3642,"[2005, 2006]",Wigan Athletic,8,2,6,353,0,0,6,5,1,435,0,0,14,7,7,788,0,0,0,0,0,0,0,0,0,0,0,0,0,0
4232,Kostas Stafylidis,3643,[2017],Stoke City,1,1,0,90,0,0,3,2,1,155,0,0,4,3,1,245,0,0,0,0,0,0,0,0,0,0,0,0,0,0
4233,Manuel Fernandes,3644,"[2006, 2007]",Everton FC,12,11,1,982,1,0,9,6,3,605,1,0,21,17,4,1587,2,0,0,0,0,0,1,1,0,0,0,0,0,0
4234,Pierre Wom√©,3645,[2002],Fulham FC,8,7,1,555,1,0,4,4,0,327,0,0,12,11,1,882,1,0,0,0,0,0,0,0,0,0,0,0,0,0
4235,Andrejs ≈†tolcers,3646,"[2001, 2002]",Fulham FC,5,0,5,43,0,0,5,0,5,38,0,0,10,0,10,81,0,0,0,0,0,0,0,0,0,0,0,0,0,0
4236,Matthew Pennington,3647,"[2015, 2016]",Everton FC,3,3,0,209,0,0,4,3,1,270,1,0,7,6,1,479,1,0,0,0,0,0,1,1,0,0,0,0,0,0
4237,Rhoys Wiggins,3648,[2015],AFC Bournemouth,0,0,0,0,0,0,0,0,0,0,0,0,0,0,0,0,0,0,0,0,0,0,0,0,0,0,0,0,0,0
4238,Sebasti√°n Blanco,3649,[2014],West Bromwich Albion,2,0,2,27,0,0,1,0,1,9,0,0,3,0,3,36,0,0,0,0,0,0,0,0,0,0,0,0,0,0
4239,Jamal Blackman,3650,"[2011, 2014, 2015]",Chelsea FC,0,0,0,0,0,0,0,0,0,0,0,0,0,0,0,0,0,0,0,0,0,0,0,0,0,0,0,0,0,0
4240,Per Kr√∏ldrup,3651,[2005],Everton FC,0,0,0,0,0,0,1,1,0,90,0,0,1,1,0,90,0,0,0,0,0,0,0,0,0,0,0,0,0,0
4241,Hogan Ephraim,3652,"[2011, 2012]",Queens Park Rangers,0,0,0,0,0,0,2,0,2,41,0,0,2,0,2,41,0,0,0,0,0,0,0,0,0,0,0,0,0,0
4242,Simon Elliott,3653,[2005],Fulham FC,6,6,0,508,0,0,6,6,0,493,0,0,12,12,0,1001,0,0,0,0,0,0,0,0,0,0,0,0,0,0
4243,Valentino Lazaro,3654,[2019],Newcastle United,6,1,5,191,0,0,7,3,4,283,1,0,13,4,9,474,1,0,0,0,0,0,0,0,0,0,0,0,0,0
4244,Richairo ≈Ωivkoviƒá,3655,[2019],Sheffield United,2,0,2,26,0,0,3,0,3,81,0,0,5,0,5,107,0,0,0,0,0,0,0,0,0,0,0,0,0,0
4245,Amr Zaki,3656,[2008],Wigan Athletic,13,10,3,935,3,0,15,11,4,1044,7,0,28,21,7,1979,10,0,4,3,7,2,4,6,2,2,4,0,0,0
4246,Amr Zaki,3656,[2009],Hull City,3,0,3,69,0,0,3,2,1,157,0,0,6,2,4,226,0,0,0,0,0,0,0,0,0,0,0,0,0,0
4247,Adam Green,3657,"[2003, 2004]",Fulham FC,5,5,0,450,0,0,2,2,0,180,0,0,7,7,0,630,0,0,0,0,0,0,0,0,0,0,0,0,0,0
4248,Declan John,3658,[2013],Cardiff City,10,7,3,655,0,0,10,9,1,832,0,0,20,16,4,1487,0,0,0,0,0,0,0,0,0,0,0,0,0,0
4249,Magnus Eikrem,3659,[2013],Cardiff City,4,1,3,183,0,0,2,0,2,17,0,0,6,1,5,200,0,0,0,0,0,0,0,0,0,0,0,0,0,0
4250,Mats M√∏ller D√¶hli,3660,[2013],Cardiff City,7,3,4,337,0,0,6,2,4,287,1,0,13,5,8,624,1,0,0,1,1,0,1,1,0,0,0,0,0,0
4251,Cala,3661,[2013],Cardiff City,3,3,0,270,0,0,4,4,0,360,2,0,7,7,0,630,2,0,0,3,3,0,2,2,0,0,0,0,0,0
4252,Jo Inge Berget,3662,[2013],Cardiff City,1,0,1,11,0,0,0,0,0,0,0,0,1,0,1,11,0,0,0,0,0,0,0,0,0,0,0,0,0,0
4253,Derek Geary,3663,[2006],Sheffield United,12,12,0,1016,0,0,12,12,0,1024,0,0,24,24,0,2040,0,0,0,0,0,0,0,0,0,0,0,0,0,0
4254,Nick Montgomery,3664,[2006],Sheffield United,11,10,1,942,0,0,13,10,3,867,0,0,24,20,4,1809,0,0,0,0,0,0,0,0,0,0,0,0,0,0
4255,Colin K√¢zƒ±m-Richards,3665,[2006],Sheffield United,12,7,5,705,1,0,14,7,7,707,0,0,26,14,12,1412,1,0,1,0,1,1,0,1,0,0,0,0,0,0
4256,Piscu,3666,"[2010, 2011, 2012]",Wigan Athletic,6,5,1,483,0,0,5,4,1,383,0,0,11,9,2,866,0,0,0,0,0,0,0,0,0,0,0,0,0,0
4257,Bruno Perone,3667,[2011],Queens Park Rangers,0,0,0,0,0,0,1,1,0,90,0,0,1,1,0,90,0,0,0,0,0,0,0,0,0,0,0,0,0,0
4258,Patrick Agyemang,3668,[2011],Queens Park Rangers,0,0,0,0,0,0,2,2,0,147,0,0,2,2,0,147,0,0,0,0,0,0,0,0,0,0,0,0,0,0
4259,Michael Harriman,3669,"[2011, 2012]",Queens Park Rangers,0,0,0,0,0,0,2,1,1,119,0,0,2,1,1,119,0,0,0,0,0,0,0,0,0,0,0,0,0,0
4260,Bruno Andrade,3670,[2011],Queens Park Rangers,0,0,0,0,0,0,1,0,1,10,0,0,1,0,1,10,0,0,0,0,0,0,0,0,0,0,0,0,0,0
4261,Troy Hewitt,3671,[2011],Queens Park Rangers,0,0,0,0,0,0,0,0,0,0,0,0,0,0,0,0,0,0,0,0,0,0,0,0,0,0,0,0,0,0
4262,J√©r√¥me Bonnissel,3672,[2003],Fulham FC,9,9,0,743,0,0,7,7,0,613,0,0,16,16,0,1356,0,0,0,0,0,0,0,0,0,0,0,0,0,0
4263,Malik Buari,3673,[2003],Fulham FC,1,1,0,45,0,0,2,0,2,36,0,0,3,1,2,81,0,0,0,0,0,0,0,0,0,0,0,0,0,0
4264,Ricky van Wolfswinkel,3674,"[2013, 2015]",Norwich City,14,9,5,803,1,0,11,7,4,593,0,0,25,16,9,1396,1,0,1,0,1,1,0,1,0,0,0,0,0,0
4265,Kostas Mitroglou,3675,[2013],Fulham FC,0,0,0,0,0,0,3,1,2,152,0,0,3,1,2,152,0,0,0,0,0,0,0,0,0,0,0,0,0,0
4266,William Kvist,3676,[2013],Fulham FC,5,4,1,333,0,0,3,3,0,260,0,0,8,7,1,593,0,0,0,0,0,0,0,0,0,0,0,0,0,0
4267,Andreas Isaksson,3677,"[2006, 2007]",Manchester City,8,7,1,685,0,0,11,10,1,944,0,0,19,17,2,1629,0,0,0,0,0,0,0,0,0,0,0,0,0,0
4268,Kelvin Etuhu,3678,"[2007, 2008]",Manchester City,3,1,2,121,1,0,6,2,4,184,0,0,9,3,6,305,1,0,0,0,0,0,0,0,0,0,0,0,0,0
4269,Steve McManaman,3679,"[2003, 2004]",Manchester City,19,13,6,1110,0,0,14,11,3,1004,0,0,33,24,9,2114,0,0,0,0,0,0,0,0,0,0,0,0,0,0
4270,Jim Brennan,3680,[2004],Norwich City,3,1,2,127,0,0,7,5,2,477,0,0,10,6,4,604,0,0,0,0,0,0,0,0,0,0,0,0,0,0
4271,Ian Henderson,3681,[2004],Norwich City,2,0,2,45,0,0,1,0,1,9,0,0,3,0,3,54,0,0,0,0,0,0,0,0,0,0,0,0,0,0
4272,Jason Gavin,3682,"[2000, 2001]",Middlesbrough FC,12,7,5,777,0,0,11,8,3,717,0,0,23,15,8,1494,0,0,0,0,0,0,0,0,0,0,0,0,0,0
4273,Allan Johnston,3683,[2001],Middlesbrough FC,9,7,2,550,1,0,8,6,2,436,0,0,17,13,4,986,1,0,0,0,0,0,0,0,0,0,0,0,0,0
4274,Mark Wilson,3684,"[2001, 2002]",Middlesbrough FC,8,2,6,230,0,0,8,4,4,453,0,0,16,6,10,683,0,0,0,0,0,0,0,0,0,0,0,0,0,0
4275,Jan La≈°t≈Øvka,3685,[2006],Fulham FC,4,3,1,299,0,0,4,4,0,360,0,0,8,7,1,659,0,0,0,0,0,0,0,0,0,0,0,0,0,0
4276,Leon Andreasen,3686,"[2007, 2008]",Fulham FC,9,4,5,359,0,0,10,5,5,463,0,0,19,9,10,822,0,0,0,0,0,0,0,0,0,0,0,0,0,0
4277,Muamer Tankoviƒá,3687,[2013],Fulham FC,1,0,1,7,0,0,2,1,1,53,0,0,3,1,2,60,0,0,0,0,0,0,0,0,0,0,0,0,0,0
4278,Joshua Passley,3688,[2013],Fulham FC,0,0,0,0,0,0,0,0,0,0,0,0,0,0,0,0,0,0,0,0,0,0,0,0,0,0,0,0,0,0
4279,Sam Gallagher,3689,"[2013, 2014, 2018]",Southampton FC,9,2,7,236,1,0,13,1,12,179,0,0,22,3,19,415,1,0,0,0,0,0,0,0,0,0,0,0,0,0
4280,Bj√∂rn Runstr√∂m,3690,[2006],Fulham FC,0,0,0,0,0,0,1,0,1,8,0,0,1,0,1,8,0,0,0,0,0,0,0,0,0,0,0,0,0,0
4281,Youssef Safri,3691,[2004],Norwich City,10,7,3,634,1,0,8,6,2,449,0,0,18,13,5,1083,1,0,0,0,0,1,0,1,0,0,0,0,0,0
4282,Hidetoshi Nakata,3692,[2005],Bolton Wanderers,10,7,3,626,1,0,11,7,4,725,0,0,21,14,7,1351,1,0,0,0,0,1,0,1,0,0,0,0,0,0
4283,Lewis Baker,3693,"[2013, 2014]",Chelsea FC,0,0,0,0,0,0,0,0,0,0,0,0,0,0,0,0,0,0,0,0,0,0,0,0,0,0,0,0,0,0
4284,Kevin Stuhr-Ellegaard,3694,[2003],Manchester City,2,2,0,180,0,0,2,0,2,115,0,0,4,2,2,295,0,0,0,0,0,0,0,0,0,0,0,0,0,0
4285,Stephen McPhail,3695,"[2000, 2001, 2002, 2003]",Leeds United,12,5,7,646,1,0,18,10,8,932,0,0,30,15,15,1578,1,0,0,0,0,1,0,1,0,0,0,0,0,0
4286,Neil Lennon,3696,[2000],Leicester City,7,7,0,586,0,0,8,8,0,720,0,0,15,15,0,1306,0,0,0,0,0,0,0,0,0,0,0,0,0,0
4287,Bob Taylor,3697,[2002],West Bromwich Albion,3,2,1,107,0,0,1,0,1,7,0,0,4,2,2,114,0,0,0,0,0,0,0,0,0,0,0,0,0,0
4288,Stephen Hendrie,3698,[2015],West Ham United,0,0,0,0,0,0,0,0,0,0,0,0,0,0,0,0,0,0,0,0,0,0,0,0,0,0,0,0,0,0
4289,Stephan Lichtsteiner,3699,[2018],Arsenal FC,7,5,2,408,0,0,7,5,2,532,0,0,14,10,4,940,0,0,0,0,0,0,0,0,0,0,0,0,0,0
4290,Douglas,3700,[2006],Watford FC,3,3,0,262,0,0,4,3,1,174,1,0,7,6,1,436,1,0,0,0,0,0,0,0,0,0,0,0,0,0
4291,Cedric Avinel,3701,[2006],Watford FC,0,0,0,0,0,0,1,1,0,46,0,0,1,1,0,46,0,0,0,0,0,0,0,0,0,0,0,0,0,0
4292,Lee Williamson,3702,[2006],Watford FC,2,2,0,136,0,0,3,2,1,197,0,0,5,4,1,333,0,0,0,0,0,0,0,0,0,0,0,0,0,0
4293,Itay Shechter,3703,[2012],Swansea City,8,2,6,201,0,0,10,5,5,422,1,0,18,7,11,623,1,0,0,0,0,0,1,1,0,0,0,0,0,0
4294,Kei Kamara,3704,[2012],Norwich City,6,3,3,313,1,0,5,4,1,342,0,0,11,7,4,655,1,0,0,0,0,1,0,1,0,0,0,0,0,0
4295,Lee Camp,3705,[2012],Norwich City,1,0,1,75,0,0,2,1,1,147,0,0,3,1,2,222,0,0,0,0,0,0,0,0,0,0,0,0,0,0
4296,Lee Camp,3705,[2013],West Bromwich Albion,0,0,0,0,0,0,0,0,0,0,0,0,0,0,0,0,0,0,0,0,0,0,0,0,0,0,0,0,0,0
4297,Vegard Forren,3706,[2012],Southampton FC,0,0,0,0,0,0,0,0,0,0,0,0,0,0,0,0,0,0,0,0,0,0,0,0,0,0,0,0,0,0
4298,Dorus de Vries,3707,[2011],Wolverhampton Wanderers,2,2,0,180,0,0,2,2,0,141,0,0,4,4,0,321,0,0,0,0,0,0,0,0,0,0,0,0,0,0
4299,Haris Vuƒçkiƒá,3708,"[2010, 2011, 2013, 2014]",Newcastle United,3,1,2,109,0,0,2,1,1,73,0,0,5,2,3,182,0,0,0,0,0,0,0,0,0,0,0,0,0,0
4300,Franck Tabanou,3709,[2015],Swansea City,0,0,0,0,0,0,0,0,0,0,0,0,0,0,0,0,0,0,0,0,0,0,0,0,0,0,0,0,0,0
4301,Sam Woods,3710,"[2018, 2019]",Crystal Palace,0,0,0,0,0,0,0,0,0,0,0,0,0,0,0,0,0,0,0,0,0,0,0,0,0,0,0,0,0,0
4302,Daniel Osvaldo,3711,[2013],Southampton FC,7,4,3,424,3,0,6,5,1,431,0,0,13,9,4,855,3,0,1,0,1,3,0,3,0,0,0,0,0,0
4303,Alexander B√ºttner,3712,"[2012, 2013]",Manchester United,8,5,3,493,1,0,5,4,1,386,1,0,13,9,4,879,2,0,0,0,0,0,0,0,0,0,0,0,0,0
4304,Tendayi Darikwa,3713,[2016],Burnley FC,0,0,0,0,0,0,0,0,0,0,0,0,0,0,0,0,0,0,0,0,0,0,0,0,0,0,0,0,0,0
4305,Alexander Manninger,3714,[2016],Liverpool FC,0,0,0,0,0,0,0,0,0,0,0,0,0,0,0,0,0,0,0,0,0,0,0,0,0,0,0,0,0,0
4306,Alexander Manninger,3714,[2000],Arsenal FC,4,4,0,360,0,0,6,6,0,540,0,0,10,10,0,900,0,0,0,0,0,0,0,0,0,0,0,0,0,0
4307,Bj√∂rn Engels,3715,[2019],Aston Villa,9,8,1,787,1,0,8,7,1,659,0,0,17,15,2,1446,1,0,0,0,0,1,0,1,0,0,0,0,0,0
4308,Wesley,3716,[2019],Aston Villa,10,10,0,880,1,0,11,11,0,910,4,0,21,21,0,1790,5,0,0,0,0,1,3,4,0,0,0,0,0,0
4309,Brendan Galloway,3717,[2016],West Bromwich Albion,2,2,0,158,0,0,1,1,0,90,0,0,3,3,0,248,0,0,0,0,0,0,0,0,0,0,0,0,0,0
4310,Brendan Galloway,3717,"[2014, 2015]",Everton FC,10,9,1,769,0,0,7,7,0,628,0,0,17,16,1,1397,0,0,0,0,0,0,0,0,0,0,0,0,0,0
4311,Vadis Odjidja-Ofoe,3718,[2015],Norwich City,5,0,5,59,0,0,5,3,2,216,0,0,10,3,7,275,0,0,0,0,0,0,0,0,0,0,0,0,0,0
4312,Josh Morris,3719,"[2010, 2011]",Blackburn Rovers,2,0,2,31,0,0,4,0,4,129,0,0,6,0,6,160,0,0,0,0,0,0,0,0,0,0,0,0,0,0
4313,Michael Tarnat,3720,[2003],Manchester City,17,17,0,1511,1,0,13,13,0,1170,2,0,30,30,0,2681,3,0,0,0,0,1,2,3,0,0,0,0,0,0
4314,Daniel Agyei,3721,[2016],Burnley FC,1,0,1,15,0,0,2,0,2,8,0,0,3,0,3,23,0,0,0,0,0,0,0,0,0,0,0,0,0,0
4315,Jordan Thomas,3722,[2019],Norwich City,0,0,0,0,0,0,1,0,1,1,0,0,1,0,1,1,0,0,0,0,0,0,0,0,0,0,0,0,0,0
4316,Akin Famewo,3723,[2019],Norwich City,0,0,0,0,0,0,1,0,1,1,0,0,1,0,1,1,0,0,0,0,0,0,0,0,0,0,0,0,0,0
4317,Josh Martin,3724,[2019],Norwich City,2,0,2,21,0,0,3,0,3,11,0,0,5,0,5,32,0,0,0,0,0,0,0,0,0,0,0,0,0,0
4318,Archie Mair,3725,[2019],Norwich City,0,0,0,0,0,0,0,0,0,0,0,0,0,0,0,0,0,0,0,0,0,0,0,0,0,0,0,0,0,0
4319,Dan Adshead,3726,[2019],Norwich City,0,0,0,0,0,0,0,0,0,0,0,0,0,0,0,0,0,0,0,0,0,0,0,0,0,0,0,0,0,0
4320,Richard Lee,3727,[2006],Watford FC,5,5,0,450,0,0,3,2,1,224,0,0,8,7,1,674,0,0,0,0,0,0,0,0,0,0,0,0,0,0
4321,Matthew Spring,3728,[2006],Watford FC,4,1,3,164,0,0,2,1,1,96,0,0,6,2,4,260,0,0,0,0,0,0,0,0,0,0,0,0,0,0
4322,Tahith Chong,3729,"[2018, 2019]",Manchester United,3,0,3,31,0,0,2,0,2,40,0,0,5,0,5,71,0,0,0,0,0,0,0,0,0,0,0,0,0,0
4323,Tom Lawrence,3730,[2014],Leicester City,3,0,3,51,0,0,0,0,0,0,0,0,3,0,3,51,0,0,0,0,0,0,0,0,0,0,0,0,0,0
4324,Tom Lawrence,3730,[2013],Manchester United,1,1,0,70,0,0,0,0,0,0,0,0,1,1,0,70,0,0,0,0,0,0,0,0,0,0,0,0,0,0
4325,Del Horno,3731,[2005],Chelsea FC,14,14,0,1145,0,0,11,11,0,900,1,0,25,25,0,2045,1,0,0,0,0,0,1,1,0,0,0,0,0,0
4326,Roland Lamah,3732,"[2012, 2013]",Swansea City,7,2,5,319,1,0,7,3,4,286,1,0,14,5,9,605,2,0,0,1,1,1,1,2,0,0,0,0,0,0
4327,Gregor Zabret,3733,[2013],Swansea City,0,0,0,0,0,0,0,0,0,0,0,0,0,0,0,0,0,0,0,0,0,0,0,0,0,0,0,0,0,0
4328,Scott Gemmill,3734,"[2000, 2001, 2002]",Everton FC,39,32,7,3017,2,0,36,33,3,2951,1,0,75,65,10,5968,3,0,0,0,0,1,1,2,0,0,0,0,0,0
4329,Clinton N'Jie,3735,[2015],Tottenham Hotspur,5,0,5,143,0,0,3,0,3,41,0,0,8,0,8,184,0,0,0,0,0,0,0,0,0,0,0,0,0,0
4330,Milenko Aƒçimoviƒç,3736,[2002],Tottenham Hotspur,7,2,5,293,0,0,10,2,8,207,0,0,17,4,13,500,0,0,0,0,0,0,0,0,0,0,0,0,0,0
4331,Kazuyuki Toda,3737,[2002],Tottenham Hotspur,3,1,2,144,0,0,1,1,0,45,0,0,4,2,2,189,0,0,0,0,0,0,0,0,0,0,0,0,0,0
4332,Danny Wilson,3738,[2010],Liverpool FC,0,0,0,0,0,0,2,1,1,155,0,0,2,1,1,155,0,0,0,0,0,0,0,0,0,0,0,0,0,0
4333,Erik Meijer,3739,[2000],Liverpool FC,2,0,2,30,0,0,1,0,1,10,0,0,3,0,3,40,0,0,0,0,0,0,0,0,0,0,0,0,0,0
4334,Steve Kabba,3740,[2006],Watford FC,6,4,2,402,0,0,5,2,3,241,0,0,11,6,5,643,0,0,0,0,0,0,0,0,0,0,0,0,0,0
4335,Wellington Paulista,3741,[2012],West Ham United,0,0,0,0,0,0,0,0,0,0,0,0,0,0,0,0,0,0,0,0,0,0,0,0,0,0,0,0,0,0
4336,Kaspars Gork≈°s,3742,[2012],Reading FC,7,7,0,630,0,0,7,7,0,630,1,0,14,14,0,1260,1,0,0,0,0,0,1,1,0,0,0,0,0,0
4337,Kaspars Gork≈°s,3742,[2011],Queens Park Rangers,0,0,0,0,0,0,0,0,0,0,0,0,0,0,0,0,0,0,0,0,0,0,0,0,0,0,0,0,0,0
4338,Jem Karacan,3743,[2012],Reading FC,11,11,0,857,0,0,10,10,0,750,1,0,21,21,0,1607,1,0,0,0,0,0,0,0,0,0,0,0,0,0
4339,Nick Blackman,3744,[2012],Reading FC,5,1,4,144,0,0,6,2,4,245,0,0,11,3,8,389,0,0,0,0,0,0,0,0,0,0,0,0,0,0
4340,Nick Blackman,3744,[2011],Blackburn Rovers,1,0,1,6,0,0,0,0,0,0,0,0,1,0,1,6,0,0,0,0,0,0,0,0,0,0,0,0,0,0
4341,Daniel Carri√ßo,3745,[2012],Reading FC,2,1,1,79,0,0,1,0,1,9,0,0,3,1,2,88,0,0,0,0,0,0,0,0,0,0,0,0,0,0
4342,Hope Akpan,3746,[2012],Reading FC,5,4,1,251,0,0,4,2,2,220,0,0,9,6,3,471,0,0,0,0,0,0,0,0,0,0,0,0,0,0
4343,Cameron Carter-Vickers,3747,"[2016, 2017]",Tottenham Hotspur,0,0,0,0,0,0,0,0,0,0,0,0,0,0,0,0,0,0,0,0,0,0,0,0,0,0,0,0,0,0
4344,Jason Brown,3748,"[2006, 2008, 2009]",Blackburn Rovers,5,4,1,404,0,0,4,2,2,289,0,0,9,6,3,693,0,0,0,0,0,0,0,0,0,0,0,0,0,0
4345,Ched Evans,3749,[2008],Manchester City,6,1,5,136,1,0,8,1,7,174,0,0,14,2,12,310,1,0,0,0,0,0,0,0,0,0,0,0,0,0
4346,G√©rald Cid,3750,[2007],Bolton Wanderers,4,4,0,316,0,0,3,2,1,193,0,0,7,6,1,509,0,0,0,0,0,0,0,0,0,0,0,0,0,0
4347,Mikel Alonso,3751,[2007],Bolton Wanderers,4,2,2,201,0,0,3,2,1,158,0,0,7,4,3,359,0,0,0,0,0,0,0,0,0,0,0,0,0,0
4348,Christian Wilhelmsson,3752,[2007],Bolton Wanderers,6,0,6,158,0,0,2,0,2,75,0,0,8,0,8,233,0,0,0,0,0,0,0,0,0,0,0,0,0,0
4349,Tom Craddock,3753,"[2005, 2007]",Middlesbrough FC,1,0,1,8,0,0,3,1,2,97,0,0,4,1,3,105,0,0,0,0,0,0,0,0,0,0,0,0,0,0
4350,ƒΩubom√≠r ≈†atka,3754,"[2013, 2014]",Newcastle United,0,0,0,0,0,0,0,0,0,0,0,0,0,0,0,0,0,0,0,0,0,0,0,0,0,0,0,0,0,0
4351,Didier Domi,3755,[2003],Leeds United,5,3,2,282,0,0,6,5,1,441,0,0,11,8,3,723,0,0,0,0,0,0,0,0,0,0,0,0,0,0
4352,Didier Domi,3755,[2000],Newcastle United,7,6,1,565,0,0,7,5,2,453,0,0,14,11,3,1018,0,0,0,0,0,0,0,0,0,0,0,0,0,0
4353,Anthony Driscoll-Glennon,3756,"[2018, 2019]",Burnley FC,0,0,0,0,0,0,0,0,0,0,0,0,0,0,0,0,0,0,0,0,0,0,0,0,0,0,0,0,0,0
4354,Josh Benson,3757,"[2018, 2019]",Burnley FC,0,0,0,0,0,0,0,0,0,0,0,0,0,0,0,0,0,0,0,0,0,0,0,0,0,0,0,0,0,0
4355,Joel Mumbongo,3758,[2019],Burnley FC,0,0,0,0,0,0,0,0,0,0,0,0,0,0,0,0,0,0,0,0,0,0,0,0,0,0,0,0,0,0
4356,Will Smallbone,3759,[2019],Southampton FC,4,2,2,219,0,0,5,2,3,174,0,0,9,4,5,393,0,0,0,0,0,0,0,0,0,0,0,0,0,0
4357,Chris Brown,3760,[2005],Sunderland AFC,6,5,1,480,1,0,7,5,2,429,0,0,13,10,3,909,1,0,0,0,0,0,0,0,0,0,0,0,0,0
4358,Dan Smith,3761,[2005],Sunderland AFC,1,0,1,28,0,0,2,1,1,63,0,0,3,1,2,91,0,0,0,0,0,0,0,0,0,0,0,0,0,0
4359,Luis Hern√°ndez,3762,[2016],Leicester City,0,0,0,0,0,0,4,3,1,326,0,0,4,3,1,326,0,0,0,0,0,0,0,0,0,0,0,0,0,0
4360,Andrea Ranocchia,3763,[2016],Hull City,8,8,0,720,1,0,8,7,1,610,1,0,16,15,1,1330,2,0,3,0,3,1,0,1,0,0,0,0,0,0
4361,Alfred N'Diaye,3764,[2016],Hull City,8,8,0,669,1,0,7,7,0,608,0,0,15,15,0,1277,1,0,0,0,0,1,0,1,0,0,0,0,0,0
4362,Alfred N'Diaye,3764,[2012],Sunderland AFC,8,7,1,591,0,0,8,8,0,707,0,0,16,15,1,1298,0,0,0,0,0,0,0,0,0,0,0,0,0,0
4363,Kamil Grosicki,3765,[2016],Hull City,8,6,2,616,0,0,7,6,1,529,0,0,15,12,3,1145,0,0,0,0,0,0,0,0,0,0,0,0,0,0
4364,Mark Venus,3766,"[2000, 2001]",Ipswich Town,29,28,1,2504,2,0,24,23,1,2023,2,0,53,51,2,4527,4,0,0,0,0,0,1,1,0,0,0,0,0,0
4365,Mark Burchill,3767,[2000],Ipswich Town,2,2,0,180,1,0,5,0,5,35,0,0,7,2,5,215,1,0,0,0,0,0,0,0,0,0,0,0,0,0
4366,Nabil Abidallah,3768,[2000],Ipswich Town,2,0,2,14,0,0,0,0,0,0,0,0,2,0,2,14,0,0,0,0,0,0,0,0,0,0,0,0,0,0
4367,Stephen Hughes,3769,[2000],Everton FC,11,9,2,805,0,0,7,7,0,546,0,0,18,16,2,1351,0,0,0,0,0,0,0,0,0,0,0,0,0,0
4368,Kevin McLeod,3770,[2000],Everton FC,2,0,2,33,0,0,2,0,2,24,0,0,4,0,4,57,0,0,0,0,0,0,0,0,0,0,0,0,0,0
4369,Phil Jevons,3771,[2000],Everton FC,0,0,0,0,0,0,4,0,4,105,0,0,4,0,4,105,0,0,0,0,0,0,0,0,0,0,0,0,0,0
4370,Liam Shephard,3772,[2014],Swansea City,0,0,0,0,0,0,0,0,0,0,0,0,0,0,0,0,0,0,0,0,0,0,0,0,0,0,0,0,0,0
4371,Danny Cadamarteri,3773,"[2000, 2001]",Everton FC,9,4,5,428,3,0,10,5,5,409,1,0,19,9,10,837,4,0,0,0,0,3,0,3,0,0,0,0,0,0
4372,Guido Carrillo,3774,[2017],Southampton FC,3,2,1,213,0,0,4,3,1,238,0,0,7,5,2,451,0,0,0,0,0,0,0,0,0,0,0,0,0,0
4373,Wayne Quinn,3775,[2000],Newcastle United,7,6,1,552,0,0,7,7,0,630,0,0,14,13,1,1182,0,0,0,0,0,0,0,0,0,0,0,0,0,0
4374,Christian Bassedas,3776,"[2000, 2001]",Newcastle United,12,10,2,817,0,0,10,6,4,589,1,0,22,16,6,1406,1,0,0,0,0,0,1,1,0,0,0,0,0,0
4375,Kevin Gallacher,3777,[2000],Newcastle United,9,7,2,605,1,0,9,4,5,424,1,0,18,11,7,1029,2,0,0,0,0,1,0,1,0,0,0,0,0,0
4376,Igor ≈†timac,3778,[2000],West Ham United,5,5,0,367,0,0,9,9,0,795,0,0,14,14,0,1162,0,0,0,0,0,0,0,0,0,0,0,0,0,0
4377,Kaba Diawara,3779,[2000],West Ham United,4,2,2,237,0,0,7,4,3,385,0,0,11,6,5,622,0,0,0,0,0,0,0,0,0,0,0,0,0,0
4378,Paolo Vernazza,3780,[2000],Arsenal FC,1,0,1,23,1,0,1,0,1,20,0,0,2,0,2,43,1,0,0,0,0,0,0,0,0,0,0,0,0,0
4379,Carlton Palmer,3781,[2000],Coventry City,8,5,3,542,0,0,7,7,0,630,0,0,15,12,3,1172,0,0,0,0,0,0,0,0,0,0,0,0,0,0
4380,C√©dric Roussel,3782,[2000],Coventry City,7,6,1,464,0,0,8,3,5,389,2,0,15,9,6,853,2,0,0,3,3,0,1,1,0,0,0,0,0,0
4381,Ysrael Zu√±iga,3783,[2000],Coventry City,9,5,4,461,1,0,6,2,4,209,0,0,15,7,8,670,1,0,0,0,0,0,0,0,0,0,0,0,0,0
4382,Pavel Srn√≠ƒçek,3784,[2003],Portsmouth FC,1,1,0,90,0,0,2,2,0,180,0,0,3,3,0,270,0,0,0,0,0,0,0,0,0,0,0,0,0,0
4383,Pavel Srn√≠ƒçek,3784,[2006],Newcastle United,1,0,1,3,0,0,1,1,0,90,0,0,2,1,1,93,0,0,0,0,0,0,0,0,0,0,0,0,0,0
4384,Kevin Harper,3785,[2003],Portsmouth FC,3,0,3,25,0,0,4,0,4,33,0,0,7,0,7,58,0,0,0,0,0,0,0,0,0,0,0,0,0,0
4385,Morata,3786,"[2017, 2018]",Chelsea FC,25,19,6,1657,9,0,22,16,6,1353,7,0,47,35,12,3010,16,0,3,0,3,6,4,10,0,0,0,0,0,0
4386,Florent Laville,3787,"[2002, 2003]",Bolton Wanderers,8,8,0,657,0,0,7,7,0,630,0,0,15,15,0,1287,0,0,0,0,0,0,0,0,0,0,0,0,0,0
4387,Raimond van der Gouw,3788,"[2000, 2001]",Manchester United,4,1,3,130,0,0,6,3,3,324,0,0,10,4,6,454,0,0,0,0,0,0,0,0,0,0,0,0,0,0
4388,Raimond van der Gouw,3788,[2002],West Ham United,0,0,0,0,0,0,0,0,0,0,0,0,0,0,0,0,0,0,0,0,0,0,0,0,0,0,0,0,0,0
4389,Christian Panucci,3789,[2000],Chelsea FC,3,3,0,270,0,0,4,3,1,297,0,0,7,6,1,567,0,0,0,0,0,0,0,0,0,0,0,0,0,0
4390,Roberto Di Matteo,3790,[2000],Chelsea FC,3,3,0,270,0,0,4,4,0,360,0,0,7,7,0,630,0,0,0,0,0,0,0,0,0,0,0,0,0,0
4391,Sean Thornton,3791,[2002],Sunderland AFC,5,5,0,405,1,0,6,6,0,540,0,0,11,11,0,945,1,0,0,0,0,1,0,1,0,0,0,0,0,0
4392,Christopher Black,3792,[2002],Sunderland AFC,1,1,0,45,0,0,1,1,0,85,0,0,2,2,0,130,0,0,0,0,0,0,0,0,0,0,0,0,0,0
4393,Richie Ryan,3793,[2002],Sunderland AFC,2,0,2,59,0,0,0,0,0,0,0,0,2,0,2,59,0,0,0,0,0,0,0,0,0,0,0,0,0,0
4394,Beb√©,3794,[2010],Manchester United,1,0,1,81,0,0,1,0,1,10,0,0,2,0,2,91,0,0,0,0,0,0,0,0,0,0,0,0,0,0
4395,Aaron McLean,3795,[2013],Hull City,0,0,0,0,0,0,1,0,1,6,0,0,1,0,1,6,0,0,0,0,0,0,0,0,0,0,0,0,0,0
4396,Nick Proschwitz,3796,[2013],Hull City,1,0,1,20,0,0,1,0,1,3,0,0,2,0,2,23,0,0,0,0,0,0,0,0,0,0,0,0,0,0
4397,Gedo,3797,[2013],Hull City,1,0,1,12,0,0,1,0,1,16,0,0,2,0,2,28,0,0,0,0,0,0,0,0,0,0,0,0,0,0
4398,Varela,3798,[2014],West Bromwich Albion,3,2,1,182,0,0,4,1,3,151,1,0,7,3,4,333,1,0,0,0,0,0,0,0,0,0,0,0,0,0
4399,Joe Lolley,3799,[2017],Huddersfield Town,4,1,3,131,1,0,2,1,1,88,0,0,6,2,4,219,1,0,0,0,0,1,0,1,0,0,0,0,0,0
4400,Michael Hefele,3800,[2017],Huddersfield Town,1,0,1,1,0,0,1,0,1,31,0,0,2,0,2,32,0,0,0,0,0,0,0,0,0,0,0,0,0,0
4401,Chuba Akpom,3801,"[2013, 2014]",Arsenal FC,1,0,1,20,0,0,3,0,3,8,0,0,4,0,4,28,0,0,0,0,0,0,0,0,0,0,0,0,0,0
4402,Chuba Akpom,3801,[2016],Liverpool FC,0,0,0,0,0,0,0,0,0,0,0,0,0,0,0,0,0,0,0,0,0,0,0,0,0,0,0,0,0,0
4403,Pablo Barrera,3802,[2010],West Ham United,9,5,4,567,0,0,5,1,4,175,0,0,14,6,8,742,0,0,0,0,0,0,0,0,0,0,0,0,0,0
4404,Victor Obinna,3803,[2010],West Ham United,14,10,4,922,1,0,11,7,4,651,2,0,25,17,8,1573,3,0,0,0,0,0,1,1,0,0,0,0,0,0
4405,Zavon Hines,3804,"[2009, 2010]",West Ham United,13,6,7,620,1,0,9,3,6,382,0,0,22,9,13,1002,1,0,3,0,3,1,0,1,0,0,0,0,0,0
4406,Marek ≈†tƒõch,3805,[2010],West Ham United,0,0,0,0,0,0,0,0,0,0,0,0,0,0,0,0,0,0,0,0,0,0,0,0,0,0,0,0,0,0
4407,Connor Roberts,3806,"[2016, 2017]",Swansea City,2,2,0,153,0,0,2,1,1,115,0,0,4,3,1,268,0,0,0,0,0,0,0,0,0,0,0,0,0,0
4408,Dino Baggio,3807,[2003],Blackburn Rovers,4,0,4,78,0,0,5,0,5,88,1,0,9,0,9,166,1,0,0,0,0,0,0,0,0,0,0,0,0,0
4409,Adama Diakhaby,3808,[2018],Huddersfield Town,8,4,4,347,0,0,4,2,2,206,0,0,12,6,6,553,0,0,0,0,0,0,0,0,0,0,0,0,0,0
4410,Matt Heath,3809,"[2001, 2003]",Leicester City,8,7,1,631,0,0,10,9,1,812,0,0,18,16,2,1443,0,0,0,0,0,0,0,0,0,0,0,0,0,0
4411,Paul Brooker,3810,[2003],Leicester City,1,0,1,22,0,0,2,0,2,32,0,0,3,0,3,54,0,0,0,0,0,0,0,0,0,0,0,0,0,0
4412,Suso,3811,"[2012, 2014]",Liverpool FC,8,5,3,396,0,0,6,3,3,206,0,0,14,8,6,602,0,0,0,0,0,0,0,0,0,0,0,0,0,0
4413,Lorenzo Amoruso,3812,"[2003, 2004]",Blackburn Rovers,11,10,1,922,2,0,7,6,1,541,1,0,18,16,2,1463,3,0,0,0,0,2,1,3,0,0,0,0,0,0
4414,Jesper Blomqvist,3813,[2002],Charlton Athletic,1,0,1,23,0,0,2,0,2,30,0,0,3,0,3,53,0,0,0,0,0,0,0,0,0,0,0,0,0,0
4415,Jesper Blomqvist,3813,[2001],Everton FC,9,7,2,574,1,0,6,3,3,312,0,0,15,10,5,886,1,0,3,0,3,1,0,1,0,0,0,0,0,0
4416,Miguel Lay√∫n,3814,[2015],Watford FC,1,1,0,55,0,0,2,1,1,77,1,0,3,2,1,132,1,0,0,0,0,0,1,1,0,0,0,0,0,0
4417,Tommie Hoban,3815,"[2015, 2016]",Watford FC,0,0,0,0,0,0,0,0,0,0,0,0,0,0,0,0,0,0,0,0,0,0,0,0,0,0,0,0,0,0
4418,Ethan Robson,3816,[2016],Sunderland AFC,0,0,0,0,0,0,0,0,0,0,0,0,0,0,0,0,0,0,0,0,0,0,0,0,0,0,0,0,0,0
4419,Juan Z√∫√±iga,3817,[2016],Watford FC,9,3,6,374,1,0,12,3,9,444,0,0,21,6,15,818,1,0,0,0,0,1,0,1,0,0,0,0,0,0
4420,Darren Pratley,3818,[2011],Bolton Wanderers,12,7,5,632,1,0,13,7,6,641,0,0,25,14,11,1273,1,0,0,0,0,1,0,1,0,0,0,0,0,0
4421,Darren Pratley,3818,[2003],Fulham FC,0,0,0,0,0,0,1,0,1,16,0,0,1,0,1,16,0,0,0,0,0,0,0,0,0,0,0,0,0,0
4422,Diego Trist√°n,3819,[2008],West Ham United,8,3,5,326,1,0,6,5,1,403,2,0,14,8,6,729,3,0,3,4,7,1,2,3,0,0,0,0,0,0
4423,Frank Nouble,3820,"[2009, 2010]",West Ham United,4,1,3,81,0,0,6,2,4,176,0,0,10,3,7,257,0,0,0,0,0,0,0,0,0,0,0,0,0,0
4424,Ruud Boffin,3821,[2010],West Ham United,0,0,0,0,0,0,1,1,0,90,0,0,1,1,0,90,0,0,0,0,0,0,0,0,0,0,0,0,0,0
4425,James Shea,3822,[2010],Arsenal FC,0,0,0,0,0,0,0,0,0,0,0,0,0,0,0,0,0,0,0,0,0,0,0,0,0,0,0,0,0,0
4426,Chris Martin,3823,"[2011, 2012]",Norwich City,3,2,1,156,0,0,2,1,1,86,0,0,5,3,2,242,0,0,0,0,0,0,0,0,0,0,0,0,0,0
4427,Moses Ashikodi,3824,[2006],Watford FC,0,0,0,0,0,0,2,0,2,21,0,0,2,0,2,21,0,0,0,0,0,0,0,0,0,0,0,0,0,0
4428,David Edgar,3825,[2009],Burnley FC,2,0,2,59,0,0,2,2,0,180,0,0,4,2,2,239,0,0,0,0,0,0,0,0,0,0,0,0,0,0
4429,David Edgar,3825,"[2006, 2007, 2008]",Newcastle United,9,4,5,413,2,0,10,7,3,614,0,0,19,11,8,1027,2,0,1,0,1,1,0,1,0,0,0,0,0,0
4430,Darren Powell,3826,[2004],Crystal Palace,2,2,0,180,0,0,4,2,2,261,1,0,6,4,2,441,1,0,0,0,0,0,0,0,0,0,0,0,0,0
4431,Gary Borrowdale,3827,[2004],Crystal Palace,4,0,4,64,0,0,3,2,1,210,0,0,7,2,5,274,0,0,0,0,0,0,0,0,0,0,0,0,0,0
4432,Neil Shipperley,3828,[2004],Crystal Palace,0,0,0,0,0,0,1,0,1,13,0,0,1,0,1,13,0,0,0,0,0,0,0,0,0,0,0,0,0,0
4433,Wayne Andrews,3829,[2004],Crystal Palace,4,0,4,21,0,0,4,0,4,65,0,0,8,0,8,86,0,0,0,0,0,0,0,0,0,0,0,0,0,0
4434,Jon Ashton,3830,[2001],Leicester City,5,3,2,259,0,0,2,0,2,83,0,0,7,3,4,342,0,0,0,0,0,0,0,0,0,0,0,0,0,0
4435,Martin Reeves,3831,[2001],Leicester City,2,0,2,22,0,0,3,1,2,100,0,0,5,1,4,122,0,0,0,0,0,0,0,0,0,0,0,0,0,0
4436,John Hartson,3832,[2000],West Ham United,1,1,0,90,0,0,0,0,0,0,0,0,1,1,0,90,0,0,0,0,0,0,0,0,0,0,0,0,0,0
4437,Rati Aleksidze,3833,[2000],Chelsea FC,1,0,1,7,0,0,1,0,1,11,0,0,2,0,2,18,0,0,0,0,0,0,0,0,0,0,0,0,0,0
4438,Lars Bohinen,3834,[2000],Derby County,0,0,0,0,0,0,2,1,1,81,0,0,2,1,1,81,0,0,0,0,0,0,0,0,0,0,0,0,0,0
4439,Adam Murray,3835,"[2000, 2001]",Derby County,9,3,6,315,0,0,8,3,5,308,0,0,17,6,11,623,0,0,0,0,0,0,0,0,0,0,0,0,0,0
4440,Stuart Pearce,3836,[2000],West Ham United,11,11,0,911,1,0,14,14,0,1252,1,0,25,25,0,2163,2,0,0,0,0,0,1,1,0,0,0,0,0,0
4441,Steve Potts,3837,[2000],West Ham United,4,2,2,250,0,0,2,0,2,30,0,0,6,2,4,280,0,0,0,0,0,0,0,0,0,0,0,0,0,0
4442,Michael Reiziger,3838,"[2004, 2005]",Middlesbrough FC,11,10,1,914,1,0,11,9,2,816,0,0,22,19,3,1730,1,0,0,0,0,0,0,0,0,0,0,0,0,0
4443,David Cornell,3839,"[2012, 2013, 2014]",Swansea City,0,0,0,0,0,0,0,0,0,0,0,0,0,0,0,0,0,0,0,0,0,0,0,0,0,0,0,0,0,0
4444,Conor Coventry,3840,"[2018, 2019]",West Ham United,0,0,0,0,0,0,0,0,0,0,0,0,0,0,0,0,0,0,0,0,0,0,0,0,0,0,0,0,0,0
4445,Richard Gough,3841,[2000],Everton FC,7,7,0,484,0,0,2,2,0,180,0,0,9,9,0,664,0,0,0,0,0,0,0,0,0,0,0,0,0,0
4446,Andy Hunt,3842,[2000],Charlton Athletic,4,4,0,329,2,0,4,4,0,351,2,0,8,8,0,680,4,0,0,0,0,2,2,4,0,0,0,0,0,0
4447,Paul Rachubka,3843,[2010],Blackpool FC,1,0,1,34,0,0,1,1,0,90,0,0,2,1,1,124,0,0,0,0,0,0,0,0,0,0,0,0,0,0
4448,Paul Rachubka,3843,[2000],Manchester United,1,1,0,90,0,0,0,0,0,0,0,0,1,1,0,90,0,0,0,0,0,0,0,0,0,0,0,0,0,0
4449,Nuri ≈ûahin,3844,[2012],Liverpool FC,4,4,0,283,0,0,3,3,0,172,1,0,7,7,0,455,1,0,0,0,0,0,0,0,0,0,0,0,0,0
4450,Kevin Mbabu,3845,[2015],Newcastle United,1,1,0,90,0,0,2,1,1,54,0,0,3,2,1,144,0,0,0,0,0,0,0,0,0,0,0,0,0,0
4451,Scott Wootton,3846,[2012],Manchester United,0,0,0,0,0,0,0,0,0,0,0,0,0,0,0,0,0,0,0,0,0,0,0,0,0,0,0,0,0,0
4452,Ovie Ejaria,3847,[2016],Liverpool FC,1,0,1,3,0,0,1,0,1,3,0,0,2,0,2,6,0,0,0,0,0,0,0,0,0,0,0,0,0,0
4453,Abdeslam Ouaddou,3848,"[2001, 2002]",Fulham FC,9,7,2,704,0,0,10,5,5,520,0,0,19,12,7,1224,0,0,0,0,0,0,0,0,0,0,0,0,0,0
4454,Ousmane Dabo,3849,[2006],Manchester City,7,4,3,383,0,0,6,6,0,507,0,0,13,10,3,890,0,0,0,0,0,0,0,0,0,0,0,0,0,0
4455,Thievy Bifouma,3850,[2013],West Bromwich Albion,3,2,1,136,1,0,3,1,2,116,1,0,6,3,3,252,2,0,0,0,0,1,0,1,0,0,0,0,0,0
4456,Eduardo Vargas,3851,[2014],Queens Park Rangers,12,8,4,722,2,0,9,8,1,664,1,0,21,16,5,1386,3,0,0,0,0,2,1,3,0,0,0,0,0,0
4457,Ramon Vega,3852,[2000],Tottenham Hotspur,4,3,1,310,0,0,5,5,0,450,0,0,9,8,1,760,0,0,0,0,0,0,0,0,0,0,0,0,0,0
4458,Paul Ritchie,3853,"[2000, 2002]",Manchester City,5,4,1,342,0,0,6,6,0,530,0,0,11,10,1,872,0,0,0,0,0,0,0,0,0,0,0,0,0,0
4459,Lee Crooks,3854,[2000],Manchester City,1,0,1,13,0,0,1,0,1,70,0,0,2,0,2,83,0,0,0,0,0,0,0,0,0,0,0,0,0,0
4460,George Weah,3855,[2000],Manchester City,3,3,0,233,0,0,3,1,2,152,1,0,6,4,2,385,1,0,0,0,0,0,0,0,0,0,0,0,0,0
4461,Liam O'Neil,3856,"[2013, 2014]",West Bromwich Albion,1,0,1,7,0,0,2,0,2,8,0,0,3,0,3,15,0,0,0,0,0,0,0,0,0,0,0,0,0,0
4462,Nathan Ellington,3857,[2005],West Bromwich Albion,16,8,8,795,3,0,14,6,8,648,2,0,30,14,16,1443,5,0,0,1,1,1,2,3,1,0,1,0,0,0
4463,Ognjen Koroman,3858,"[2005, 2006]",Portsmouth FC,1,0,1,28,1,0,3,1,2,107,0,0,4,1,3,135,1,0,0,0,0,0,0,0,0,0,0,0,0,0
4464,Japhet Tanganga,3859,[2019],Tottenham Hotspur,3,3,0,256,0,0,3,3,0,270,0,0,6,6,0,526,0,0,0,0,0,0,0,0,0,0,0,0,0,0
4465,Alex Palmer,3860,"[2014, 2015, 2016, 2017]",West Bromwich Albion,0,0,0,0,0,0,0,0,0,0,0,0,0,0,0,0,0,0,0,0,0,0,0,0,0,0,0,0,0,0
4466,Cabral,3861,"[2013, 2014]",Sunderland AFC,1,1,0,90,0,0,0,0,0,0,0,0,1,1,0,90,0,0,0,0,0,0,0,0,0,0,0,0,0,0
4467,Sam Baldock,3862,[2017],Brighton & Hove Albion,1,0,1,6,0,0,1,0,1,24,0,0,2,0,2,30,0,0,0,0,0,0,0,0,0,0,0,0,0,0
4468,Martin Pringle,3863,[2000],Charlton Athletic,3,0,3,54,1,0,4,1,3,156,0,0,7,1,6,210,1,0,0,0,0,0,0,0,0,0,0,0,0,0
4469,Mario Su√°rez,3864,[2015],Watford FC,7,3,4,313,0,0,8,5,3,432,0,0,15,8,7,745,0,0,0,0,0,0,0,0,0,0,0,0,0,0
4470,Billy Knott,3865,"[2010, 2012]",Sunderland AFC,0,0,0,0,0,0,1,0,1,15,0,0,1,0,1,15,0,0,0,0,0,0,0,0,0,0,0,0,0,0
4471,Fran√ßois Grenet,3866,[2001],Derby County,4,4,0,328,0,0,10,7,3,670,0,0,14,11,3,998,0,0,0,0,0,0,0,0,0,0,0,0,0,0
4472,Adam Bolder,3867,"[2000, 2001]",Derby County,5,0,5,105,0,0,8,2,6,308,0,0,13,2,11,413,0,0,0,0,0,0,0,0,0,0,0,0,0,0
4473,Marcos Angeleri,3868,[2010],Sunderland AFC,1,0,1,5,0,0,1,0,1,1,0,0,2,0,2,6,0,0,0,0,0,0,0,0,0,0,0,0,0,0
4474,David Ginola,3869,[2001],Everton FC,2,1,1,100,0,0,3,1,2,84,0,0,5,2,3,184,0,0,0,0,0,0,0,0,0,0,0,0,0,0
4475,David Ginola,3869,[2000],Aston Villa,15,9,6,834,2,0,11,4,7,405,1,0,26,13,13,1239,3,0,1,0,1,2,0,2,0,0,0,0,0,0
4476,Andy Booth,3870,[2000],West Ham United,1,1,0,90,0,0,0,0,0,0,0,0,1,1,0,90,0,0,0,0,0,0,0,0,0,0,0,0,0,0
4477,Dave McEwen,3871,[2000],West Ham United,1,0,1,6,0,0,0,0,0,0,0,0,1,0,1,6,0,0,0,0,0,0,0,0,0,0,0,0,0,0
4478,Dionatan Teixeira,3872,"[2014, 2015]",Stoke City,0,0,0,0,0,0,2,0,2,48,0,0,2,0,2,48,0,0,0,0,0,0,0,0,0,0,0,0,0,0
4479,Florent Sinama-Pongolle,3873,"[2003, 2004]",Liverpool FC,17,6,11,636,3,0,13,3,10,443,1,0,30,9,21,1079,4,0,3,0,3,1,0,1,0,0,0,0,0,0
4480,Florent Sinama-Pongolle,3873,[2005],Blackburn Rovers,6,5,1,404,0,0,4,3,1,304,1,0,10,8,2,708,1,0,0,0,0,0,0,0,0,0,0,0,0,0
4481,Graham Burke,3874,"[2011, 2012]",Aston Villa,0,0,0,0,0,0,0,0,0,0,0,0,0,0,0,0,0,0,0,0,0,0,0,0,0,0,0,0,0,0
4482,Marco Borriello,3875,[2013],West Ham United,1,0,1,44,0,0,1,0,1,44,0,0,2,0,2,88,0,0,0,0,0,0,0,0,0,0,0,0,0,0
4483,Ian Bishop,3876,[2000],Manchester City,8,2,6,392,0,0,2,1,1,133,0,0,10,3,7,525,0,0,0,0,0,0,0,0,0,0,0,0,0,0
4484,John Scales,3877,[2000],Ipswich Town,0,0,0,0,0,0,2,2,0,180,0,0,2,2,0,180,0,0,0,0,0,0,0,0,0,0,0,0,0,0
4485,David Johnson,3878,[2000],Ipswich Town,7,4,3,335,0,0,6,2,4,272,0,0,13,6,7,607,0,0,0,0,0,0,0,0,0,0,0,0,0,0
4486,Owen Garvan,3879,[2013],Crystal Palace,1,1,0,65,0,0,1,0,1,26,0,0,2,1,1,91,0,0,0,0,0,0,0,0,0,0,0,0,0,0
4487,Tashan Oakley-Boothe,3880,[2017],Tottenham Hotspur,0,0,0,0,0,0,0,0,0,0,0,0,0,0,0,0,0,0,0,0,0,0,0,0,0,0,0,0,0,0
4488,Lloyd Dyer,3881,[2004],West Bromwich Albion,4,0,4,79,0,0,0,0,0,0,0,0,4,0,4,79,0,0,0,0,0,0,0,0,0,0,0,0,0,0
4489,Lloyd Dyer,3881,[2015],Watford FC,0,0,0,0,0,0,0,0,0,0,0,0,0,0,0,0,0,0,0,0,0,0,0,0,0,0,0,0,0,0
4490,Javier Margas,3882,[2000],West Ham United,2,2,0,148,0,0,1,1,0,90,0,0,3,3,0,238,0,0,0,0,0,0,0,0,0,0,0,0,0,0
4491,Davor ≈†uker,3883,[2000],West Ham United,5,3,2,244,1,0,5,3,2,276,1,0,10,6,4,520,2,0,1,1,2,1,1,2,0,0,0,0,0,0
4492,Paul Kitson,3884,"[2000, 2001]",West Ham United,4,1,3,136,0,0,5,2,3,193,3,0,9,3,6,329,3,0,0,0,0,0,3,3,0,0,0,0,0,0
4493,Trevor Carson,3885,"[2010, 2011]",Sunderland AFC,0,0,0,0,0,0,0,0,0,0,0,0,0,0,0,0,0,0,0,0,0,0,0,0,0,0,0,0,0,0
4494,David Davis,3886,"[2010, 2011]",Wolverhampton Wanderers,5,5,0,304,0,0,2,1,1,94,0,0,7,6,1,398,0,0,0,0,0,0,0,0,0,0,0,0,0,0
4495,Anthony Forde,3887,[2011],Wolverhampton Wanderers,2,1,1,65,0,0,4,2,2,178,0,0,6,3,3,243,0,0,0,0,0,0,0,0,0,0,0,0,0,0
4496,Stephen Glass,3888,[2000],Newcastle United,8,4,4,441,3,0,6,1,5,127,0,0,14,5,9,568,3,0,1,0,1,2,0,2,0,0,0,0,0,0
4497,Rade Prica,3889,[2007],Sunderland AFC,4,0,4,151,1,0,2,0,2,89,0,0,6,0,6,240,1,0,0,0,0,0,0,0,0,0,0,0,0,0
4498,Valeri Bojinov,3890,"[2007, 2008]",Manchester City,6,3,3,175,0,0,5,0,5,95,1,0,11,3,8,270,1,0,0,0,0,0,1,1,0,0,0,0,0,0
4499,Rob Kozluk,3891,[2006],Sheffield United,8,7,1,655,0,0,10,9,1,744,0,0,18,16,2,1399,0,0,0,0,0,0,0,0,0,0,0,0,0,0
4500,Joe Dodoo,3892,[2015],Leicester City,0,0,0,0,0,0,1,0,1,19,0,0,1,0,1,19,0,0,0,0,0,0,0,0,0,0,0,0,0,0
4501,Lewis Kinsella,3893,[2014],Aston Villa,0,0,0,0,0,0,0,0,0,0,0,0,0,0,0,0,0,0,0,0,0,0,0,0,0,0,0,0,0,0
4502,Sam Hutchinson,3894,"[2006, 2009, 2011]",Chelsea FC,4,1,3,97,0,0,1,0,1,4,0,0,5,1,4,101,0,0,0,0,0,0,0,0,0,0,0,0,0,0
4503,Lucas Piaz√≥n,3895,"[2011, 2012]",Chelsea FC,0,0,0,0,0,0,0,0,0,0,0,0,0,0,0,0,0,0,0,0,0,0,0,0,0,0,0,0,0,0
4504,Micka√´l Deb√®ve,3896,[2001],Middlesbrough FC,2,0,2,90,0,0,2,1,1,104,0,0,4,1,3,194,0,0,0,0,0,0,0,0,0,0,0,0,0,0
4505,Jay Lynch,3897,[2011],Bolton Wanderers,0,0,0,0,0,0,0,0,0,0,0,0,0,0,0,0,0,0,0,0,0,0,0,0,0,0,0,0,0,0
4506,Joe Riley,3898,[2011],Bolton Wanderers,1,1,0,90,0,0,2,1,1,111,0,0,3,2,1,201,0,0,0,0,0,0,0,0,0,0,0,0,0,0
4507,Joe Riley,3898,[2015],Manchester United,0,0,0,0,0,0,0,0,0,0,0,0,0,0,0,0,0,0,0,0,0,0,0,0,0,0,0,0,0,0
4508,Michael O‚ÄôHalloran,3899,[2011],Bolton Wanderers,0,0,0,0,0,0,0,0,0,0,0,0,0,0,0,0,0,0,0,0,0,0,0,0,0,0,0,0,0,0
4509,Gon√ßalo Cardoso,3900,[2019],West Ham United,0,0,0,0,0,0,0,0,0,0,0,0,0,0,0,0,0,0,0,0,0,0,0,0,0,0,0,0,0,0
4510,Jeremy Ngakia,3901,[2019],West Ham United,3,3,0,261,0,0,2,2,0,180,0,0,5,5,0,441,0,0,0,0,0,0,0,0,0,0,0,0,0,0
4511,Lewis Gibson,3902,[2019],Everton FC,0,0,0,0,0,0,0,0,0,0,0,0,0,0,0,0,0,0,0,0,0,0,0,0,0,0,0,0,0,0
4512,Davy Klaassen,3903,[2017],Everton FC,5,3,2,177,0,0,2,0,2,73,0,0,7,3,4,250,0,0,0,0,0,0,0,0,0,0,0,0,0,0
4513,Lee Tomlin,3904,[2015],AFC Bournemouth,3,2,1,172,0,0,3,1,2,117,0,0,6,3,3,289,0,0,0,0,0,0,0,0,0,0,0,0,0,0
4514,Fabricio,3905,[2018],Fulham FC,1,1,0,90,0,0,1,1,0,90,0,0,2,2,0,180,0,0,0,0,0,0,0,0,0,0,0,0,0,0
4515,Maxime Le Marchand,3906,[2018],Fulham FC,14,13,1,1171,0,0,12,12,0,1080,0,0,26,25,1,2251,0,0,0,0,0,0,0,0,0,0,0,0,0,0
4516,Joe Bryan,3907,[2018],Fulham FC,15,14,1,1214,0,0,13,13,0,1136,0,0,28,27,1,2350,0,0,0,0,0,0,0,0,0,0,0,0,0,0
4517,Jean Micha√´l Seri,3908,[2018],Fulham FC,15,14,1,1112,1,0,17,13,4,1140,0,0,32,27,5,2252,1,0,0,0,0,1,0,1,0,0,0,0,0,0
4518,Andr√© Anguissa,3909,[2018],Fulham FC,10,6,4,587,0,0,12,10,2,953,0,0,22,16,6,1540,0,0,0,0,0,0,0,0,0,0,0,0,0,0
4519,Aboubakar Kamara,3910,[2018],Fulham FC,8,4,4,468,1,0,5,1,4,219,2,0,13,5,8,687,3,0,0,0,0,1,0,1,0,1,1,0,0,0
4520,Cyrus Christie,3911,[2018],Fulham FC,15,10,5,1053,0,0,13,9,4,890,0,0,28,19,9,1943,0,0,0,0,0,0,0,0,0,0,0,0,0,0
4521,Stefan Johansen,3912,[2018],Fulham FC,5,1,4,130,0,0,7,3,4,282,0,0,12,4,8,412,0,0,0,0,0,0,0,0,0,0,0,0,0,0
4522,Sergio Rico,3913,[2018],Fulham FC,15,15,0,1350,0,0,14,14,0,1260,0,0,29,29,0,2610,0,0,0,0,0,0,0,0,0,0,0,0,0,0
4523,Neeskens Kebano,3914,[2018],Fulham FC,5,0,5,74,0,0,2,0,2,27,0,0,7,0,7,101,0,0,0,0,0,0,0,0,0,0,0,0,0,0
4524,Luciano Vietto,3915,[2018],Fulham FC,9,6,3,549,1,0,11,4,7,434,0,0,20,10,10,983,1,0,0,0,0,0,0,0,0,0,0,0,0,0
4525,Omar Pouso,3916,[2006],Charlton Athletic,1,1,0,57,0,0,0,0,0,0,0,0,1,1,0,57,0,0,0,0,0,0,0,0,0,0,0,0,0,0
4526,John McGrath,3917,[2000],Aston Villa,1,0,1,45,0,0,1,0,1,1,0,0,2,0,2,46,0,0,0,0,0,0,0,0,0,0,0,0,0,0
4527,Mark Halstead,3918,[2010],Blackpool FC,1,0,1,23,0,0,0,0,0,0,0,0,1,0,1,23,0,0,0,0,0,0,0,0,0,0,0,0,0,0
4528,Mark Cullen,3919,[2009],Hull City,2,1,1,105,0,0,1,1,0,90,1,0,3,2,1,195,1,0,0,0,0,0,1,1,0,0,0,0,0,0
4529,Jamal Campbell-Ryce,3920,"[2002, 2003]",Charlton Athletic,2,0,2,34,0,0,1,0,1,4,0,0,3,0,3,38,0,0,0,0,0,0,0,0,0,0,0,0,0,0
4530,Bo Hansen,3921,[2001],Bolton Wanderers,7,5,2,429,0,0,10,5,5,444,1,0,17,10,7,873,1,0,0,1,1,0,1,1,0,0,0,0,0,0
4531,Ionel Ganea,3922,[2003],Wolverhampton Wanderers,8,3,5,298,1,0,8,3,5,341,2,0,16,6,10,639,3,0,0,1,1,1,2,3,0,0,0,0,0,0
4532,Gary Croft,3923,[2000],Ipswich Town,3,2,1,185,0,0,5,4,1,299,0,0,8,6,2,484,0,0,0,0,0,0,0,0,0,0,0,0,0,0
4533,Wayne Brown,3924,[2000],Ipswich Town,1,0,1,1,0,0,3,0,3,83,0,0,4,0,4,84,0,0,0,0,0,0,0,0,0,0,0,0,0,0
4534,Wayne Brown,3924,[2008],Fulham FC,0,0,0,0,0,0,1,0,1,4,0,0,1,0,1,4,0,0,0,0,0,0,0,0,0,0,0,0,0,0
4535,Jos√© Pozo,3925,[2014],Manchester City,1,0,1,83,0,0,2,1,1,81,0,0,3,1,2,164,0,0,0,0,0,0,0,0,0,0,0,0,0,0
4536,Alexander Cleland,3926,"[2000, 2001]",Everton FC,3,1,2,176,0,0,5,1,4,116,0,0,8,2,6,292,0,0,0,0,0,0,0,0,0,0,0,0,0,0
4537,Jonathan Stevenson,3927,[2001],Leicester City,2,0,2,71,1,0,4,0,4,44,0,0,6,0,6,115,1,0,1,0,1,1,0,1,0,0,0,0,0,0
4538,Brandon Mason,3928,[2016],Watford FC,2,1,1,112,0,0,0,0,0,0,0,0,2,1,1,112,0,0,0,0,0,0,0,0,0,0,0,0,0,0
4539,M'Baye Niang,3929,[2016],Watford FC,8,8,0,661,2,0,8,7,1,593,0,0,16,15,1,1254,2,0,0,0,0,1,0,1,0,0,0,0,0,0
4540,Andrew Eleftheriou,3930,[2016],Watford FC,1,0,1,51,0,0,0,0,0,0,0,0,1,0,1,51,0,0,0,0,0,0,0,0,0,0,0,0,0,0
4541,Dion Pereira,3931,[2016],Watford FC,1,0,1,16,0,0,1,0,1,7,0,0,2,0,2,23,0,0,0,0,0,0,0,0,0,0,0,0,0,0
4542,Benny Ashley-Seal,3932,[2019],Wolverhampton Wanderers,0,0,0,0,0,0,0,0,0,0,0,0,0,0,0,0,0,0,0,0,0,0,0,0,0,0,0,0,0,0
4543,Iain Turner,3933,"[2005, 2006]",Everton FC,3,3,0,270,0,0,1,0,1,36,0,0,4,3,1,306,0,0,0,0,0,0,0,0,0,0,0,0,0,0
4544,Luc Nilis,3934,[2000],Aston Villa,1,1,0,70,1,0,2,2,0,97,0,0,3,3,0,167,1,0,0,0,0,1,0,1,0,0,0,0,0,0
4545,Kyle Taylor,3935,"[2017, 2018]",AFC Bournemouth,0,0,0,0,0,0,0,0,0,0,0,0,0,0,0,0,0,0,0,0,0,0,0,0,0,0,0,0,0,0
4546,Darren Potter,3936,[2004],Liverpool FC,0,0,0,0,0,0,2,0,2,54,0,0,2,0,2,54,0,0,0,0,0,0,0,0,0,0,0,0,0,0
4547,Didier Agathe,3937,[2006],Aston Villa,2,0,2,69,0,0,3,0,3,97,0,0,5,0,5,166,0,0,0,0,0,0,0,0,0,0,0,0,0,0
4548,Emerson Hyndman,3938,"[2017, 2018]",AFC Bournemouth,0,0,0,0,0,0,2,1,1,96,0,0,2,1,1,96,0,0,0,0,0,0,0,0,0,0,0,0,0,0
4549,Nathan Ofoborh,3939,[2018],AFC Bournemouth,0,0,0,0,0,0,0,0,0,0,0,0,0,0,0,0,0,0,0,0,0,0,0,0,0,0,0,0,0,0
4550,Sam Surridge,3940,"[2016, 2018, 2019]",AFC Bournemouth,3,0,3,24,0,0,3,0,3,12,0,0,6,0,6,36,0,0,0,0,0,0,0,0,0,0,0,0,0,0
4551,Denis Odoi,3941,[2018],Fulham FC,15,13,2,1153,0,0,16,16,0,1440,0,0,31,29,2,2593,0,0,0,0,0,0,0,0,0,0,0,0,0,0
4552,Floyd Ayit√©,3942,[2018],Fulham FC,7,3,4,296,0,0,9,0,9,169,1,0,16,3,13,465,1,0,0,0,0,0,1,1,0,0,0,0,0,0
4553,Albert Adomah,3943,[2016],Middlesbrough FC,1,1,0,90,0,0,1,0,1,31,0,0,2,1,1,121,0,0,0,0,0,0,0,0,0,0,0,0,0,0
4554,Dimitrios Konstantopoulos,3944,[2016],Middlesbrough FC,0,0,0,0,0,0,0,0,0,0,0,0,0,0,0,0,0,0,0,0,0,0,0,0,0,0,0,0,0,0
4555,Vangelis Moras,3945,[2011],Swansea City,0,0,0,0,0,0,1,0,1,5,0,0,1,0,1,5,0,0,0,0,0,0,0,0,0,0,0,0,0,0
4556,Orlandi,3946,[2011],Swansea City,1,1,0,46,1,0,2,1,1,74,0,0,3,2,1,120,1,0,0,0,0,1,0,1,0,0,0,0,0,0
4557,Joe Williams,3947,[2016],Everton FC,0,0,0,0,0,0,0,0,0,0,0,0,0,0,0,0,0,0,0,0,0,0,0,0,0,0,0,0,0,0
4558,Ignacio Gonz√°lez,3948,[2008],Newcastle United,1,0,1,29,0,0,1,0,1,10,0,0,2,0,2,39,0,0,0,0,0,0,0,0,0,0,0,0,0,0
4559,Titi Camara,3949,"[2000, 2001, 2002]",West Ham United,5,1,4,135,0,0,6,4,2,326,0,0,11,5,6,461,0,0,0,0,0,0,0,0,0,0,0,0,0,0
4560,Dimitri Foulquier,3950,[2019],Watford FC,1,0,1,17,0,0,2,1,1,41,0,0,3,1,2,58,0,0,0,0,0,0,0,0,0,0,0,0,0,0
4561,Tom Dele-Bashiru,3951,[2019],Watford FC,0,0,0,0,0,0,0,0,0,0,0,0,0,0,0,0,0,0,0,0,0,0,0,0,0,0,0,0,0,0
4562,Didier Digard,3952,[2008],Middlesbrough FC,12,7,5,626,0,0,11,8,3,697,0,0,23,15,8,1323,0,0,0,0,0,0,0,0,0,0,0,0,0,0
4563,Segundo Castillo,3953,[2009],Wolverhampton Wanderers,3,3,0,245,0,0,5,4,1,259,0,0,8,7,1,504,0,0,0,0,0,0,0,0,0,0,0,0,0,0
4564,Segundo Castillo,3953,[2008],Everton FC,2,1,1,75,0,0,6,3,3,324,0,0,8,4,4,399,0,0,0,0,0,0,0,0,0,0,0,0,0,0
4565,Stefan Maierhofer,3954,"[2009, 2011]",Wolverhampton Wanderers,3,0,3,40,0,0,6,1,5,140,1,0,9,1,8,180,1,0,0,0,0,0,0,0,0,0,0,0,0,0
4566,Nathan Trott,3955,[2017],West Ham United,0,0,0,0,0,0,0,0,0,0,0,0,0,0,0,0,0,0,0,0,0,0,0,0,0,0,0,0,0,0
4567,Lukas Nmecha,3956,[2017],Manchester City,1,0,1,4,0,0,1,0,1,10,0,0,2,0,2,14,0,0,0,0,0,0,0,0,0,0,0,0,0,0
4568,Kim K√§llstr√∂m,3957,[2013],Arsenal FC,3,1,2,128,0,0,0,0,0,0,0,0,3,1,2,128,0,0,0,0,0,0,0,0,0,0,0,0,0,0
4569,Ian Marshall,3958,[2001],Bolton Wanderers,0,0,0,0,0,0,1,0,1,14,0,0,1,0,1,14,0,0,0,0,0,0,0,0,0,0,0,0,0,0
4570,Pau L√≥pez,3959,[2016],Tottenham Hotspur,0,0,0,0,0,0,0,0,0,0,0,0,0,0,0,0,0,0,0,0,0,0,0,0,0,0,0,0,0,0
4571,Gareth Williams,3960,[2006],Watford FC,2,1,1,134,0,0,1,1,0,62,0,0,3,2,1,196,0,0,0,0,0,0,0,0,0,0,0,0,0,0
4572,Rachid Ghezzal,3961,[2018],Leicester City,12,5,7,455,1,0,7,3,4,283,0,0,19,8,11,738,1,0,0,0,0,0,0,0,0,0,0,0,0,0
4573,Louis Laing,3962,"[2010, 2011]",Sunderland AFC,1,0,1,3,0,0,0,0,0,0,0,0,1,0,1,3,0,0,0,0,0,0,0,0,0,0,0,0,0,0
4574,George Evans,3963,"[2012, 2015]",Manchester City,0,0,0,0,0,0,0,0,0,0,0,0,0,0,0,0,0,0,0,0,0,0,0,0,0,0,0,0,0,0
4575,Alex Pike,3964,[2016],West Ham United,0,0,0,0,0,0,0,0,0,0,0,0,0,0,0,0,0,0,0,0,0,0,0,0,0,0,0,0,0,0
4576,John Piercy,3965,[2000],Tottenham Hotspur,2,0,2,21,0,0,3,0,3,41,0,0,5,0,5,62,0,0,0,0,0,0,0,0,0,0,0,0,0,0
4577,Dar√≠o Silva,3966,[2005],Portsmouth FC,7,7,0,595,1,0,6,6,0,382,1,0,13,13,0,977,2,0,0,0,0,1,0,1,0,0,0,0,0,0
4578,Won-hee Cho,3967,"[2008, 2009]",Wigan Athletic,0,0,0,0,0,0,5,2,3,171,0,0,5,2,3,171,0,0,0,0,0,0,0,0,0,0,0,0,0,0
4579,Viktor Gy√∂keres,3968,[2018],Brighton & Hove Albion,0,0,0,0,0,0,0,0,0,0,0,0,0,0,0,0,0,0,0,0,0,0,0,0,0,0,0,0,0,0
4580,Elliot Omozusi,3969,[2007],Fulham FC,4,4,0,329,0,0,4,4,0,360,0,0,8,8,0,689,0,0,0,0,0,0,0,0,0,0,0,0,0,0
4581,Joy Mukena,3970,[2017],Watford FC,0,0,0,0,0,0,0,0,0,0,0,0,0,0,0,0,0,0,0,0,0,0,0,0,0,0,0,0,0,0
4582,Jamie McClen,3971,"[2001, 2002]",Newcastle United,3,2,1,160,0,0,1,1,0,90,0,0,4,3,1,250,0,0,0,0,0,0,0,0,0,0,0,0,0,0
4583,Fredi Bobic,3972,[2001],Bolton Wanderers,9,7,2,551,4,0,7,7,0,535,0,0,16,14,2,1086,4,0,0,0,0,2,0,2,0,0,0,0,0,0
4584,Craig Strachan,3973,[2000],Coventry City,1,1,0,88,0,0,1,1,0,84,0,0,2,2,0,172,0,0,0,0,0,0,0,0,0,0,0,0,0,0
4585,Robert Betts,3974,[2000],Coventry City,1,0,1,2,0,0,0,0,0,0,0,0,1,0,1,2,0,0,0,0,0,0,0,0,0,0,0,0,0,0
4586,Aidan Davison,3975,[2000],Bradford City,0,0,0,0,0,0,2,2,0,180,0,0,2,2,0,180,0,0,0,0,0,0,0,0,0,0,0,0,0,0
4587,Gunnar Halle,3976,[2000],Bradford City,5,4,1,414,0,0,4,3,1,331,0,0,9,7,2,745,0,0,0,0,0,0,0,0,0,0,0,0,0,0
4588,Gareth Whalley,3977,[2000],Bradford City,8,6,2,497,0,0,7,7,0,627,0,0,15,13,2,1124,0,0,0,0,0,0,0,0,0,0,0,0,0,0
4589,Gary Locke,3978,[2000],Bradford City,2,2,0,117,0,0,4,3,1,254,0,0,6,5,1,371,0,0,0,0,0,0,0,0,0,0,0,0,0,0
4590,Scott Kerr,3979,[2000],Bradford City,0,0,0,0,0,0,1,0,1,7,0,0,1,0,1,7,0,0,0,0,0,0,0,0,0,0,0,0,0,0
4591,Gareth Grant,3980,[2000],Bradford City,3,0,3,21,0,0,2,0,2,22,0,0,5,0,5,43,0,0,0,0,0,0,0,0,0,0,0,0,0,0
4592,Jordan Archer,3981,[2012],Tottenham Hotspur,0,0,0,0,0,0,0,0,0,0,0,0,0,0,0,0,0,0,0,0,0,0,0,0,0,0,0,0,0,0
4593,Mesca,3982,[2013],Fulham FC,0,0,0,0,0,0,1,0,1,18,0,0,1,0,1,18,0,0,0,0,0,0,0,0,0,0,0,0,0,0
4594,Brian Kerr,3983,"[2000, 2002]",Newcastle United,4,1,3,89,0,0,5,3,2,221,0,0,9,4,5,310,0,0,0,0,0,0,0,0,0,0,0,0,0,0
4595,Gabriel Paletta,3984,[2006],Liverpool FC,0,0,0,0,0,0,3,2,1,209,0,0,3,2,1,209,0,0,0,0,0,0,0,0,0,0,0,0,0,0
4596,Muhamed Konjiƒá,3985,[2000],Coventry City,4,4,0,296,0,0,3,3,0,193,0,0,7,7,0,489,0,0,0,0,0,0,0,0,0,0,0,0,0,0
4597,John Aloisi,3986,[2000],Coventry City,10,2,8,375,1,0,8,6,2,424,2,0,18,8,10,799,3,0,0,0,0,1,2,3,0,0,0,0,0,0
4598,Luuk de Jong,3987,[2013],Newcastle United,7,5,2,343,0,0,5,3,2,326,0,0,12,8,4,669,0,0,0,0,0,0,0,0,0,0,0,0,0,0
4599,Nicky Law,3988,[2006],Sheffield United,2,1,1,120,0,0,2,1,1,91,0,0,4,2,2,211,0,0,0,0,0,0,0,0,0,0,0,0,0,0
4600,Ivo Pinto,3989,[2015],Norwich City,5,5,0,450,0,0,5,4,1,361,0,0,10,9,1,811,0,0,0,0,0,0,0,0,0,0,0,0,0,0
4601,Joe Mattock,3990,[2011],West Bromwich Albion,0,0,0,0,0,0,0,0,0,0,0,0,0,0,0,0,0,0,0,0,0,0,0,0,0,0,0,0,0,0
4602,Delroy Facey,3991,"[2002, 2003]",Bolton Wanderers,5,1,4,129,2,0,5,0,5,72,0,0,10,1,9,201,2,0,0,0,0,0,0,0,0,0,0,0,0,0
4603,Landon Donovan,3992,"[2009, 2011]",Everton FC,9,8,1,726,2,0,8,6,2,554,0,0,17,14,3,1280,2,0,0,0,0,0,0,0,0,0,0,0,0,0
4604,John Bostock,3993,[2010],Tottenham Hotspur,0,0,0,0,0,0,0,0,0,0,0,0,0,0,0,0,0,0,0,0,0,0,0,0,0,0,0,0,0,0
4605,Seb Hines,3994,[2008],Middlesbrough FC,0,0,0,0,0,0,1,0,1,3,0,0,1,0,1,3,0,0,0,0,0,0,0,0,0,0,0,0,0,0
4606,Greg Shields,3995,[2000],Charlton Athletic,2,1,1,102,0,0,2,1,1,103,0,0,4,2,2,205,0,0,0,0,0,0,0,0,0,0,0,0,0,0
4607,Philipp Degen,3996,[2009],Liverpool FC,4,1,3,136,0,0,3,2,1,203,0,0,7,3,4,339,0,0,0,0,0,0,0,0,0,0,0,0,0,0
4608,Chris McCann,3997,[2009],Burnley FC,3,3,0,208,0,0,4,4,0,282,0,0,7,7,0,490,0,0,0,0,0,0,0,0,0,0,0,0,0,0
4609,Mason Springthorpe,3998,"[2012, 2013]",Everton FC,0,0,0,0,0,0,0,0,0,0,0,0,0,0,0,0,0,0,0,0,0,0,0,0,0,0,0,0,0,0
4610,Kevin McNaughton,3999,[2013],Cardiff City,0,0,0,0,0,0,5,3,2,281,0,0,5,3,2,281,0,0,0,0,0,0,0,0,0,0,0,0,0,0
4611,Julien De Sart,4000,[2016],Middlesbrough FC,0,0,0,0,0,0,0,0,0,0,0,0,0,0,0,0,0,0,0,0,0,0,0,0,0,0,0,0,0,0
4612,Patrice Carteron,4001,[2000],Sunderland AFC,3,3,0,270,1,0,4,4,0,360,0,0,7,7,0,630,1,0,0,0,0,1,0,1,0,0,0,0,0,0
4613,Craig Beattie,4002,[2008],West Bromwich Albion,4,0,4,58,1,0,3,1,2,92,0,0,7,1,6,150,1,0,0,0,0,0,0,0,0,0,0,0,0,0
4614,Troy Parrott,4003,[2019],Tottenham Hotspur,2,0,2,6,0,0,0,0,0,0,0,0,2,0,2,6,0,0,0,0,0,0,0,0,0,0,0,0,0,0
4615,Eyong Enoh,4004,[2012],Fulham FC,4,4,0,360,0,0,5,4,1,333,0,0,9,8,1,693,0,0,0,0,0,0,0,0,0,0,0,0,0,0
4616,Stanislav Manolev,4005,[2012],Fulham FC,1,1,0,90,0,0,4,3,1,340,0,0,5,4,1,430,0,0,0,0,0,0,0,0,0,0,0,0,0,0
4617,Sebastian Lletget,4006,"[2012, 2014]",West Ham United,0,0,0,0,0,0,0,0,0,0,0,0,0,0,0,0,0,0,0,0,0,0,0,0,0,0,0,0,0,0
4618,George Moncur,4007,[2012],West Ham United,0,0,0,0,0,0,0,0,0,0,0,0,0,0,0,0,0,0,0,0,0,0,0,0,0,0,0,0,0,0
4619,Adam Henley,4008,[2011],Blackburn Rovers,2,1,1,112,0,0,5,3,2,358,0,0,7,4,3,470,0,0,0,0,0,0,0,0,0,0,0,0,0,0
4620,Carl Dickinson,4009,[2008],Stoke City,1,1,0,90,0,0,4,2,2,175,0,0,5,3,2,265,0,0,0,0,0,0,0,0,0,0,0,0,0,0
4621,Harry Souttar,4010,[2017],Stoke City,0,0,0,0,0,0,0,0,0,0,0,0,0,0,0,0,0,0,0,0,0,0,0,0,0,0,0,0,0,0
4622,Elvis Hammond,4011,"[2002, 2004]",Fulham FC,6,1,5,233,0,0,4,1,3,114,0,0,10,2,8,347,0,0,0,0,0,0,0,0,0,0,0,0,0,0
4623,Nathaniel Phillips,4012,[2019],Liverpool FC,0,0,0,0,0,0,0,0,0,0,0,0,0,0,0,0,0,0,0,0,0,0,0,0,0,0,0,0,0,0
4624,Manuel Da Costa,4013,"[2009, 2010]",West Ham United,15,14,1,1228,1,0,16,12,4,1158,2,0,31,26,5,2386,3,0,0,1,1,0,2,2,0,0,0,0,0,0
4625,Jo√£o Virg√≠nia,4014,[2019],Everton FC,0,0,0,0,0,0,0,0,0,0,0,0,0,0,0,0,0,0,0,0,0,0,0,0,0,0,0,0,0,0
4626,Jarrad Branthwaite,4015,[2019],Everton FC,2,1,1,164,0,0,2,1,1,134,0,0,4,2,2,298,0,0,0,0,0,0,0,0,0,0,0,0,0,0
4627,Beni Baningime,4016,"[2017, 2019]",Everton FC,5,1,4,125,0,0,3,0,3,67,0,0,8,1,7,192,0,0,0,0,0,0,0,0,0,0,0,0,0,0
4628,Marcus Bettinelli,4017,"[2013, 2018]",Fulham FC,3,3,0,270,0,0,4,4,0,360,0,0,7,7,0,630,0,0,0,0,0,0,0,0,0,0,0,0,0,0
4629,Steven Sessegnon,4018,[2018],Fulham FC,0,0,0,0,0,0,0,0,0,0,0,0,0,0,0,0,0,0,0,0,0,0,0,0,0,0,0,0,0,0
4630,Val√©ry M√©zague,4019,[2004],Portsmouth FC,3,1,2,130,0,0,8,2,6,241,0,0,11,3,8,371,0,0,0,0,0,0,0,0,0,0,0,0,0,0
4631,Phil Mulryne,4020,[2004],Norwich City,4,3,1,238,0,0,5,4,1,312,0,0,9,7,2,550,0,0,0,0,0,0,0,0,0,0,0,0,0,0
4632,Ryan Jarvis,4021,[2004],Norwich City,1,0,1,12,1,0,3,1,2,102,0,0,4,1,3,114,1,0,0,0,0,0,0,0,0,0,0,0,0,0
4633,Rodney Wallace,4022,[2001],Bolton Wanderers,9,9,0,693,1,0,10,5,5,539,2,0,19,14,5,1232,3,0,0,0,0,1,2,3,0,0,0,0,0,0
4634,Kader Mangane,4023,[2012],Sunderland AFC,1,0,1,1,0,0,1,0,1,18,0,0,2,0,2,19,0,0,0,0,0,0,0,0,0,0,0,0,0,0
4635,Mikael Mandron,4024,"[2012, 2013, 2014, 2015]",Sunderland AFC,1,0,1,4,0,0,2,0,2,20,0,0,3,0,3,24,0,0,0,0,0,0,0,0,0,0,0,0,0,0
4636,Bartosz Kapustka,4025,[2016],Leicester City,0,0,0,0,0,0,0,0,0,0,0,0,0,0,0,0,0,0,0,0,0,0,0,0,0,0,0,0,0,0
4637,Josh Walker,4026,"[2005, 2008]",Middlesbrough FC,5,2,3,224,0,0,2,0,2,72,0,0,7,2,5,296,0,0,0,0,0,0,0,0,0,0,0,0,0,0
4638,Du≈°an Kuciak,4027,[2016],Hull City,0,0,0,0,0,0,0,0,0,0,0,0,0,0,0,0,0,0,0,0,0,0,0,0,0,0,0,0,0,0
4639,Josh Clackstone,4028,[2016],Hull City,0,0,0,0,0,0,0,0,0,0,0,0,0,0,0,0,0,0,0,0,0,0,0,0,0,0,0,0,0,0
4640,Greg Olley,4029,[2016],Hull City,0,0,0,0,0,0,0,0,0,0,0,0,0,0,0,0,0,0,0,0,0,0,0,0,0,0,0,0,0,0
4641,Greg Luer,4030,[2016],Hull City,0,0,0,0,0,0,0,0,0,0,0,0,0,0,0,0,0,0,0,0,0,0,0,0,0,0,0,0,0,0
4642,Michael Folivi,4031,"[2016, 2017]",Watford FC,0,0,0,0,0,0,1,0,1,9,0,0,1,0,1,9,0,0,0,0,0,0,0,0,0,0,0,0,0,0
4643,Ryan Tunnicliffe,4032,[2013],Fulham FC,2,1,1,101,0,0,1,1,0,65,0,0,3,2,1,166,0,0,0,0,0,0,0,0,0,0,0,0,0,0
4644,Ryan Tunnicliffe,4032,[2012],Manchester United,0,0,0,0,0,0,0,0,0,0,0,0,0,0,0,0,0,0,0,0,0,0,0,0,0,0,0,0,0,0
4645,Larnell Cole,4033,[2013],Fulham FC,0,0,0,0,0,0,1,0,1,10,0,0,1,0,1,10,0,0,0,0,0,0,0,0,0,0,0,0,0,0
4646,Larnell Cole,4033,[2011],Manchester United,0,0,0,0,0,0,0,0,0,0,0,0,0,0,0,0,0,0,0,0,0,0,0,0,0,0,0,0,0,0
4647,Matt Le Tissier,4034,"[2000, 2001]",Southampton FC,9,2,7,241,1,0,3,0,3,37,0,0,12,2,10,278,1,0,3,0,3,1,0,1,0,0,0,0,0,0
4648,Hayden Foxe,4035,"[2000, 2001]",West Ham United,4,2,2,239,0,0,6,4,2,410,0,0,10,6,4,649,0,0,0,0,0,0,0,0,0,0,0,0,0,0
4649,Hayden Foxe,4035,[2003],Portsmouth FC,5,4,1,390,1,0,5,4,1,348,0,0,10,8,2,738,1,0,0,0,0,0,0,0,0,0,0,0,0,0
4650,Sherjill MacDonald,4036,[2008],West Bromwich Albion,2,0,2,30,0,0,3,0,3,128,0,0,5,0,5,158,0,0,0,0,0,0,0,0,0,0,0,0,0,0
4651,Ian Feuer,4037,[2001],Derby County,1,1,0,90,0,0,1,1,0,90,0,0,2,2,0,180,0,0,0,0,0,0,0,0,0,0,0,0,0,0
4652,Michael Stewart,4038,"[2000, 2001, 2002]",Manchester United,2,2,0,123,0,0,5,3,2,245,0,0,7,5,2,368,0,0,0,0,0,0,0,0,0,0,0,0,0,0
4653,Jelle Van Damme,4039,[2010],Wolverhampton Wanderers,3,2,1,150,0,0,3,2,1,128,1,0,6,4,2,278,1,0,0,0,0,0,1,1,0,0,0,0,0,0
4654,Jelle Van Damme,4039,[2004],Southampton FC,3,2,1,225,0,0,3,2,1,166,0,0,6,4,2,391,0,0,0,0,0,0,0,0,0,0,0,0,0,0
4655,Adam Mitchell,4040,[2012],Sunderland AFC,0,0,0,0,0,0,1,0,1,2,0,0,1,0,1,2,0,0,0,0,0,0,0,0,0,0,0,0,0,0
4656,Liam Marrs,4041,[2012],Sunderland AFC,0,0,0,0,0,0,0,0,0,0,0,0,0,0,0,0,0,0,0,0,0,0,0,0,0,0,0,0,0,0
4657,David Ferguson,4042,[2012],Sunderland AFC,0,0,0,0,0,0,0,0,0,0,0,0,0,0,0,0,0,0,0,0,0,0,0,0,0,0,0,0,0,0
4658,Scott Harrison,4043,[2012],Sunderland AFC,0,0,0,0,0,0,0,0,0,0,0,0,0,0,0,0,0,0,0,0,0,0,0,0,0,0,0,0,0,0
4659,Iv√°n Ramis,4044,[2012],Wigan Athletic,8,8,0,679,1,0,8,8,0,720,1,0,16,16,0,1399,2,0,0,0,0,1,1,2,0,0,0,0,0,0
4660,Abdisalam Ibrahim,4045,[2009],Manchester City,1,0,1,14,0,0,0,0,0,0,0,0,1,0,1,14,0,0,0,0,0,0,0,0,0,0,0,0,0,0
4661,Franck Songo'o,4046,"[2005, 2007]",Portsmouth FC,1,0,1,14,0,0,2,0,2,43,0,0,3,0,3,57,0,0,0,0,0,0,0,0,0,0,0,0,0,0
4662,Grzegorz Rasiak,4047,[2005],Tottenham Hotspur,3,1,2,97,0,0,5,3,2,240,0,0,8,4,4,337,0,0,0,0,0,0,0,0,0,0,0,0,0,0
4663,Grzegorz Rasiak,4047,[2007],Bolton Wanderers,3,0,3,86,0,0,4,2,2,194,0,0,7,2,5,280,0,0,0,0,0,0,0,0,0,0,0,0,0,0
4664,Aleksandar Tonev,4048,[2013],Aston Villa,9,3,6,305,0,0,8,3,5,291,0,0,17,6,11,596,0,0,0,0,0,0,0,0,0,0,0,0,0,0
4665,Rudolphe Douala,4049,[2006],Portsmouth FC,3,0,3,86,0,0,4,1,3,158,0,0,7,1,6,244,0,0,0,0,0,0,0,0,0,0,0,0,0,0
4666,Stig T√∏fting,4050,"[2001, 2002]",Bolton Wanderers,6,4,2,391,0,0,8,4,4,369,0,0,14,8,6,760,0,0,0,0,0,0,0,0,0,0,0,0,0,0
4667,Tyreke Johnson,4051,[2018],Southampton FC,1,0,1,1,0,0,0,0,0,0,0,0,1,0,1,1,0,0,0,0,0,0,0,0,0,0,0,0,0,0
4668,Bongani Khumalo,4052,"[2010, 2011]",Tottenham Hotspur,0,0,0,0,0,0,0,0,0,0,0,0,0,0,0,0,0,0,0,0,0,0,0,0,0,0,0,0,0,0
4669,Bersant Celina,4053,[2015],Manchester City,1,0,1,13,0,0,0,0,0,0,0,0,1,0,1,13,0,0,0,0,0,0,0,0,0,0,0,0,0,0
4670,Clive Clarke,4054,[2005],West Ham United,1,1,0,45,0,0,1,1,0,76,0,0,2,2,0,121,0,0,0,0,0,0,0,0,0,0,0,0,0,0
4671,Leam Richardson,4055,[2001],Bolton Wanderers,0,0,0,0,0,0,1,0,1,8,0,0,1,0,1,8,0,0,0,0,0,0,0,0,0,0,0,0,0,0
4672,Ben Johnson,4056,"[2017, 2018, 2019]",West Ham United,2,2,0,180,0,0,2,2,0,153,0,0,4,4,0,333,0,0,0,0,0,0,0,0,0,0,0,0,0,0
4673,Tom√°≈° Souƒçek,4057,[2019],West Ham United,6,6,0,535,2,0,7,6,1,506,1,0,13,12,1,1041,3,0,0,0,0,1,1,2,0,0,0,0,0,0
4674,Xande Silva,4058,"[2018, 2019]",West Ham United,0,0,0,0,0,0,1,0,1,17,0,0,1,0,1,17,0,0,0,0,0,0,0,0,0,0,0,0,0,0
4675,Danny Butterfield,4059,[2004],Crystal Palace,3,3,0,237,0,0,4,4,0,312,0,0,7,7,0,549,0,0,0,0,0,0,0,0,0,0,0,0,0,0
4676,Sandor Torghelle,4060,[2004],Crystal Palace,4,1,3,89,0,0,8,2,6,308,0,0,12,3,9,397,0,0,0,0,0,0,0,0,0,0,0,0,0,0
4677,Semi Ajayi,4061,[2014],Arsenal FC,0,0,0,0,0,0,0,0,0,0,0,0,0,0,0,0,0,0,0,0,0,0,0,0,0,0,0,0,0,0
4678,Richard Naylor,4062,"[2000, 2001]",Ipswich Town,14,5,9,527,2,0,12,5,7,524,1,0,26,10,16,1051,3,0,0,1,1,1,1,2,0,0,0,0,0,0
4679,Cou√±ago,4063,[2001],Ipswich Town,8,1,7,250,0,0,4,0,4,99,0,0,12,1,11,349,0,0,0,0,0,0,0,0,0,0,0,0,0,0
4680,Gavin Peacock,4064,[2001],Charlton Athletic,1,0,1,45,0,0,4,1,3,122,0,0,5,1,4,167,0,0,0,0,0,0,0,0,0,0,0,0,0,0
4681,Sam Hughes,4065,[2017],Leicester City,0,0,0,0,0,0,0,0,0,0,0,0,0,0,0,0,0,0,0,0,0,0,0,0,0,0,0,0,0,0
4682,Layton Ndukwu,4066,[2017],Leicester City,0,0,0,0,0,0,0,0,0,0,0,0,0,0,0,0,0,0,0,0,0,0,0,0,0,0,0,0,0,0
4683,Timothy Eyoma,4067,[2018],Tottenham Hotspur,0,0,0,0,0,0,0,0,0,0,0,0,0,0,0,0,0,0,0,0,0,0,0,0,0,0,0,0,0,0
4684,Neil Moss,4068,"[2000, 2001]",Southampton FC,2,2,0,180,0,0,3,3,0,270,0,0,5,5,0,450,0,0,0,0,0,0,0,0,0,0,0,0,0,0
4685,Lasse S√∏rensen,4069,[2017],Stoke City,0,0,0,0,0,0,1,1,0,76,0,0,1,1,0,76,0,0,0,0,0,0,0,0,0,0,0,0,0,0
4686,Aaron Rowe,4070,[2018],Huddersfield Town,1,0,1,14,0,0,1,1,0,55,0,0,2,1,1,69,0,0,0,0,0,0,0,0,0,0,0,0,0,0
4687,James Garner,4071,"[2018, 2019]",Manchester United,0,0,0,0,0,0,2,0,2,9,0,0,2,0,2,9,0,0,0,0,0,0,0,0,0,0,0,0,0,0
4688,Souleymane Diawara,4072,[2006],Charlton Athletic,12,9,3,884,0,0,11,9,2,765,0,0,23,18,5,1649,0,0,0,0,0,0,0,0,0,0,0,0,0,0
4689,Steven Watt,4073,[2004],Chelsea FC,0,0,0,0,0,0,1,0,1,1,0,0,1,0,1,1,0,0,0,0,0,0,0,0,0,0,0,0,0,0
4690,Nuno Morais,4074,"[2004, 2006]",Chelsea FC,2,0,2,19,0,0,2,0,2,6,0,0,4,0,4,25,0,0,0,0,0,0,0,0,0,0,0,0,0,0
4691,Filipe Oliveira,4075,"[2002, 2003, 2004]",Chelsea FC,1,0,1,11,0,0,4,0,4,10,0,0,5,0,5,21,0,0,0,0,0,0,0,0,0,0,0,0,0,0
4692,Callum Connolly,4076,[2015],Everton FC,1,0,1,36,0,0,0,0,0,0,0,0,1,0,1,36,0,0,0,0,0,0,0,0,0,0,0,0,0,0
4693,Jonathan Grounds,4077,"[2007, 2008]",Middlesbrough FC,4,4,0,324,0,0,3,3,0,243,0,0,7,7,0,567,0,0,0,0,0,0,0,0,0,0,0,0,0,0
4694,Marnick Vermijl,4078,[2014],Manchester United,0,0,0,0,0,0,0,0,0,0,0,0,0,0,0,0,0,0,0,0,0,0,0,0,0,0,0,0,0,0
4695,Jayson Molumby,4079,"[2017, 2018]",Brighton & Hove Albion,0,0,0,0,0,0,0,0,0,0,0,0,0,0,0,0,0,0,0,0,0,0,0,0,0,0,0,0,0,0
4696,Alan Judge,4080,[2010],Blackburn Rovers,0,0,0,0,0,0,0,0,0,0,0,0,0,0,0,0,0,0,0,0,0,0,0,0,0,0,0,0,0,0
4697,Elliott Moore,4081,[2016],Leicester City,0,0,0,0,0,0,0,0,0,0,0,0,0,0,0,0,0,0,0,0,0,0,0,0,0,0,0,0,0,0
4698,Filip Lesniak,4082,[2016],Tottenham Hotspur,0,0,0,0,0,0,1,0,1,4,0,0,1,0,1,4,0,0,0,0,0,0,0,0,0,0,0,0,0,0
4699,Samuel Shashoua,4083,[2016],Tottenham Hotspur,0,0,0,0,0,0,0,0,0,0,0,0,0,0,0,0,0,0,0,0,0,0,0,0,0,0,0,0,0,0
4700,Piqu√©,4084,"[2005, 2007]",Manchester United,6,4,2,381,0,0,6,2,4,192,0,0,12,6,6,573,0,0,0,0,0,0,0,0,0,0,0,0,0,0
4701,Bruno Berner,4085,[2007],Arsenal FC,1,1,0,90,0,0,0,0,0,0,0,0,1,1,0,90,0,0,0,0,0,0,0,0,0,0,0,0,0,0
4702,Bruno Berner,4085,[2006],Blackburn Rovers,0,0,0,0,0,0,1,1,0,90,0,0,1,1,0,90,0,0,0,0,0,0,0,0,0,0,0,0,0,0
4703,Maceo Rigters,4086,[2007],Arsenal FC,1,0,1,10,0,0,0,0,0,0,0,0,1,0,1,10,0,0,0,0,0,0,0,0,0,0,0,0,0,0
4704,Ben Hutchinson,4087,[2007],Middlesbrough FC,4,0,4,83,0,0,4,0,4,104,1,0,8,0,8,187,1,0,0,0,0,0,0,0,0,0,0,0,0,0
4705,Martin Grainger,4088,"[2002, 2003]",Birmingham City,6,4,2,450,1,0,7,7,0,514,0,0,13,11,2,964,1,0,0,0,0,1,0,1,0,0,0,0,0,0
4706,Tommy Mooney,4089,[2002],Birmingham City,1,0,1,5,0,0,0,0,0,0,0,0,1,0,1,5,0,0,0,0,0,0,0,0,0,0,0,0,0,0
4707,Diego Arismendi,4090,[2011],Stoke City,0,0,0,0,0,0,0,0,0,0,0,0,0,0,0,0,0,0,0,0,0,0,0,0,0,0,0,0,0,0
4708,Jake Flannigan,4091,[2014],Southampton FC,0,0,0,0,0,0,0,0,0,0,0,0,0,0,0,0,0,0,0,0,0,0,0,0,0,0,0,0,0,0
4709,Ryan Seager,4092,"[2014, 2015]",Southampton FC,1,0,1,1,0,0,0,0,0,0,0,0,1,0,1,1,0,0,0,0,0,0,0,0,0,0,0,0,0,0
4710,Danny Lafferty,4093,[2014],Burnley FC,1,0,1,16,0,0,0,0,0,0,0,0,1,0,1,16,0,0,0,0,0,0,0,0,0,0,0,0,0,0
4711,Martyn Waghorn,4094,"[2007, 2008, 2010]",Sunderland AFC,2,1,1,91,0,0,4,1,3,67,0,0,6,2,4,158,0,0,0,0,0,0,0,0,0,0,0,0,0,0
4712,Danny Batth,4095,[2010],Wolverhampton Wanderers,0,0,0,0,0,0,0,0,0,0,0,0,0,0,0,0,0,0,0,0,0,0,0,0,0,0,0,0,0,0
4713,Liam Agnew,4096,"[2013, 2014]",Sunderland AFC,0,0,0,0,0,0,0,0,0,0,0,0,0,0,0,0,0,0,0,0,0,0,0,0,0,0,0,0,0,0
4714,Lloyd Sam,4097,"[2004, 2005, 2006]",Charlton Athletic,5,1,4,151,0,0,5,2,3,228,0,0,10,3,7,379,0,0,0,0,0,0,0,0,0,0,0,0,0,0
4715,Danny Crow,4098,[2004],Norwich City,1,0,1,23,0,0,2,0,2,17,0,0,3,0,3,40,0,0,0,0,0,0,0,0,0,0,0,0,0,0
4716,Jonathan Kodjia,4099,[2019],Aston Villa,2,0,2,38,0,0,4,0,4,73,0,0,6,0,6,111,0,0,0,0,0,0,0,0,0,0,0,0,0,0
4717,Anthony Modeste,4100,[2011],Blackburn Rovers,4,2,2,218,0,0,5,1,4,168,0,0,9,3,6,386,0,0,0,0,0,0,0,0,0,0,0,0,0,0
4718,Steve Cooke,4101,[2002],Aston Villa,2,0,2,13,0,0,1,0,1,16,0,0,3,0,3,29,0,0,0,0,0,0,0,0,0,0,0,0,0,0
4719,Mark Travers,4102,"[2018, 2019]",AFC Bournemouth,2,2,0,180,0,0,1,1,0,90,0,0,3,3,0,270,0,0,0,0,0,0,0,0,0,0,0,0,0,0
4720,Donervon Daniels,4103,[2013],West Bromwich Albion,0,0,0,0,0,0,0,0,0,0,0,0,0,0,0,0,0,0,0,0,0,0,0,0,0,0,0,0,0,0
4721,Trevoh Chalobah,4104,[2017],Chelsea FC,0,0,0,0,0,0,0,0,0,0,0,0,0,0,0,0,0,0,0,0,0,0,0,0,0,0,0,0,0,0
4722,Khalilou Fadiga,4105,"[2004, 2005]",Bolton Wanderers,7,2,5,84,0,0,6,3,3,347,1,0,13,5,8,431,1,0,0,0,0,0,1,1,0,0,0,0,0,0
4723,Korey Smith,4106,[2012],Norwich City,0,0,0,0,0,0,0,0,0,0,0,0,0,0,0,0,0,0,0,0,0,0,0,0,0,0,0,0,0,0
4724,Roberto Mancini,4107,[2000],Leicester City,2,2,0,133,0,0,2,1,1,109,0,0,4,3,1,242,0,0,0,0,0,0,0,0,0,0,0,0,0,0
4725,Joe Rodon,4108,[2017],Swansea City,0,0,0,0,0,0,0,0,0,0,0,0,0,0,0,0,0,0,0,0,0,0,0,0,0,0,0,0,0,0
4726,Faustino Anjorin,4109,[2019],Chelsea FC,1,0,1,19,0,0,0,0,0,0,0,0,1,0,1,19,0,0,0,0,0,0,0,0,0,0,0,0,0,0
4727,Armando Broja,4110,[2019],Chelsea FC,1,0,1,4,0,0,0,0,0,0,0,0,1,0,1,4,0,0,0,0,0,0,0,0,0,0,0,0,0,0
4728,Modibo Diakit√©,4111,[2013],Sunderland AFC,2,2,0,180,0,0,5,5,0,450,0,0,7,7,0,630,0,0,0,0,0,0,0,0,0,0,0,0,0,0
4729,Charis Mavrias,4112,"[2013, 2014]",Sunderland AFC,2,1,1,76,0,0,2,0,2,73,0,0,4,1,3,149,0,0,0,0,0,0,0,0,0,0,0,0,0,0
4730,David Moberg-Karlsson,4113,[2013],Sunderland AFC,0,0,0,0,0,0,0,0,0,0,0,0,0,0,0,0,0,0,0,0,0,0,0,0,0,0,0,0,0,0
4731,Jack Young,4114,[2019],Newcastle United,0,0,0,0,0,0,0,0,0,0,0,0,0,0,0,0,0,0,0,0,0,0,0,0,0,0,0,0,0,0
4732,Roger Espinoza,4115,[2012],Wigan Athletic,6,3,3,348,1,0,6,3,3,257,0,0,12,6,6,605,1,0,0,0,0,1,0,1,0,0,0,0,0,0
4733,√Ångelo Henr√≠quez,4116,[2012],Wigan Athletic,3,0,3,41,1,0,1,0,1,5,0,0,4,0,4,46,1,0,0,0,0,0,0,0,0,0,0,0,0,0
4734,Rom√°n Golobart,4117,"[2010, 2012]",Wigan Athletic,1,1,0,90,0,0,2,1,1,122,0,0,3,2,1,212,0,0,0,0,0,0,0,0,0,0,0,0,0,0
4735,Fraser Fyvie,4118,[2012],Wigan Athletic,1,0,1,21,0,0,0,0,0,0,0,0,1,0,1,21,0,0,0,0,0,0,0,0,0,0,0,0,0,0
4736,Antonio Barreca,4119,[2018],Newcastle United,0,0,0,0,0,0,1,0,1,4,0,0,1,0,1,4,0,0,0,0,0,0,0,0,0,0,0,0,0,0
4737,Diego Cavalieri,4120,[2017],Crystal Palace,0,0,0,0,0,0,0,0,0,0,0,0,0,0,0,0,0,0,0,0,0,0,0,0,0,0,0,0,0,0
4738,Diego Cavalieri,4120,[2010],Liverpool FC,0,0,0,0,0,0,0,0,0,0,0,0,0,0,0,0,0,0,0,0,0,0,0,0,0,0,0,0,0,0
4739,Martin Woods,4121,[2005],Sunderland AFC,1,0,1,30,0,0,6,1,5,139,0,0,7,1,6,169,0,0,0,0,0,0,0,0,0,0,0,0,0,0
4740,Nelson Vivas,4122,[2000],Arsenal FC,6,1,5,201,0,0,6,2,4,220,0,0,12,3,9,421,0,0,0,0,0,0,0,0,0,0,0,0,0,0
4741,Jake Vokins,4123,[2019],Southampton FC,1,1,0,90,0,0,0,0,0,0,0,0,1,1,0,90,0,0,0,0,0,0,0,0,0,0,0,0,0,0
4742,Daniel Van Buyten,4124,[2003],Manchester City,3,3,0,270,0,0,1,1,0,90,0,0,4,4,0,360,0,0,0,0,0,0,0,0,0,0,0,0,0,0
4743,Ben Wynter,4125,[2016],Crystal Palace,0,0,0,0,0,0,0,0,0,0,0,0,0,0,0,0,0,0,0,0,0,0,0,0,0,0,0,0,0,0
4744,Andy Goram,4126,[2000],Manchester United,1,1,0,66,0,0,1,1,0,58,0,0,2,2,0,124,0,0,0,0,0,0,0,0,0,0,0,0,0,0
4745,Dexter Blackstock,4127,[2004],Norwich City,1,1,0,60,0,0,0,0,0,0,0,0,1,1,0,60,0,0,0,0,0,0,0,0,0,0,0,0,0,0
4746,Ben Hinchcliffe,4128,[2016],Hull City,0,0,0,0,0,0,0,0,0,0,0,0,0,0,0,0,0,0,0,0,0,0,0,0,0,0,0,0,0,0
4747,George Marsh,4129,[2018],Tottenham Hotspur,0,0,0,0,0,0,0,0,0,0,0,0,0,0,0,0,0,0,0,0,0,0,0,0,0,0,0,0,0,0
4748,Chris Lucketti,4130,[2006],Sheffield United,3,3,0,270,0,0,3,3,0,212,0,0,6,6,0,482,0,0,0,0,0,0,0,0,0,0,0,0,0,0
4749,Aleksandar Rodiƒá,4131,[2004],Portsmouth FC,2,0,2,27,0,0,2,1,1,91,0,0,4,1,3,118,0,0,0,0,0,0,0,0,0,0,0,0,0,0
4750,Jordan Mustoe,4132,"[2010, 2012]",Wigan Athletic,0,0,0,0,0,0,0,0,0,0,0,0,0,0,0,0,0,0,0,0,0,0,0,0,0,0,0,0,0,0
4751,Henri Saivet,4133,"[2015, 2017]",Newcastle United,2,0,2,34,0,0,3,3,0,198,1,0,5,3,2,232,1,0,0,0,0,0,1,1,0,0,0,0,0,0
4752,Jordan Cook,4134,"[2010, 2011]",Sunderland AFC,1,0,1,3,0,0,2,0,2,26,0,0,3,0,3,29,0,0,0,0,0,0,0,0,0,0,0,0,0,0
4753,Ilan,4135,[2009],West Ham United,6,3,3,316,2,0,5,3,2,260,2,0,11,6,5,576,4,0,3,1,4,2,1,3,0,0,0,0,0,0
4754,Manny Onariase,4136,[2014],West Ham United,0,0,0,0,0,0,0,0,0,0,0,0,0,0,0,0,0,0,0,0,0,0,0,0,0,0,0,0,0,0
4755,Ibrahima Ciss√©,4137,[2018],Fulham FC,1,0,1,9,0,0,2,1,1,78,0,0,3,1,2,87,0,0,0,0,0,0,0,0,0,0,0,0,0,0
4756,Tam√°s K√°d√°r,4138,[2010],Newcastle United,0,0,0,0,0,0,0,0,0,0,0,0,0,0,0,0,0,0,0,0,0,0,0,0,0,0,0,0,0,0
4757,John Welsh,4139,"[2003, 2004]",Liverpool FC,2,1,1,81,0,0,2,1,1,102,0,0,4,2,2,183,0,0,0,0,0,0,0,0,0,0,0,0,0,0
4758,Emerse Fa√©,4140,[2007],Reading FC,2,1,1,92,0,0,5,2,3,189,0,0,7,3,4,281,0,0,0,0,0,0,0,0,0,0,0,0,0,0
4759,Christian Kalvenes,4141,[2009],Burnley FC,2,1,1,36,0,0,4,2,2,242,0,0,6,3,3,278,0,0,0,0,0,0,0,0,0,0,0,0,0,0
4760,Liam Cooper,4142,[2009],Hull City,1,0,1,35,0,0,1,1,0,90,0,0,2,1,1,125,0,0,0,0,0,0,0,0,0,0,0,0,0,0
4761,Nikola Vla≈°iƒá,4143,[2017],Everton FC,7,5,2,364,0,0,5,2,3,212,0,0,12,7,5,576,0,0,0,0,0,0,0,0,0,0,0,0,0,0
4762,Mark Yeates,4144,"[2003, 2004]",Tottenham Hotspur,1,0,1,12,0,0,2,1,1,108,0,0,3,1,2,120,0,0,0,0,0,0,0,0,0,0,0,0,0,0
4763,Bruno Ribeiro,4145,[2011],Blackburn Rovers,0,0,0,0,0,0,0,0,0,0,0,0,0,0,0,0,0,0,0,0,0,0,0,0,0,0,0,0,0,0
4764,Myles Anderson,4146,[2011],Blackburn Rovers,0,0,0,0,0,0,0,0,0,0,0,0,0,0,0,0,0,0,0,0,0,0,0,0,0,0,0,0,0,0
4765,Bobby Petta,4147,[2003],Fulham FC,6,2,4,174,0,0,3,1,2,144,0,0,9,3,6,318,0,0,0,0,0,0,0,0,0,0,0,0,0,0
4766,Erwin Mulder,4148,[2017],Swansea City,0,0,0,0,0,0,0,0,0,0,0,0,0,0,0,0,0,0,0,0,0,0,0,0,0,0,0,0,0,0
4767,Brandon Austin,4149,[2019],Tottenham Hotspur,0,0,0,0,0,0,0,0,0,0,0,0,0,0,0,0,0,0,0,0,0,0,0,0,0,0,0,0,0,0
4768,Matt Murray,4150,[2003],Wolverhampton Wanderers,0,0,0,0,0,0,1,1,0,90,0,0,1,1,0,90,0,0,0,0,0,0,0,0,0,0,0,0,0,0
4769,Bernard Lambourde,4151,[2000],Chelsea FC,1,0,1,3,0,0,0,0,0,0,0,0,1,0,1,3,0,0,0,0,0,0,0,0,0,0,0,0,0,0
4770,Rami Shaaban,4152,[2002],Manchester United,1,1,0,43,0,0,0,0,0,0,0,0,1,1,0,43,0,0,0,0,0,0,0,0,0,0,0,0,0,0
4771,Oliver Gill,4153,[2010],Manchester United,0,0,0,0,0,0,0,0,0,0,0,0,0,0,0,0,0,0,0,0,0,0,0,0,0,0,0,0,0,0
4772,Mohamed El Ouriachi,4154,[2015],Stoke City,0,0,0,0,0,0,0,0,0,0,0,0,0,0,0,0,0,0,0,0,0,0,0,0,0,0,0,0,0,0
4773,James Sinclair,4155,[2006],Bolton Wanderers,0,0,0,0,0,0,2,0,2,45,0,0,2,0,2,45,0,0,0,0,0,0,0,0,0,0,0,0,0,0
4774,Callum Slattery,4156,[2018],Southampton FC,1,0,1,6,0,0,2,1,1,104,0,0,3,1,2,110,0,0,0,0,0,0,0,0,0,0,0,0,0,0
4775,Alan O'Brien,4157,"[2004, 2005, 2006]",Newcastle United,3,2,1,208,0,0,3,0,3,42,0,0,6,2,4,250,0,0,0,0,0,0,0,0,0,0,0,0,0,0
4776,Kyel Reid,4158,[2005],West Bromwich Albion,1,1,0,90,0,0,0,0,0,0,0,0,1,1,0,90,0,0,0,0,0,0,0,0,0,0,0,0,0,0
4777,Kyel Reid,4158,[2007],West Ham United,1,0,1,11,0,0,0,0,0,0,0,0,1,0,1,11,0,0,0,0,0,0,0,0,0,0,0,0,0,0
4778,Andy Lonergan,4159,[2019],Liverpool FC,0,0,0,0,0,0,0,0,0,0,0,0,0,0,0,0,0,0,0,0,0,0,0,0,0,0,0,0,0,0
4779,Kasey Palmer,4160,[2017],Huddersfield Town,2,0,2,52,0,0,2,1,1,116,0,0,4,1,3,168,0,0,0,0,0,0,0,0,0,0,0,0,0,0
4780,Kasey Palmer,4160,[2015],Chelsea FC,0,0,0,0,0,0,0,0,0,0,0,0,0,0,0,0,0,0,0,0,0,0,0,0,0,0,0,0,0,0
4781,Ga√´l Bigirimana,4161,"[2012, 2013]",Newcastle United,6,0,6,161,1,0,7,3,4,243,0,0,13,3,10,404,1,0,0,0,0,0,0,0,0,0,0,0,0,0
4782,B√ºlent Akin,4162,[2002],Bolton Wanderers,0,0,0,0,0,0,1,0,1,5,0,0,1,0,1,5,0,0,0,0,0,0,0,0,0,0,0,0,0,0
4783,Dan Potts,4163,"[2012, 2013]",West Ham United,0,0,0,0,0,0,2,1,1,117,0,0,2,1,1,117,0,0,0,0,0,0,0,0,0,0,0,0,0,0
4784,Stefan Schnoor,4164,[2000],Derby County,4,4,0,360,0,0,4,2,2,201,0,0,8,6,2,561,0,0,0,0,0,0,0,0,0,0,0,0,0,0
4785,Steven Elliott,4165,"[2000, 2001]",Derby County,4,1,3,112,0,0,6,5,1,383,0,0,10,6,4,495,0,0,0,0,0,0,0,0,0,0,0,0,0,0
4786,Steve McMillan,4166,[2005],Wigan Athletic,1,0,1,16,0,0,1,0,1,44,0,0,2,0,2,60,0,0,0,0,0,0,0,0,0,0,0,0,0,0
4787,Tope Obadeyi,4167,[2008],Bolton Wanderers,2,0,2,29,0,0,1,0,1,12,0,0,3,0,3,41,0,0,0,0,0,0,0,0,0,0,0,0,0,0
4788,Ben Clark,4168,[2002],Sunderland AFC,1,0,1,26,0,0,0,0,0,0,0,0,1,0,1,26,0,0,0,0,0,0,0,0,0,0,0,0,0,0
4789,Ivan Toney,4169,[2015],Newcastle United,2,0,2,10,0,0,0,0,0,0,0,0,2,0,2,10,0,0,0,0,0,0,0,0,0,0,0,0,0,0
4790,Kayne Ramsay,4170,[2018],Southampton FC,1,1,0,90,0,0,0,0,0,0,0,0,1,1,0,90,0,0,0,0,0,0,0,0,0,0,0,0,0,0
4791,James Daly,4171,"[2017, 2019]",Crystal Palace,0,0,0,0,0,0,0,0,0,0,0,0,0,0,0,0,0,0,0,0,0,0,0,0,0,0,0,0,0,0
4792,Djamel Belmadi,4172,[2002],Manchester City,6,2,4,268,0,0,2,0,2,63,0,0,8,2,6,331,0,0,0,0,0,0,0,0,0,0,0,0,0,0
4793,Darren Holloway,4173,[2000],Sunderland AFC,1,1,0,90,0,0,2,2,0,135,0,0,3,3,0,225,0,0,0,0,0,0,0,0,0,0,0,0,0,0
4794,Nick Chadwick,4174,"[2001, 2002, 2003]",Everton FC,6,1,5,178,3,0,7,2,5,185,0,0,13,3,10,363,3,0,0,0,0,1,0,1,0,0,0,0,0,0
4795,Tom Hopper,4175,[2014],Leicester City,0,0,0,0,0,0,0,0,0,0,0,0,0,0,0,0,0,0,0,0,0,0,0,0,0,0,0,0,0,0
4796,Iv√°n Guerrero,4176,[2000],Coventry City,1,1,0,90,0,0,2,2,0,137,0,0,3,3,0,227,0,0,0,0,0,0,0,0,0,0,0,0,0,0
4797,Stuart Nicholson,4177,[2005],West Bromwich Albion,2,0,2,26,0,0,2,0,2,32,0,0,4,0,4,58,0,0,0,0,0,0,0,0,0,0,0,0,0,0
4798,Ben White,4178,[2018],Brighton & Hove Albion,0,0,0,0,0,0,0,0,0,0,0,0,0,0,0,0,0,0,0,0,0,0,0,0,0,0,0,0,0,0
4799,Eggert J√≥nsson,4179,[2011],Wolverhampton Wanderers,2,1,1,109,0,0,1,1,0,64,0,0,3,2,1,173,0,0,0,0,0,0,0,0,0,0,0,0,0,0
4800,Michael Jordan Williams,4180,[2014],Liverpool FC,0,0,0,0,0,0,0,0,0,0,0,0,0,0,0,0,0,0,0,0,0,0,0,0,0,0,0,0,0,0
4801,Mark Clyde,4181,[2003],Wolverhampton Wanderers,4,2,2,180,0,0,5,4,1,337,0,0,9,6,3,517,0,0,0,0,0,0,0,0,0,0,0,0,0,0
4802,Andr√© Green,4182,"[2014, 2015]",Aston Villa,1,0,1,28,0,0,1,0,1,29,0,0,2,0,2,57,0,0,0,0,0,0,0,0,0,0,0,0,0,0
4803,Nery Castillo,4183,[2007],Manchester City,3,1,2,113,0,0,4,1,3,180,0,0,7,2,5,293,0,0,0,0,0,0,0,0,0,0,0,0,0,0
4804,Sead Hak≈°abanoviƒá,4184,[2017],West Ham United,0,0,0,0,0,0,0,0,0,0,0,0,0,0,0,0,0,0,0,0,0,0,0,0,0,0,0,0,0,0
4805,Javi Moreno,4185,[2003],Bolton Wanderers,4,1,3,142,0,0,4,0,4,84,0,0,8,1,7,226,0,0,0,0,0,0,0,0,0,0,0,0,0,0
4806,Neil Danns,4186,[2007],Birmingham City,0,0,0,0,0,0,2,0,2,21,0,0,2,0,2,21,0,0,0,0,0,0,0,0,0,0,0,0,0,0
4807,Neil Danns,4186,"[2002, 2003]",Blackburn Rovers,3,1,2,62,0,0,0,0,0,0,0,0,3,1,2,62,0,0,0,0,0,0,0,0,0,0,0,0,0,0
4808,Romain Amalfitano,4187,[2012],Newcastle United,0,0,0,0,0,0,0,0,0,0,0,0,0,0,0,0,0,0,0,0,0,0,0,0,0,0,0,0,0,0
4809,Ali Koiki,4188,"[2018, 2019]",Burnley FC,0,0,0,0,0,0,0,0,0,0,0,0,0,0,0,0,0,0,0,0,0,0,0,0,0,0,0,0,0,0
4810,Jonathan Hutchinson,4189,[2002],Birmingham City,0,0,0,0,0,0,1,1,0,90,0,0,1,1,0,90,0,0,0,0,0,0,0,0,0,0,0,0,0,0
4811,Colin Hendry,4190,[2001],Bolton Wanderers,1,1,0,83,0,0,2,2,0,122,0,0,3,3,0,205,0,0,0,0,0,0,0,0,0,0,0,0,0,0
4812,Colin Hendry,4190,[2000],Coventry City,2,1,1,98,0,0,0,0,0,0,0,0,2,1,1,98,0,0,0,0,0,0,0,0,0,0,0,0,0,0
4813,Hakan ≈û√ºk√ºr,4191,[2002],Blackburn Rovers,5,4,1,350,0,0,4,3,1,265,2,0,9,7,2,615,2,0,0,0,0,0,0,0,0,0,0,0,0,0
4814,Steve Bould,4192,[2000],Manchester City,1,0,1,43,0,0,0,0,0,0,0,0,1,0,1,43,0,0,0,0,0,0,0,0,0,0,0,0,0,0
4815,√âric Roy,4193,[2000],Manchester City,1,0,1,45,0,0,0,0,0,0,0,0,1,0,1,45,0,0,0,0,0,0,0,0,0,0,0,0,0,0
4816,Michael Reddy,4194,[2000],Manchester City,1,0,1,5,0,0,0,0,0,0,0,0,1,0,1,5,0,0,0,0,0,0,0,0,0,0,0,0,0,0
4817,Paul Gallacher,4195,[2004],Norwich City,0,0,0,0,0,0,0,0,0,0,0,0,0,0,0,0,0,0,0,0,0,0,0,0,0,0,0,0,0,0
4818,Steve Banks,4196,[2001],Bolton Wanderers,0,0,0,0,0,0,1,1,0,90,0,0,1,1,0,90,0,0,0,0,0,0,0,0,0,0,0,0,0,0
4819,Kamel Ghilas,4197,[2009],Hull City,6,1,5,168,1,0,7,5,2,415,0,0,13,6,7,583,1,0,3,0,3,1,0,1,0,0,0,0,0,0
4820,L√©andre Griffit,4198,"[2003, 2004]",Southampton FC,6,2,4,175,2,0,1,0,1,5,0,0,7,2,5,180,2,0,0,0,0,1,0,1,0,0,0,0,0,0
4821,Carl Ikeme,4199,[2011],Wolverhampton Wanderers,0,0,0,0,0,0,1,0,1,39,0,0,1,0,1,39,0,0,0,0,0,0,0,0,0,0,0,0,0,0
4822,Callum Williams,4200,[2015],Newcastle United,0,0,0,0,0,0,0,0,0,0,0,0,0,0,0,0,0,0,0,0,0,0,0,0,0,0,0,0,0,0
4823,Seydou Doumbia,4201,[2015],Newcastle United,0,0,0,0,0,0,3,0,3,29,0,0,3,0,3,29,0,0,0,0,0,0,0,0,0,0,0,0,0,0
4824,Daniel Barlaser,4202,[2015],Newcastle United,0,0,0,0,0,0,0,0,0,0,0,0,0,0,0,0,0,0,0,0,0,0,0,0,0,0,0,0,0,0
4825,Steve Walsh,4203,[2000],Leicester City,1,0,1,8,0,0,0,0,0,0,0,0,1,0,1,8,0,0,0,0,0,0,0,0,0,0,0,0,0,0
4826,√Årni Arason,4204,[2003],Manchester City,0,0,0,0,0,0,0,0,0,0,0,0,0,0,0,0,0,0,0,0,0,0,0,0,0,0,0,0,0,0
4827,Con Blatsis,4205,[2000],Derby County,1,1,0,90,0,0,1,1,0,85,0,0,2,2,0,175,0,0,0,0,0,0,0,0,0,0,0,0,0,0
4828,Josh Payne,4206,[2008],West Ham United,1,0,1,10,0,0,1,0,1,1,0,0,2,0,2,11,0,0,0,0,0,0,0,0,0,0,0,0,0,0
4829,Olivier Kemen,4207,[2014],Newcastle United,0,0,0,0,0,0,0,0,0,0,0,0,0,0,0,0,0,0,0,0,0,0,0,0,0,0,0,0,0,0
4830,Jon Routledge,4208,[2008],Wigan Athletic,1,0,1,1,0,0,0,0,0,0,0,0,1,0,1,1,0,0,0,0,0,0,0,0,0,0,0,0,0,0
4831,Charles Banya,4209,[2012],Fulham FC,0,0,0,0,0,0,0,0,0,0,0,0,0,0,0,0,0,0,0,0,0,0,0,0,0,0,0,0,0,0
4832,Taylor Perry,4210,[2019],Wolverhampton Wanderers,0,0,0,0,0,0,0,0,0,0,0,0,0,0,0,0,0,0,0,0,0,0,0,0,0,0,0,0,0,0
4833,Callum Roberts,4211,[2018],Newcastle United,0,0,0,0,0,0,0,0,0,0,0,0,0,0,0,0,0,0,0,0,0,0,0,0,0,0,0,0,0,0
4834,Jason Lokilo,4212,[2017],Crystal Palace,0,0,0,0,0,0,0,0,0,0,0,0,0,0,0,0,0,0,0,0,0,0,0,0,0,0,0,0,0,0
4835,Keshi Anderson,4213,"[2016, 2017]",Crystal Palace,0,0,0,0,0,0,0,0,0,0,0,0,0,0,0,0,0,0,0,0,0,0,0,0,0,0,0,0,0,0
4836,Matt Hill,4214,[2009],Wolverhampton Wanderers,0,0,0,0,0,0,2,2,0,180,0,0,2,2,0,180,0,0,0,0,0,0,0,0,0,0,0,0,0,0
4837,Walter L√≥pez,4215,[2008],West Ham United,2,0,2,4,0,0,3,0,3,16,0,0,5,0,5,20,0,0,0,0,0,0,0,0,0,0,0,0,0,0
4838,Richard Edghill,4216,[2000],Manchester City,3,3,0,230,0,0,2,2,0,180,0,0,5,5,0,410,0,0,0,0,0,0,0,0,0,0,0,0,0,0
4839,Conor McAleny,4217,"[2010, 2011, 2013, 2014, 2015]",Everton FC,1,0,1,2,0,0,1,0,1,13,0,0,2,0,2,15,0,0,0,0,0,0,0,0,0,0,0,0,0,0
4840,Conor Henderson,4218,[2010],Arsenal FC,0,0,0,0,0,0,0,0,0,0,0,0,0,0,0,0,0,0,0,0,0,0,0,0,0,0,0,0,0,0
4841,Michael Bradley,4219,[2010],Aston Villa,1,0,1,1,0,0,2,0,2,27,0,0,3,0,3,28,0,0,0,0,0,0,0,0,0,0,0,0,0,0
4842,Darren Ward,4220,[2007],Sunderland AFC,2,2,0,180,0,0,1,1,0,90,0,0,3,3,0,270,0,0,0,0,0,0,0,0,0,0,0,0,0,0
4843,Darren Ward,4220,[2004],Norwich City,0,0,0,0,0,0,1,0,1,27,0,0,1,0,1,27,0,0,0,0,0,0,0,0,0,0,0,0,0,0
4844,Remie Streete,4221,"[2012, 2014]",Newcastle United,0,0,0,0,0,0,0,0,0,0,0,0,0,0,0,0,0,0,0,0,0,0,0,0,0,0,0,0,0,0
4845,Gunnar Nielsen,4222,[2009],Manchester City,0,0,0,0,0,0,1,0,1,17,0,0,1,0,1,17,0,0,0,0,0,0,0,0,0,0,0,0,0,0
4846,Lucien Aubey,4223,[2007],Portsmouth FC,0,0,0,0,0,0,3,1,2,168,0,0,3,1,2,168,0,0,0,0,0,0,0,0,0,0,0,0,0,0
4847,Jake Eastwood,4224,[2019],Sheffield United,0,0,0,0,0,0,0,0,0,0,0,0,0,0,0,0,0,0,0,0,0,0,0,0,0,0,0,0,0,0
4848,Bernardo Rosa,4225,[2019],West Ham United,0,0,0,0,0,0,0,0,0,0,0,0,0,0,0,0,0,0,0,0,0,0,0,0,0,0,0,0,0,0
4849,Moussa Demb√©l√©,4226,[2013],Fulham FC,1,1,0,81,0,0,1,0,1,7,0,0,2,1,1,88,0,0,0,0,0,0,0,0,0,0,0,0,0,0
4850,Kyle Lafferty,4227,[2015],Norwich City,1,0,1,13,0,0,0,0,0,0,0,0,1,0,1,13,0,0,0,0,0,0,0,0,0,0,0,0,0,0
4851,Nya Kirby,4228,"[2017, 2019]",Crystal Palace,0,0,0,0,0,0,0,0,0,0,0,0,0,0,0,0,0,0,0,0,0,0,0,0,0,0,0,0,0,0
4852,Henrik Larsson,4229,[2006],Manchester United,3,1,2,131,1,0,4,4,0,328,0,0,7,5,2,459,1,0,0,0,0,0,0,0,0,0,0,0,0,0
4853,Nathan Tella,4230,[2019],Southampton FC,0,0,0,0,0,0,1,0,1,2,0,0,1,0,1,2,0,0,0,0,0,0,0,0,0,0,0,0,0,0
4854,Jordan Slew,4231,[2011],Blackburn Rovers,0,0,0,0,0,0,1,0,1,1,0,0,1,0,1,1,0,0,0,0,0,0,0,0,0,0,0,0,0,0
4855,Konstantinos Chalkias,4232,[2004],Portsmouth FC,2,2,0,180,0,0,3,3,0,270,0,0,5,5,0,450,0,0,0,0,0,0,0,0,0,0,0,0,0,0
4856,Ricardo Quaresma,4233,[2008],Chelsea FC,2,1,1,72,0,0,2,0,2,59,0,0,4,1,3,131,0,0,0,0,0,0,0,0,0,0,0,0,0,0
4857,Rhian Brewster,4234,"[2016, 2019]",Liverpool FC,0,0,0,0,0,0,0,0,0,0,0,0,0,0,0,0,0,0,0,0,0,0,0,0,0,0,0,0,0,0
4858,Gary Madine,4235,[2018],Cardiff City,3,0,3,17,0,0,2,0,2,15,0,0,5,0,5,32,0,0,0,0,0,0,0,0,0,0,0,0,0,0
4859,Lee Nicholls,4236,[2010],Wigan Athletic,0,0,0,0,0,0,0,0,0,0,0,0,0,0,0,0,0,0,0,0,0,0,0,0,0,0,0,0,0,0
4860,Mario Espartero,4237,[2001],Bolton Wanderers,0,0,0,0,0,0,3,0,3,56,0,0,3,0,3,56,0,0,0,0,0,0,0,0,0,0,0,0,0,0
4861,Kelland Watts,4238,"[2018, 2019]",Newcastle United,1,0,1,16,0,0,0,0,0,0,0,0,1,0,1,16,0,0,0,0,0,0,0,0,0,0,0,0,0,0
4862,Louis Moult,4239,[2009],Stoke City,0,0,0,0,0,0,1,0,1,5,0,0,1,0,1,5,0,0,0,0,0,0,0,0,0,0,0,0,0,0
4863,Maurice Edu,4240,[2012],Stoke City,0,0,0,0,0,0,1,0,1,10,0,0,1,0,1,10,0,0,0,0,0,0,0,0,0,0,0,0,0,0
4864,Adil Nabi,4241,"[2012, 2014]",West Bromwich Albion,0,0,0,0,0,0,0,0,0,0,0,0,0,0,0,0,0,0,0,0,0,0,0,0,0,0,0,0,0,0
4865,Enric Vall√®s,4242,[2010],Birmingham City,0,0,0,0,0,0,0,0,0,0,0,0,0,0,0,0,0,0,0,0,0,0,0,0,0,0,0,0,0,0
4866,Akwasi Asante,4243,[2010],Birmingham City,0,0,0,0,0,0,0,0,0,0,0,0,0,0,0,0,0,0,0,0,0,0,0,0,0,0,0,0,0,0
4867,Rory Donnelly,4244,"[2012, 2013]",Swansea City,0,0,0,0,0,0,0,0,0,0,0,0,0,0,0,0,0,0,0,0,0,0,0,0,0,0,0,0,0,0
4868,Sam Mantom,4245,[2011],West Bromwich Albion,0,0,0,0,0,0,0,0,0,0,0,0,0,0,0,0,0,0,0,0,0,0,0,0,0,0,0,0,0,0
4869,Matt Mills,4246,"[2005, 2006]",Manchester City,0,0,0,0,0,0,2,1,1,66,0,0,2,1,1,66,0,0,0,0,0,0,0,0,0,0,0,0,0,0
4870,Bernard Diom√®de,4247,[2000],Liverpool FC,1,1,0,72,0,0,1,0,1,36,0,0,2,1,1,108,0,0,0,0,0,0,0,0,0,0,0,0,0,0
4871,Matt Worthington,4248,[2016],AFC Bournemouth,0,0,0,0,0,0,1,0,1,16,0,0,1,0,1,16,0,0,0,0,0,0,0,0,0,0,0,0,0,0
4872,Matt Miazga,4249,[2015],Chelsea FC,0,0,0,0,0,0,2,2,0,136,0,0,2,2,0,136,0,0,0,0,0,0,0,0,0,0,0,0,0,0
4873,Jake Clarke-Salter,4250,[2015],Chelsea FC,0,0,0,0,0,0,1,0,1,16,0,0,1,0,1,16,0,0,0,0,0,0,0,0,0,0,0,0,0,0
4874,Fabio Daprel√†,4251,[2009],West Ham United,4,2,2,182,0,0,3,2,1,189,0,0,7,4,3,371,0,0,0,0,0,0,0,0,0,0,0,0,0,0
4875,Danny Hay,4252,[2000],Leeds United,2,0,2,119,0,0,2,2,0,180,0,0,4,2,2,299,0,0,0,0,0,0,0,0,0,0,0,0,0,0
4876,Jacob Burns,4253,"[2000, 2002]",Leeds United,3,3,0,270,0,0,3,2,1,154,0,0,6,5,1,424,0,0,0,0,0,0,0,0,0,0,0,0,0,0
4877,Jason McCarthy,4254,[2014],Southampton FC,0,0,0,0,0,0,1,0,1,3,0,0,1,0,1,3,0,0,0,0,0,0,0,0,0,0,0,0,0,0
4878,Emmanuel Olisadebe,4255,[2005],Portsmouth FC,1,0,1,29,0,0,1,0,1,37,0,0,2,0,2,66,0,0,0,0,0,0,0,0,0,0,0,0,0,0
4879,Alfie Jones,4256,[2018],Southampton FC,0,0,0,0,0,0,0,0,0,0,0,0,0,0,0,0,0,0,0,0,0,0,0,0,0,0,0,0,0,0
4880,Demeaco Duhaney,4257,[2018],Huddersfield Town,1,1,0,46,0,0,0,0,0,0,0,0,1,1,0,46,0,0,0,0,0,0,0,0,0,0,0,0,0,0
4881,James Coppinger,4258,[2000],Newcastle United,1,0,1,11,0,0,0,0,0,0,0,0,1,0,1,11,0,0,0,0,0,0,0,0,0,0,0,0,0,0
4882,Ishmel Demontagnac,4259,[2010],Blackpool FC,0,0,0,0,0,0,1,0,1,33,0,0,1,0,1,33,0,0,0,0,0,0,0,0,0,0,0,0,0,0
4883,Martin Hansen,4260,[2010],Liverpool FC,0,0,0,0,0,0,0,0,0,0,0,0,0,0,0,0,0,0,0,0,0,0,0,0,0,0,0,0,0,0
4884,Yƒ±ldƒ±ray Ba≈üt√ºrk,4261,[2009],Blackburn Rovers,0,0,0,0,0,0,1,1,0,46,0,0,1,1,0,46,0,0,0,0,0,0,0,0,0,0,0,0,0,0
4885,Jacopo Sala,4262,[2010],Chelsea FC,0,0,0,0,0,0,0,0,0,0,0,0,0,0,0,0,0,0,0,0,0,0,0,0,0,0,0,0,0,0
4886,Kevin Gibbens,4263,[2000],Southampton FC,1,0,1,1,0,0,2,1,1,72,0,0,3,1,2,73,0,0,0,0,0,0,0,0,0,0,0,0,0,0
4887,Simon Lappin,4264,"[2011, 2012]",Norwich City,2,2,0,136,0,0,2,2,0,156,0,0,4,4,0,292,0,0,0,0,0,0,0,0,0,0,0,0,0,0
4888,Williams Mart√≠nez,4265,[2005],West Bromwich Albion,0,0,0,0,0,0,2,1,1,135,1,0,2,1,1,135,1,0,0,0,0,0,0,0,0,0,0,0,0,0
4889,Jared Hodgkiss,4266,[2005],West Bromwich Albion,0,0,0,0,0,0,1,0,1,27,0,0,1,0,1,27,0,0,0,0,0,0,0,0,0,0,0,0,0,0
4890,Grant McCann,4267,"[2000, 2001]",West Ham United,1,0,1,7,0,0,3,0,3,66,0,0,4,0,4,73,0,0,0,0,0,0,0,0,0,0,0,0,0,0
4891,Alan Maybury,4268,[2001],Leeds United,0,0,0,0,0,0,1,0,1,15,0,0,1,0,1,15,0,0,0,0,0,0,0,0,0,0,0,0,0,0
4892,Doneil Henry,4269,[2015],West Ham United,0,0,0,0,0,0,0,0,0,0,0,0,0,0,0,0,0,0,0,0,0,0,0,0,0,0,0,0,0,0
4893,Alex Dobre,4270,[2019],AFC Bournemouth,0,0,0,0,0,0,0,0,0,0,0,0,0,0,0,0,0,0,0,0,0,0,0,0,0,0,0,0,0,0
4894,Federico Bessone,4271,[2011],Swansea City,1,0,1,4,0,0,0,0,0,0,0,0,1,0,1,4,0,0,0,0,0,0,0,0,0,0,0,0,0,0
4895,Ben Alnwick,4272,[2005],Sunderland AFC,3,3,0,270,0,0,2,2,0,180,0,0,5,5,0,450,0,0,0,0,0,0,0,0,0,0,0,0,0,0
4896,Ben Alnwick,4272,"[2009, 2010]",Tottenham Hotspur,0,0,0,0,0,0,1,1,0,90,0,0,1,1,0,90,0,0,0,0,0,0,0,0,0,0,0,0,0,0
4897,Robert Milsom,4273,[2008],Fulham FC,0,0,0,0,0,0,1,0,1,10,0,0,1,0,1,10,0,0,0,0,0,0,0,0,0,0,0,0,0,0
4898,Kostas Konstantinidis,4274,[2001],Bolton Wanderers,1,1,0,90,0,0,2,2,0,149,0,0,3,3,0,239,0,0,0,0,0,0,0,0,0,0,0,0,0,0
4899,Lennard Sowah,4275,[2009],Portsmouth FC,3,2,1,206,0,0,2,1,1,134,0,0,5,3,2,340,0,0,0,0,0,0,0,0,0,0,0,0,0,0
4900,Campabadal,4276,[2012],Wigan Athletic,1,0,1,2,0,0,0,0,0,0,0,0,1,0,1,2,0,0,0,0,0,0,0,0,0,0,0,0,0,0
4901,Conor Masterson,4277,[2017],Liverpool FC,0,0,0,0,0,0,0,0,0,0,0,0,0,0,0,0,0,0,0,0,0,0,0,0,0,0,0,0,0,0
4902,Luton Shelton,4278,[2006],Sheffield United,0,0,0,0,0,0,4,2,2,201,0,0,4,2,2,201,0,0,0,0,0,0,0,0,0,0,0,0,0,0
4903,Saphir Ta√Øder,4279,[2014],Southampton FC,0,0,0,0,0,0,0,0,0,0,0,0,0,0,0,0,0,0,0,0,0,0,0,0,0,0,0,0,0,0
4904,Sam Sodje,4280,[2006],Reading FC,0,0,0,0,0,0,3,2,1,190,0,0,3,2,1,190,0,0,0,0,0,0,0,0,0,0,0,0,0,0
4905,Cyril Chapuis,4281,[2003],Leeds United,1,0,1,44,0,0,0,0,0,0,0,0,1,0,1,44,0,0,0,0,0,0,0,0,0,0,0,0,0,0
4906,Lee Roche,4282,[2002],Manchester United,1,0,1,21,0,0,0,0,0,0,0,0,1,0,1,21,0,0,0,0,0,0,0,0,0,0,0,0,0,0
4907,Johan Cavalli,4283,[2006],Watford FC,2,1,1,73,0,0,1,1,0,75,0,0,3,2,1,148,0,0,0,0,0,0,0,0,0,0,0,0,0,0
4908,Sam Winnall,4284,[2010],Wolverhampton Wanderers,0,0,0,0,0,0,0,0,0,0,0,0,0,0,0,0,0,0,0,0,0,0,0,0,0,0,0,0,0,0
4909,Oguchi Onyewu,4285,[2006],Newcastle United,5,4,1,377,0,0,6,3,3,367,0,0,11,7,4,744,0,0,0,0,0,0,0,0,0,0,0,0,0,0
4910,Marc Guehi,4286,"[2018, 2019]",Chelsea FC,0,0,0,0,0,0,0,0,0,0,0,0,0,0,0,0,0,0,0,0,0,0,0,0,0,0,0,0,0,0
4911,Nicola Ventola,4287,[2004],Crystal Palace,2,0,2,56,1,0,1,0,1,20,0,0,3,0,3,76,1,0,0,0,0,1,0,1,0,0,0,0,0,0
4912,Artim Shakiri,4288,[2004],West Bromwich Albion,1,1,0,75,0,0,2,1,1,104,0,0,3,2,1,179,0,0,0,0,0,0,0,0,0,0,0,0,0,0
4913,Daniel Braaten,4289,[2007],Bolton Wanderers,1,0,1,15,1,0,5,0,5,129,0,0,6,0,6,144,1,0,0,0,0,0,0,0,0,0,0,0,0,0
4914,Tomas Danileviƒçius,4290,[2000],Arsenal FC,1,0,1,11,0,0,1,0,1,26,0,0,2,0,2,37,0,0,0,0,0,0,0,0,0,0,0,0,0,0
4915,Miroslav Stoch,4291,[2008],Chelsea FC,3,0,3,19,0,0,1,0,1,5,0,0,4,0,4,24,0,0,0,0,0,0,0,0,0,0,0,0,0,0
4916,Moreira,4292,[2011],Swansea City,0,0,0,0,0,0,0,0,0,0,0,0,0,0,0,0,0,0,0,0,0,0,0,0,0,0,0,0,0,0
4917,Kenji Gorr√©,4293,"[2014, 2015]",Swansea City,0,0,0,0,0,0,1,0,1,6,0,0,1,0,1,6,0,0,0,0,0,0,0,0,0,0,0,0,0,0
4918,Daniel Redmond,4294,[2012],Wigan Athletic,0,0,0,0,0,0,0,0,0,0,0,0,0,0,0,0,0,0,0,0,0,0,0,0,0,0,0,0,0,0
4919,Jamie Slabber,4295,[2002],Tottenham Hotspur,1,0,1,11,0,0,0,0,0,0,0,0,1,0,1,11,0,0,0,0,0,0,0,0,0,0,0,0,0,0
4920,Nathan Eccleston,4296,"[2009, 2010, 2011]",Liverpool FC,0,0,0,0,0,0,2,0,2,22,0,0,2,0,2,22,0,0,0,0,0,0,0,0,0,0,0,0,0,0
4921,Will Ferry,4297,[2019],Southampton FC,0,0,0,0,0,0,0,0,0,0,0,0,0,0,0,0,0,0,0,0,0,0,0,0,0,0,0,0,0,0
4922,Cameron Dummigan,4298,[2014],Burnley FC,0,0,0,0,0,0,0,0,0,0,0,0,0,0,0,0,0,0,0,0,0,0,0,0,0,0,0,0,0,0
4923,Massimo Luongo,4299,[2011],Tottenham Hotspur,0,0,0,0,0,0,0,0,0,0,0,0,0,0,0,0,0,0,0,0,0,0,0,0,0,0,0,0,0,0
4924,Cameron Lancaster,4300,[2011],Tottenham Hotspur,1,0,1,12,0,0,0,0,0,0,0,0,1,0,1,12,0,0,0,0,0,0,0,0,0,0,0,0,0,0
4925,Josh Sheehan,4301,[2014],Swansea City,0,0,0,0,0,0,0,0,0,0,0,0,0,0,0,0,0,0,0,0,0,0,0,0,0,0,0,0,0,0
4926,Jon Otsemobor,4302,[2003],Liverpool FC,2,2,0,180,0,0,2,2,0,118,0,0,4,4,0,298,0,0,0,0,0,0,0,0,0,0,0,0,0,0
4927,Tyler Roberts,4303,"[2014, 2015]",West Bromwich Albion,1,0,1,17,0,0,0,0,0,0,0,0,1,0,1,17,0,0,0,0,0,0,0,0,0,0,0,0,0,0
4928,Vegard Heggem,4304,[2000],West Ham United,1,0,1,18,0,0,0,0,0,0,0,0,1,0,1,18,0,0,0,0,0,0,0,0,0,0,0,0,0,0
4929,C√©sar Mart√≠n,4305,[2006],Bolton Wanderers,0,0,0,0,0,0,1,0,1,1,0,0,1,0,1,1,0,0,0,0,0,0,0,0,0,0,0,0,0,0
4930,Kelly Youga,4306,[2006],Charlton Athletic,0,0,0,0,0,0,1,1,0,90,0,0,1,1,0,90,0,0,0,0,0,0,0,0,0,0,0,0,0,0
4931,Peter Canero,4307,[2003],Leicester City,3,1,2,133,0,0,4,1,3,108,0,0,7,2,5,241,0,0,0,0,0,0,0,0,0,0,0,0,0,0
4932,Ben Sahar,4308,[2006],Chelsea FC,3,0,3,65,0,0,0,0,0,0,0,0,3,0,3,65,0,0,0,0,0,0,0,0,0,0,0,0,0,0
4933,Leigh Griffiths,4309,[2010],Wolverhampton Wanderers,0,0,0,0,0,0,0,0,0,0,0,0,0,0,0,0,0,0,0,0,0,0,0,0,0,0,0,0,0,0
4934,Caoimhin Kelleher,4310,[2019],Liverpool FC,0,0,0,0,0,0,0,0,0,0,0,0,0,0,0,0,0,0,0,0,0,0,0,0,0,0,0,0,0,0
4935,Alan Blayney,4311,"[2002, 2003, 2004]",Southampton FC,2,2,0,180,0,0,1,1,0,90,0,0,3,3,0,270,0,0,0,0,0,0,0,0,0,0,0,0,0,0
4936,Olufela Olomola,4312,"[2015, 2016]",Southampton FC,0,0,0,0,0,0,0,0,0,0,0,0,0,0,0,0,0,0,0,0,0,0,0,0,0,0,0,0,0,0
4937,Charlie Rowan,4313,[2016],Watford FC,0,0,0,0,0,0,0,0,0,0,0,0,0,0,0,0,0,0,0,0,0,0,0,0,0,0,0,0,0,0
4938,Carl Stewart,4314,"[2016, 2017]",Watford FC,0,0,0,0,0,0,0,0,0,0,0,0,0,0,0,0,0,0,0,0,0,0,0,0,0,0,0,0,0,0
4939,Fr√©d√©ric Nimani,4315,[2009],Burnley FC,0,0,0,0,0,0,2,0,2,44,0,0,2,0,2,44,0,0,0,0,0,0,0,0,0,0,0,0,0,0
4940,Alec Chamberlain,4316,[2006],Watford FC,1,0,1,1,0,0,0,0,0,0,0,0,1,0,1,1,0,0,0,0,0,0,0,0,0,0,0,0,0,0
4941,Theo Robinson,4317,[2006],Watford FC,1,0,1,3,0,0,0,0,0,0,0,0,1,0,1,3,0,0,0,0,0,0,0,0,0,0,0,0,0,0
4942,J√©r√©mie Boga,4318,"[2014, 2017]",Chelsea FC,1,1,0,18,0,0,0,0,0,0,0,0,1,1,0,18,0,0,0,0,0,0,0,0,0,0,0,0,0,0
4943,Collins Mbesuma,4319,[2005],Portsmouth FC,2,0,2,18,0,0,2,0,2,33,0,0,4,0,4,51,0,0,0,0,0,0,0,0,0,0,0,0,0,0
4944,Steve De Ridder,4320,[2012],Southampton FC,3,0,3,45,0,0,1,0,1,3,0,0,4,0,4,48,0,0,0,0,0,0,0,0,0,0,0,0,0,0
4945,Alexis Nicolas,4321,[2003],Chelsea FC,2,1,1,91,0,0,0,0,0,0,0,0,2,1,1,91,0,0,0,0,0,0,0,0,0,0,0,0,0,0
4946,Luke McGee,4322,[2016],Tottenham Hotspur,0,0,0,0,0,0,0,0,0,0,0,0,0,0,0,0,0,0,0,0,0,0,0,0,0,0,0,0,0,0
4947,Lee Lucas,4323,"[2011, 2013]",Swansea City,0,0,0,0,0,0,0,0,0,0,0,0,0,0,0,0,0,0,0,0,0,0,0,0,0,0,0,0,0,0
4948,Sean Goss,4324,[2015],Manchester United,0,0,0,0,0,0,0,0,0,0,0,0,0,0,0,0,0,0,0,0,0,0,0,0,0,0,0,0,0,0
4949,Luciano Figueroa,4325,[2003],Birmingham City,1,0,1,3,0,0,0,0,0,0,0,0,1,0,1,3,0,0,0,0,0,0,0,0,0,0,0,0,0,0
4950,Daniele Padelli,4326,[2006],Liverpool FC,1,1,0,90,0,0,0,0,0,0,0,0,1,1,0,90,0,0,0,0,0,0,0,0,0,0,0,0,0,0
4951,Anthony Grant,4327,[2004],Chelsea FC,0,0,0,0,0,0,1,0,1,1,0,0,1,0,1,1,0,0,0,0,0,0,0,0,0,0,0,0,0,0
4952,Max Sanders,4328,[2018],Brighton & Hove Albion,0,0,0,0,0,0,0,0,0,0,0,0,0,0,0,0,0,0,0,0,0,0,0,0,0,0,0,0,0,0
4953,Andy Morrison,4329,[2000],Manchester City,2,2,0,126,0,0,1,1,0,90,0,0,3,3,0,216,0,0,0,0,0,0,0,0,0,0,0,0,0,0
4954,Danny Allsopp,4330,[2000],West Ham United,1,0,1,15,0,0,0,0,0,0,0,0,1,0,1,15,0,0,0,0,0,0,0,0,0,0,0,0,0,0
4955,Dael Fry,4331,[2016],Middlesbrough FC,0,0,0,0,0,0,0,0,0,0,0,0,0,0,0,0,0,0,0,0,0,0,0,0,0,0,0,0,0,0
4956,Will Norris,4332,[2018],Wolverhampton Wanderers,1,0,1,1,0,0,0,0,0,0,0,0,1,0,1,1,0,0,0,0,0,0,0,0,0,0,0,0,0,0
4957,Jemal Johnson,4333,"[2004, 2005]",Blackburn Rovers,3,0,3,32,0,0,3,0,3,68,0,0,6,0,6,100,0,0,0,0,0,0,0,0,0,0,0,0,0,0
4958,Jamie McMaster,4334,[2002],Leeds United,2,0,2,10,0,0,2,0,2,39,0,0,4,0,4,49,0,0,0,0,0,0,0,0,0,0,0,0,0,0
4959,Jardel,4335,[2003],Bolton Wanderers,3,0,3,80,0,0,4,0,4,79,0,0,7,0,7,159,0,0,0,0,0,0,0,0,0,0,0,0,0,0
4960,Imants Bleidelis,4336,"[2000, 2001]",Southampton FC,2,0,2,7,0,0,0,0,0,0,0,0,2,0,2,7,0,0,0,0,0,0,0,0,0,0,0,0,0,0
4961,Erik Hagen,4337,[2007],Wigan Athletic,0,0,0,0,0,0,1,1,0,73,0,0,1,1,0,73,0,0,0,0,0,0,0,0,0,0,0,0,0,0
4962,Gwion Edwards,4338,[2011],Swansea City,0,0,0,0,0,0,0,0,0,0,0,0,0,0,0,0,0,0,0,0,0,0,0,0,0,0,0,0,0,0
4963,Jonjo Dickman,4339,[2002],Sunderland AFC,0,0,0,0,0,0,1,0,1,44,0,0,1,0,1,44,0,0,0,0,0,0,0,0,0,0,0,0,0,0
4964,Jind≈ôich Stanƒõk,4340,[2015],Everton FC,0,0,0,0,0,0,0,0,0,0,0,0,0,0,0,0,0,0,0,0,0,0,0,0,0,0,0,0,0,0
4965,Kaine Hayden,4341,[2019],Aston Villa,0,0,0,0,0,0,0,0,0,0,0,0,0,0,0,0,0,0,0,0,0,0,0,0,0,0,0,0,0,0
4966,Ulrich Le Pen,4342,[2001],Ipswich Town,1,0,1,11,0,0,0,0,0,0,0,0,1,0,1,11,0,0,0,0,0,0,0,0,0,0,0,0,0,0
4967,Josh Vickers,4343,[2015],Swansea City,0,0,0,0,0,0,0,0,0,0,0,0,0,0,0,0,0,0,0,0,0,0,0,0,0,0,0,0,0,0
4968,Bo≈°ko Balaban,4344,[2001],Aston Villa,4,0,4,76,0,0,4,0,4,54,0,0,8,0,8,130,0,0,0,0,0,0,0,0,0,0,0,0,0,0
4969,Connor Mahoney,4345,[2017],AFC Bournemouth,0,0,0,0,0,0,0,0,0,0,0,0,0,0,0,0,0,0,0,0,0,0,0,0,0,0,0,0,0,0
4970,S√©bastien Puygrenier,4346,[2008],Bolton Wanderers,4,2,2,171,1,0,3,3,0,209,0,0,7,5,2,380,1,0,0,0,0,1,0,1,0,0,0,0,0,0
4971,Lasse Vigen,4347,[2013],Fulham FC,0,0,0,0,0,0,0,0,0,0,0,0,0,0,0,0,0,0,0,0,0,0,0,0,0,0,0,0,0,0
4972,Scott Allan,4348,[2011],West Bromwich Albion,0,0,0,0,0,0,0,0,0,0,0,0,0,0,0,0,0,0,0,0,0,0,0,0,0,0,0,0,0,0
4973,Oubi√±a,4349,[2007],Birmingham City,1,0,1,5,0,0,1,1,0,13,0,0,2,1,1,18,0,0,0,0,0,0,0,0,0,0,0,0,0,0
4974,Djair Parfitt-Williams,4350,[2015],West Ham United,0,0,0,0,0,0,0,0,0,0,0,0,0,0,0,0,0,0,0,0,0,0,0,0,0,0,0,0,0,0
4975,Ahmed Fathi,4351,[2006],Sheffield United,2,1,1,108,0,0,1,1,0,90,0,0,3,2,1,198,0,0,0,0,0,0,0,0,0,0,0,0,0,0
4976,Vladimir Stojkoviƒá,4352,[2009],Wigan Athletic,2,2,0,180,0,0,2,2,0,180,0,0,4,4,0,360,0,0,0,0,0,0,0,0,0,0,0,0,0,0
4977,Matthew Kennedy,4353,[2012],Everton FC,0,0,0,0,0,0,0,0,0,0,0,0,0,0,0,0,0,0,0,0,0,0,0,0,0,0,0,0,0,0
4978,Thomas James,4354,[2013],Cardiff City,1,0,1,1,0,0,0,0,0,0,0,0,1,0,1,1,0,0,0,0,0,0,0,0,0,0,0,0,0,0
4979,John Swift,4355,[2013],Chelsea FC,0,0,0,0,0,0,1,0,1,1,0,0,1,0,1,1,0,0,0,0,0,0,0,0,0,0,0,0,0,0
4980,Scott McDonald,4356,[2001],Southampton FC,1,0,1,13,0,0,1,0,1,14,0,0,2,0,2,27,0,0,0,0,0,0,0,0,0,0,0,0,0,0
4981,Milo≈° Veljkoviƒá,4357,[2013],Tottenham Hotspur,2,0,2,29,0,0,0,0,0,0,0,0,2,0,2,29,0,0,0,0,0,0,0,0,0,0,0,0,0,0
4982,Amine Linganzi,4358,"[2009, 2010, 2011]",Blackburn Rovers,0,0,0,0,0,0,2,1,1,84,0,0,2,1,1,84,0,0,0,0,0,0,0,0,0,0,0,0,0,0
4983,Peter Clarke,4359,"[2000, 2001, 2003]",Everton FC,2,2,0,131,0,0,7,4,3,455,0,0,9,6,3,586,0,0,0,0,0,0,0,0,0,0,0,0,0,0
4984,Kieran Lee,4360,[2006],Manchester United,0,0,0,0,0,0,1,1,0,90,0,0,1,1,0,90,0,0,0,0,0,0,0,0,0,0,0,0,0,0
4985,Fangzhuo Dong,4361,[2006],Manchester United,0,0,0,0,0,0,1,1,0,72,0,0,1,1,0,72,0,0,0,0,0,0,0,0,0,0,0,0,0,0
4986,Alan Kelly,4362,"[2001, 2002]",Blackburn Rovers,1,1,0,90,0,0,2,2,0,180,0,0,3,3,0,270,0,0,0,0,0,0,0,0,0,0,0,0,0,0
4987,Jake Gray,4363,"[2014, 2015]",Crystal Palace,0,0,0,0,0,0,0,0,0,0,0,0,0,0,0,0,0,0,0,0,0,0,0,0,0,0,0,0,0,0
4988,Ellis Simms,4364,[2019],Everton FC,0,0,0,0,0,0,0,0,0,0,0,0,0,0,0,0,0,0,0,0,0,0,0,0,0,0,0,0,0,0
4989,Emiliano Viviano,4365,[2013],Arsenal FC,0,0,0,0,0,0,0,0,0,0,0,0,0,0,0,0,0,0,0,0,0,0,0,0,0,0,0,0,0,0
4990,Tony Andreu,4366,[2015],Norwich City,0,0,0,0,0,0,0,0,0,0,0,0,0,0,0,0,0,0,0,0,0,0,0,0,0,0,0,0,0,0
4991,Liam Fontaine,4367,[2004],Fulham FC,0,0,0,0,0,0,1,0,1,1,0,0,1,0,1,1,0,0,0,0,0,0,0,0,0,0,0,0,0,0
4992,Jacob Butterfield,4368,"[2012, 2013]",Norwich City,0,0,0,0,0,0,0,0,0,0,0,0,0,0,0,0,0,0,0,0,0,0,0,0,0,0,0,0,0,0
4993,Kevin Betsy,4369,[2001],Fulham FC,0,0,0,0,0,0,1,0,1,6,0,0,1,0,1,6,0,0,0,0,0,0,0,0,0,0,0,0,0,0
4994,Mikkel Bischoff,4370,[2002],Manchester City,1,1,0,61,0,0,0,0,0,0,0,0,1,1,0,61,0,0,0,0,0,0,0,0,0,0,0,0,0,0
4995,Chris Shuker,4371,[2002],Manchester City,2,1,1,81,0,0,1,0,1,27,0,0,3,1,2,108,0,0,0,0,0,0,0,0,0,0,0,0,0,0
4996,Joe Tupper,4372,[2018],Crystal Palace,0,0,0,0,0,0,0,0,0,0,0,0,0,0,0,0,0,0,0,0,0,0,0,0,0,0,0,0,0,0
4997,Dujon Sterling,4373,[2017],Chelsea FC,0,0,0,0,0,0,0,0,0,0,0,0,0,0,0,0,0,0,0,0,0,0,0,0,0,0,0,0,0,0
4998,Joe Murphy,4374,[2002],West Bromwich Albion,0,0,0,0,0,0,2,1,1,145,0,0,2,1,1,145,0,0,0,0,0,0,0,0,0,0,0,0,0,0
4999,Adam Morgan,4375,[2012],Liverpool FC,0,0,0,0,0,0,0,0,0,0,0,0,0,0,0,0,0,0,0,0,0,0,0,0,0,0,0,0,0,0
5000,Patrice Luzi,4376,[2003],Liverpool FC,0,0,0,0,0,0,1,0,1,13,0,0,1,0,1,13,0,0,0,0,0,0,0,0,0,0,0,0,0,0
5001,Francisco Santos,4377,[2012],Everton FC,0,0,0,0,0,0,0,0,0,0,0,0,0,0,0,0,0,0,0,0,0,0,0,0,0,0,0,0,0,0
5002,Adam Legzdins,4378,[2017],Burnley FC,0,0,0,0,0,0,0,0,0,0,0,0,0,0,0,0,0,0,0,0,0,0,0,0,0,0,0,0,0,0
5003,Andy Barrowman,4379,[2003],Birmingham City,1,0,1,3,0,0,0,0,0,0,0,0,1,0,1,3,0,0,0,0,0,0,0,0,0,0,0,0,0,0
5004,Joseph Anang,4380,[2019],West Ham United,0,0,0,0,0,0,0,0,0,0,0,0,0,0,0,0,0,0,0,0,0,0,0,0,0,0,0,0,0,0
5005,Gary Twigg,4381,[2001],Derby County,0,0,0,0,0,0,1,0,1,24,0,0,1,0,1,24,0,0,0,0,0,0,0,0,0,0,0,0,0,0
5006,Marvin Robinson,4382,[2001],Derby County,1,0,1,14,0,0,1,0,1,32,1,0,2,0,2,46,1,0,0,1,1,0,1,1,0,0,0,0,0,0
5007,Owen Otasowie,4383,[2019],Wolverhampton Wanderers,0,0,0,0,0,0,0,0,0,0,0,0,0,0,0,0,0,0,0,0,0,0,0,0,0,0,0,0,0,0
5008,Raheem Hanley,4384,[2014],Swansea City,0,0,0,0,0,0,0,0,0,0,0,0,0,0,0,0,0,0,0,0,0,0,0,0,0,0,0,0,0,0
5009,Kerrea Gilbert,4385,[2005],Arsenal FC,1,1,0,27,0,0,1,1,0,73,0,0,2,2,0,100,0,0,0,0,0,0,0,0,0,0,0,0,0,0
5010,Will Atkinson,4386,[2009],Hull City,1,1,0,90,0,0,1,1,0,90,1,0,2,2,0,180,1,0,0,0,0,0,1,1,0,0,0,0,0,0
5011,Johnny Gorman,4387,[2011],Wolverhampton Wanderers,0,0,0,0,0,0,1,0,1,1,0,0,1,0,1,1,0,0,0,0,0,0,0,0,0,0,0,0,0,0
5012,Jack Price,4388,[2011],Wolverhampton Wanderers,0,0,0,0,0,0,0,0,0,0,0,0,0,0,0,0,0,0,0,0,0,0,0,0,0,0,0,0,0,0
5013,J√°n Koz√°k,4389,[2005],West Bromwich Albion,4,2,2,195,0,0,2,2,0,153,0,0,6,4,2,348,0,0,0,0,0,0,0,0,0,0,0,0,0,0
5014,Tony Caig,4390,[2000],Charlton Athletic,1,0,1,45,0,0,0,0,0,0,0,0,1,0,1,45,0,0,0,0,0,0,0,0,0,0,0,0,0,0
5015,Cody Cropper,4391,[2013],Southampton FC,0,0,0,0,0,0,0,0,0,0,0,0,0,0,0,0,0,0,0,0,0,0,0,0,0,0,0,0,0,0
5016,Marco Amelia,4392,[2015],Chelsea FC,0,0,0,0,0,0,0,0,0,0,0,0,0,0,0,0,0,0,0,0,0,0,0,0,0,0,0,0,0,0
5017,Josh Knight,4393,[2018],Leicester City,0,0,0,0,0,0,0,0,0,0,0,0,0,0,0,0,0,0,0,0,0,0,0,0,0,0,0,0,0,0
5018,Mitchell Beeney,4394,[2014],Chelsea FC,0,0,0,0,0,0,0,0,0,0,0,0,0,0,0,0,0,0,0,0,0,0,0,0,0,0,0,0,0,0
5019,Amaury Bischoff,4395,[2008],Arsenal FC,0,0,0,0,0,0,1,0,1,26,0,0,1,0,1,26,0,0,0,0,0,0,0,0,0,0,0,0,0,0
5020,Rees Greenwood,4396,[2015],Sunderland AFC,0,0,0,0,0,0,1,1,0,52,0,0,1,1,0,52,0,0,0,0,0,0,0,0,0,0,0,0,0,0
5021,Rayhaan Tulloch,4397,[2017],West Bromwich Albion,0,0,0,0,0,0,0,0,0,0,0,0,0,0,0,0,0,0,0,0,0,0,0,0,0,0,0,0,0,0
5022,Patrick Foletti,4398,[2001],Derby County,1,1,0,90,0,0,1,0,1,58,0,0,2,1,1,148,0,0,0,0,0,0,0,0,0,0,0,0,0,0
5023,Pablo Mar√≠,4399,[2019],Arsenal FC,1,1,0,90,0,0,1,1,0,24,0,0,2,2,0,114,0,0,0,0,0,0,0,0,0,0,0,0,0,0
5024,Adam Blakeman,4400,[2011],Bolton Wanderers,0,0,0,0,0,0,0,0,0,0,0,0,0,0,0,0,0,0,0,0,0,0,0,0,0,0,0,0,0,0
5025,Cole Kpekawa,4401,[2014],Queens Park Rangers,0,0,0,0,0,0,1,0,1,5,0,0,1,0,1,5,0,0,0,0,0,0,0,0,0,0,0,0,0,0
5026,Michael Petrasso,4402,[2014],Queens Park Rangers,0,0,0,0,0,0,0,0,0,0,0,0,0,0,0,0,0,0,0,0,0,0,0,0,0,0,0,0,0,0
5027,Gavin Kilkenny,4403,[2019],AFC Bournemouth,0,0,0,0,0,0,0,0,0,0,0,0,0,0,0,0,0,0,0,0,0,0,0,0,0,0,0,0,0,0
5028,Mart√≠n Herrera,4404,[2002],Fulham FC,1,1,0,90,0,0,1,0,1,51,0,0,2,1,1,141,0,0,0,0,0,0,0,0,0,0,0,0,0,0
5029,Des Lyttle,4405,[2002],West Bromwich Albion,2,1,1,107,0,0,2,1,1,95,0,0,4,2,2,202,0,0,0,0,0,0,0,0,0,0,0,0,0,0
5030,Gabriele Angella,4406,[2015],Watford FC,0,0,0,0,0,0,0,0,0,0,0,0,0,0,0,0,0,0,0,0,0,0,0,0,0,0,0,0,0,0
5031,Daniel Pudil,4407,[2015],Watford FC,0,0,0,0,0,0,0,0,0,0,0,0,0,0,0,0,0,0,0,0,0,0,0,0,0,0,0,0,0,0
5032,Jos√© Dominguez,4408,[2000],Tottenham Hotspur,1,0,1,19,0,0,1,0,1,6,0,0,2,0,2,25,0,0,0,0,0,0,0,0,0,0,0,0,0,0
5033,James Keene,4409,[2004],Portsmouth FC,1,0,1,30,0,0,1,1,0,81,0,0,2,1,1,111,0,0,0,0,0,0,0,0,0,0,0,0,0,0
5034,Adam Reach,4410,[2016],Middlesbrough FC,0,0,0,0,0,0,0,0,0,0,0,0,0,0,0,0,0,0,0,0,0,0,0,0,0,0,0,0,0,0
5035,Lewis Bate,4411,[2019],Chelsea FC,0,0,0,0,0,0,0,0,0,0,0,0,0,0,0,0,0,0,0,0,0,0,0,0,0,0,0,0,0,0
5036,Lee Martin,4412,[2008],Manchester United,0,0,0,0,0,0,1,1,0,90,0,0,1,1,0,90,0,0,0,0,0,0,0,0,0,0,0,0,0,0
5037,Rodrigo Possebon,4413,[2008],Manchester United,1,0,1,27,0,0,2,0,2,25,0,0,3,0,3,52,0,0,0,0,0,0,0,0,0,0,0,0,0,0
5038,Jacob Mellis,4414,[2010],Chelsea FC,0,0,0,0,0,0,0,0,0,0,0,0,0,0,0,0,0,0,0,0,0,0,0,0,0,0,0,0,0,0
5039,Leonardo Campana,4415,[2019],Wolverhampton Wanderers,0,0,0,0,0,0,0,0,0,0,0,0,0,0,0,0,0,0,0,0,0,0,0,0,0,0,0,0,0,0
5040,Frank Fielding,4416,[2010],Blackburn Rovers,0,0,0,0,0,0,0,0,0,0,0,0,0,0,0,0,0,0,0,0,0,0,0,0,0,0,0,0,0,0
5041,Dominic Gape,4417,[2014],Southampton FC,1,0,1,2,0,0,0,0,0,0,0,0,1,0,1,2,0,0,0,0,0,0,0,0,0,0,0,0,0,0
5042,Freddie Ladapo,4418,"[2016, 2017]",Crystal Palace,0,0,0,0,0,0,1,0,1,16,0,0,1,0,1,16,0,0,0,0,0,0,0,0,0,0,0,0,0,0
5043,Jordan Laidler,4419,[2012],Sunderland AFC,0,0,0,0,0,0,0,0,0,0,0,0,0,0,0,0,0,0,0,0,0,0,0,0,0,0,0,0,0,0
5044,Jonathan Henly,4420,[2012],Reading FC,0,0,0,0,0,0,0,0,0,0,0,0,0,0,0,0,0,0,0,0,0,0,0,0,0,0,0,0,0,0
5045,Lloyd Jones,4421,[2013],Liverpool FC,0,0,0,0,0,0,0,0,0,0,0,0,0,0,0,0,0,0,0,0,0,0,0,0,0,0,0,0,0,0
5046,Karim Bagheri,4422,[2000],Charlton Athletic,0,0,0,0,0,0,1,0,1,18,0,0,1,0,1,18,0,0,0,0,0,0,0,0,0,0,0,0,0,0
5047,Rony Lopes,4423,"[2012, 2013]",Manchester City,0,0,0,0,0,0,0,0,0,0,0,0,0,0,0,0,0,0,0,0,0,0,0,0,0,0,0,0,0,0
5048,Lamine Diatta,4424,[2007],Newcastle United,1,0,1,8,0,0,1,0,1,1,0,0,2,0,2,9,0,0,0,0,0,0,0,0,0,0,0,0,0,0
5049,Simon Church,4425,[2012],Reading FC,0,0,0,0,0,0,0,0,0,0,0,0,0,0,0,0,0,0,0,0,0,0,0,0,0,0,0,0,0,0
5050,Jamie Ness,4426,"[2012, 2013]",Stoke City,0,0,0,0,0,0,0,0,0,0,0,0,0,0,0,0,0,0,0,0,0,0,0,0,0,0,0,0,0,0
5051,Stefan Wessels,4427,[2007],Everton FC,1,1,0,90,0,0,1,1,0,90,0,0,2,2,0,180,0,0,0,0,0,0,0,0,0,0,0,0,0,0
5052,Diego Gavil√°n,4428,[2000],Newcastle United,1,0,1,5,0,0,0,0,0,0,0,0,1,0,1,5,0,0,0,0,0,0,0,0,0,0,0,0,0,0
5053,Tom Thorpe,4429,[2014],Manchester United,1,0,1,1,0,0,0,0,0,0,0,0,1,0,1,1,0,0,0,0,0,0,0,0,0,0,0,0,0,0
5054,Kevin Ellison,4430,[2000],Leicester City,0,0,0,0,0,0,1,0,1,6,0,0,1,0,1,6,0,0,0,0,0,0,0,0,0,0,0,0,0,0
5055,Martin Brittain,4431,[2003],Newcastle United,0,0,0,0,0,0,1,0,1,16,0,0,1,0,1,16,0,0,0,0,0,0,0,0,0,0,0,0,0,0
5056,Luke Thomas,4432,[2019],Leicester City,2,2,0,178,0,0,1,1,0,90,0,0,3,3,0,268,0,0,0,0,0,0,0,0,0,0,0,0,0,0
5057,George Hirst,4433,[2019],Leicester City,1,0,1,2,0,0,1,0,1,7,0,0,2,0,2,9,0,0,0,0,0,0,0,0,0,0,0,0,0,0
5058,Piotr ≈öwierczewski,4434,[2002],Birmingham City,1,0,1,38,0,0,0,0,0,0,0,0,1,0,1,38,0,0,0,0,0,0,0,0,0,0,0,0,0,0
5059,Ethan Ebanks-Landell,4435,[2010],Wolverhampton Wanderers,0,0,0,0,0,0,0,0,0,0,0,0,0,0,0,0,0,0,0,0,0,0,0,0,0,0,0,0,0,0
5060,Nathan Rooney,4436,[2010],Wolverhampton Wanderers,0,0,0,0,0,0,0,0,0,0,0,0,0,0,0,0,0,0,0,0,0,0,0,0,0,0,0,0,0,0
5061,Bright Enobakhare,4437,[2018],Wolverhampton Wanderers,0,0,0,0,0,0,0,0,0,0,0,0,0,0,0,0,0,0,0,0,0,0,0,0,0,0,0,0,0,0
5062,Facundo Ferreyra,4438,[2014],Newcastle United,0,0,0,0,0,0,0,0,0,0,0,0,0,0,0,0,0,0,0,0,0,0,0,0,0,0,0,0,0,0
5063,Brandon Barker,4439,[2015],Manchester City,0,0,0,0,0,0,0,0,0,0,0,0,0,0,0,0,0,0,0,0,0,0,0,0,0,0,0,0,0,0
5064,Christian Negouai,4440,[2004],Manchester City,0,0,0,0,0,0,1,0,1,10,0,0,1,0,1,10,0,0,0,0,0,0,0,0,0,0,0,0,0,0
5065,Albert Jarrett,4441,[2006],Watford FC,0,0,0,0,0,0,1,0,1,19,0,0,1,0,1,19,0,0,0,0,0,0,0,0,0,0,0,0,0,0
5066,Adam Matthews,4442,[2015],Sunderland AFC,0,0,0,0,0,0,1,0,1,36,0,0,1,0,1,36,0,0,0,0,0,0,0,0,0,0,0,0,0,0
5067,Janoi Donacien,4443,[2013],Aston Villa,0,0,0,0,0,0,0,0,0,0,0,0,0,0,0,0,0,0,0,0,0,0,0,0,0,0,0,0,0,0
5068,Fernando Forestieri,4444,[2015],Watford FC,0,0,0,0,0,0,0,0,0,0,0,0,0,0,0,0,0,0,0,0,0,0,0,0,0,0,0,0,0,0
5069,Danny Livesey,4445,[2002],Bolton Wanderers,1,0,1,60,0,0,1,0,1,15,0,0,2,0,2,75,0,0,0,0,0,0,0,0,0,0,0,0,0,0
5070,Ragnvald Soma,4446,"[2000, 2001]",West Ham United,1,1,0,90,0,0,6,2,4,225,0,0,7,3,4,315,0,0,0,0,0,0,0,0,0,0,0,0,0,0
5071,Pegguy Arphexad,4447,[2001],Liverpool FC,1,1,0,90,0,0,1,0,1,35,0,0,2,1,1,125,0,0,0,0,0,0,0,0,0,0,0,0,0,0
5072,Joe Mason,4448,[2013],Cardiff City,0,0,0,0,0,0,0,0,0,0,0,0,0,0,0,0,0,0,0,0,0,0,0,0,0,0,0,0,0,0
5073,Phil Ifil,4449,"[2004, 2006]",Tottenham Hotspur,1,1,0,90,0,0,2,2,0,180,0,0,3,3,0,270,0,0,0,0,0,0,0,0,0,0,0,0,0,0
5074,Daniele Daino,4450,[2001],Derby County,1,1,0,90,0,0,1,1,0,77,0,0,2,2,0,167,0,0,0,0,0,0,0,0,0,0,0,0,0,0
5075,Adam Reed,4451,[2010],Sunderland AFC,0,0,0,0,0,0,0,0,0,0,0,0,0,0,0,0,0,0,0,0,0,0,0,0,0,0,0,0,0,0
5076,Tommy Wright,4452,[2001],Leicester City,1,0,1,4,0,0,0,0,0,0,0,0,1,0,1,4,0,0,0,0,0,0,0,0,0,0,0,0,0,0
5077,Christian Saydee,4453,[2019],AFC Bournemouth,0,0,0,0,0,0,0,0,0,0,0,0,0,0,0,0,0,0,0,0,0,0,0,0,0,0,0,0,0,0
5078,Charlie Colkett,4454,[2015],Chelsea FC,0,0,0,0,0,0,0,0,0,0,0,0,0,0,0,0,0,0,0,0,0,0,0,0,0,0,0,0,0,0
5079,Ferdinand Coly,4455,[2002],Birmingham City,1,1,0,68,0,0,0,0,0,0,0,0,1,1,0,68,0,0,0,0,0,0,0,0,0,0,0,0,0,0
5080,Lovre Kaliniƒá,4456,[2019],Aston Villa,0,0,0,0,0,0,0,0,0,0,0,0,0,0,0,0,0,0,0,0,0,0,0,0,0,0,0,0,0,0
5081,Niall Mason,4457,[2015],Aston Villa,0,0,0,0,0,0,0,0,0,0,0,0,0,0,0,0,0,0,0,0,0,0,0,0,0,0,0,0,0,0
5082,Jonathan Franks,4458,[2008],Middlesbrough FC,0,0,0,0,0,0,1,0,1,10,0,0,1,0,1,10,0,0,0,0,0,0,0,0,0,0,0,0,0,0
5083,Stephen Darby,4459,[2009],Liverpool FC,1,0,1,1,0,0,0,0,0,0,0,0,1,0,1,1,0,0,0,0,0,0,0,0,0,0,0,0,0,0
5084,Toni Mart√≠nez,4460,[2017],West Ham United,0,0,0,0,0,0,0,0,0,0,0,0,0,0,0,0,0,0,0,0,0,0,0,0,0,0,0,0,0,0
5085,Ricardo,4461,[2002],Manchester United,1,0,1,45,0,0,0,0,0,0,0,0,1,0,1,45,0,0,0,0,0,0,0,0,0,0,0,0,0,0
5086,Darnell Johnson,4462,[2019],Leicester City,0,0,0,0,0,0,0,0,0,0,0,0,0,0,0,0,0,0,0,0,0,0,0,0,0,0,0,0,0,0
5087,Jamar Loza,4463,[2013],Norwich City,1,0,1,32,0,0,0,0,0,0,0,0,1,0,1,32,0,0,0,0,0,0,0,0,0,0,0,0,0,0
5088,Ryan Fulton,4464,[2015],Liverpool FC,0,0,0,0,0,0,0,0,0,0,0,0,0,0,0,0,0,0,0,0,0,0,0,0,0,0,0,0,0,0
5089,Thibaud Verlinden,4465,[2016],Stoke City,0,0,0,0,0,0,0,0,0,0,0,0,0,0,0,0,0,0,0,0,0,0,0,0,0,0,0,0,0,0
5090,Cristian Ceballos,4466,"[2012, 2014]",Tottenham Hotspur,0,0,0,0,0,0,0,0,0,0,0,0,0,0,0,0,0,0,0,0,0,0,0,0,0,0,0,0,0,0
5091,Theofanis Gekas,4467,[2008],Portsmouth FC,1,0,1,1,0,0,0,0,0,0,0,0,1,0,1,1,0,0,0,0,0,0,0,0,0,0,0,0,0,0
5092,J√∏rgen Nielsen,4468,[2000],Liverpool FC,0,0,0,0,0,0,0,0,0,0,0,0,0,0,0,0,0,0,0,0,0,0,0,0,0,0,0,0,0,0
5093,John Johnson,4469,[2008],Middlesbrough FC,1,0,1,36,0,0,0,0,0,0,0,0,1,0,1,36,0,0,0,0,0,0,0,0,0,0,0,0,0,0
5094,Luke Cundle,4470,[2019],Wolverhampton Wanderers,0,0,0,0,0,0,0,0,0,0,0,0,0,0,0,0,0,0,0,0,0,0,0,0,0,0,0,0,0,0
5095,√Ångelo Balanta,4471,[2011],Queens Park Rangers,0,0,0,0,0,0,0,0,0,0,0,0,0,0,0,0,0,0,0,0,0,0,0,0,0,0,0,0,0,0
5096,Micka√´l Tavares,4472,[2012],Fulham FC,0,0,0,0,0,0,0,0,0,0,0,0,0,0,0,0,0,0,0,0,0,0,0,0,0,0,0,0,0,0
5097,Jaros≈Çaw Fojut,4473,[2005],Bolton Wanderers,0,0,0,0,0,0,1,0,1,4,0,0,1,0,1,4,0,0,0,0,0,0,0,0,0,0,0,0,0,0
5098,Aristote Nsiala,4474,[2010],Everton FC,0,0,0,0,0,0,0,0,0,0,0,0,0,0,0,0,0,0,0,0,0,0,0,0,0,0,0,0,0,0
5099,Tyreece John-Jules,4475,[2019],Arsenal FC,0,0,0,0,0,0,0,0,0,0,0,0,0,0,0,0,0,0,0,0,0,0,0,0,0,0,0,0,0,0
5100,Alexandre Jankewitz,4476,[2019],Southampton FC,0,0,0,0,0,0,0,0,0,0,0,0,0,0,0,0,0,0,0,0,0,0,0,0,0,0,0,0,0,0
5101,Dylan Tombides,4477,[2010],West Ham United,0,0,0,0,0,0,0,0,0,0,0,0,0,0,0,0,0,0,0,0,0,0,0,0,0,0,0,0,0,0
5102,Scott Golbourne,4478,[2007],Reading FC,0,0,0,0,0,0,1,1,0,62,0,0,1,1,0,62,0,0,0,0,0,0,0,0,0,0,0,0,0,0
5103,John Halls,4479,[2007],Reading FC,0,0,0,0,0,0,1,0,1,7,0,0,1,0,1,7,0,0,0,0,0,0,0,0,0,0,0,0,0,0
5104,Chris Kettings,4480,[2010],Blackpool FC,0,0,0,0,0,0,0,0,0,0,0,0,0,0,0,0,0,0,0,0,0,0,0,0,0,0,0,0,0,0
5105,Ryan Schofield,4481,[2018],Huddersfield Town,0,0,0,0,0,0,0,0,0,0,0,0,0,0,0,0,0,0,0,0,0,0,0,0,0,0,0,0,0,0
5106,Moses Makasi,4482,"[2016, 2017]",West Ham United,0,0,0,0,0,0,0,0,0,0,0,0,0,0,0,0,0,0,0,0,0,0,0,0,0,0,0,0,0,0
5107,Josh Robson,4483,[2016],Sunderland AFC,0,0,0,0,0,0,0,0,0,0,0,0,0,0,0,0,0,0,0,0,0,0,0,0,0,0,0,0,0,0
5108,Jacob Maddox,4484,[2019],Southampton FC,0,0,0,0,0,0,0,0,0,0,0,0,0,0,0,0,0,0,0,0,0,0,0,0,0,0,0,0,0,0
5109,Michael Ledger,4485,[2016],Sunderland AFC,0,0,0,0,0,0,0,0,0,0,0,0,0,0,0,0,0,0,0,0,0,0,0,0,0,0,0,0,0,0
5110,Josh Pask,4486,[2017],West Ham United,0,0,0,0,0,0,0,0,0,0,0,0,0,0,0,0,0,0,0,0,0,0,0,0,0,0,0,0,0,0
5111,Charlie Ward,4487,[2013],Stoke City,0,0,0,0,0,0,0,0,0,0,0,0,0,0,0,0,0,0,0,0,0,0,0,0,0,0,0,0,0,0
5112,Adam King,4488,[2013],Swansea City,0,0,0,0,0,0,0,0,0,0,0,0,0,0,0,0,0,0,0,0,0,0,0,0,0,0,0,0,0,0
5113,Rory Watson,4489,[2014],Hull City,0,0,0,0,0,0,0,0,0,0,0,0,0,0,0,0,0,0,0,0,0,0,0,0,0,0,0,0,0,0
5114,Callum Willock,4490,"[2001, 2002]",Fulham FC,1,0,1,38,0,0,2,0,2,21,0,0,3,0,3,59,0,0,0,0,0,0,0,0,0,0,0,0,0,0
5115,Filip Benkoviƒá,4491,[2019],Leicester City,0,0,0,0,0,0,0,0,0,0,0,0,0,0,0,0,0,0,0,0,0,0,0,0,0,0,0,0,0,0
5116,Joe Keenan,4492,"[2001, 2002]",Chelsea FC,1,0,1,1,0,0,1,0,1,14,0,0,2,0,2,15,0,0,0,0,0,0,0,0,0,0,0,0,0,0
5117,Gio McGregor,4493,[2019],Crystal Palace,0,0,0,0,0,0,0,0,0,0,0,0,0,0,0,0,0,0,0,0,0,0,0,0,0,0,0,0,0,0
5118,Lee Barnard,4494,[2005],Tottenham Hotspur,2,0,2,56,0,0,1,0,1,12,0,0,3,0,3,68,0,0,0,0,0,0,0,0,0,0,0,0,0,0
5119,De Pedro,4495,[2004],Blackburn Rovers,1,1,0,46,0,0,1,0,1,13,0,0,2,1,1,59,0,0,0,0,0,0,0,0,0,0,0,0,0,0
5120,Dominic Ball,4496,[2014],Tottenham Hotspur,0,0,0,0,0,0,0,0,0,0,0,0,0,0,0,0,0,0,0,0,0,0,0,0,0,0,0,0,0,0
5121,Rob Lainton,4497,"[2010, 2011]",Bolton Wanderers,0,0,0,0,0,0,0,0,0,0,0,0,0,0,0,0,0,0,0,0,0,0,0,0,0,0,0,0,0,0
5122,Danny Hoesen,4498,[2010],Fulham FC,0,0,0,0,0,0,0,0,0,0,0,0,0,0,0,0,0,0,0,0,0,0,0,0,0,0,0,0,0,0
5123,Kieran Agard,4499,[2009],Everton FC,0,0,0,0,0,0,1,0,1,1,0,0,1,0,1,1,0,0,0,0,0,0,0,0,0,0,0,0,0,0
5124,Aaron Mitchell,4500,[2014],Queens Park Rangers,0,0,0,0,0,0,0,0,0,0,0,0,0,0,0,0,0,0,0,0,0,0,0,0,0,0,0,0,0,0
5125,Tom Beadling,4501,[2015],Sunderland AFC,0,0,0,0,0,0,0,0,0,0,0,0,0,0,0,0,0,0,0,0,0,0,0,0,0,0,0,0,0,0
5126,Dominic Samuel,4502,[2012],Reading FC,0,0,0,0,0,0,1,0,1,18,0,0,1,0,1,18,0,0,0,0,0,0,0,0,0,0,0,0,0,0
5127,Jordan Obita,4503,[2012],Reading FC,0,0,0,0,0,0,0,0,0,0,0,0,0,0,0,0,0,0,0,0,0,0,0,0,0,0,0,0,0,0
5128,Florent Cuvelier,4504,[2012],Stoke City,0,0,0,0,0,0,0,0,0,0,0,0,0,0,0,0,0,0,0,0,0,0,0,0,0,0,0,0,0,0
5129,Andy Marriott,4505,[2002],Birmingham City,0,0,0,0,0,0,1,1,0,90,0,0,1,1,0,90,0,0,0,0,0,0,0,0,0,0,0,0,0,0
5130,Csaba Somogyi,4506,[2012],Fulham FC,0,0,0,0,0,0,0,0,0,0,0,0,0,0,0,0,0,0,0,0,0,0,0,0,0,0,0,0,0,0
5131,George Dobson,4507,[2015],West Ham United,0,0,0,0,0,0,0,0,0,0,0,0,0,0,0,0,0,0,0,0,0,0,0,0,0,0,0,0,0,0
5132,Nathan Ashton,4508,[2007],Fulham FC,1,1,0,90,0,0,0,0,0,0,0,0,1,1,0,90,0,0,0,0,0,0,0,0,0,0,0,0,0,0
5133,Luca de la Torre,4509,[2018],Fulham FC,0,0,0,0,0,0,0,0,0,0,0,0,0,0,0,0,0,0,0,0,0,0,0,0,0,0,0,0,0,0
5134,Lewis Cass,4510,[2018],Newcastle United,0,0,0,0,0,0,0,0,0,0,0,0,0,0,0,0,0,0,0,0,0,0,0,0,0,0,0,0,0,0
5135,James Husband,4511,[2016],Middlesbrough FC,0,0,0,0,0,0,1,1,0,59,0,0,1,1,0,59,0,0,0,0,0,0,0,0,0,0,0,0,0,0
5136,Matthias Fanimo,4512,[2012],West Ham United,0,0,0,0,0,0,0,0,0,0,0,0,0,0,0,0,0,0,0,0,0,0,0,0,0,0,0,0,0,0
5137,Gilles De Bilde,4513,[2000],Aston Villa,1,1,0,67,0,0,3,3,0,236,0,0,4,4,0,303,0,0,0,0,0,0,0,0,0,0,0,0,0,0
5138,John-Kymani Gordon,4514,[2019],Crystal Palace,0,0,0,0,0,0,0,0,0,0,0,0,0,0,0,0,0,0,0,0,0,0,0,0,0,0,0,0,0,0
5139,Graham Stack,4515,[2003],Arsenal FC,0,0,0,0,0,0,0,0,0,0,0,0,0,0,0,0,0,0,0,0,0,0,0,0,0,0,0,0,0,0
5140,Lo√Øc Damour,4516,[2018],Cardiff City,1,0,1,4,0,0,1,0,1,17,0,0,2,0,2,21,0,0,0,0,0,0,0,0,0,0,0,0,0,0
5141,Kevin Cooper,4517,[2003],Wolverhampton Wanderers,1,0,1,44,0,0,0,0,0,0,0,0,1,0,1,44,0,0,0,0,0,0,0,0,0,0,0,0,0,0
5142,Mineiro,4518,[2008],Chelsea FC,1,0,1,15,0,0,0,0,0,0,0,0,1,0,1,15,0,0,0,0,0,0,0,0,0,0,0,0,0,0
5143,Dennis Cirkin,4519,[2019],Tottenham Hotspur,0,0,0,0,0,0,0,0,0,0,0,0,0,0,0,0,0,0,0,0,0,0,0,0,0,0,0,0,0,0
5144,Tommy Williamson,4520,[2001],Leicester City,1,0,1,1,0,0,0,0,0,0,0,0,1,0,1,1,0,0,0,0,0,0,0,0,0,0,0,0,0,0
5145,Mo Camara,4521,[2007],Derby County,0,0,0,0,0,0,1,1,0,63,0,0,1,1,0,63,0,0,0,0,0,0,0,0,0,0,0,0,0,0
5146,Bob Malcolm,4522,[2007],Derby County,0,0,0,0,0,0,1,1,0,59,0,0,1,1,0,59,0,0,0,0,0,0,0,0,0,0,0,0,0,0
5147,Bojan Djordjic,4523,[2000],Manchester United,0,0,0,0,0,0,1,0,1,13,0,0,1,0,1,13,0,0,0,0,0,0,0,0,0,0,0,0,0,0
5148,Sam Williamson,4524,[2007],Manchester City,1,0,1,36,0,0,0,0,0,0,0,0,1,0,1,36,0,0,0,0,0,0,0,0,0,0,0,0,0,0
5149,Gl√°uber,4525,[2008],Manchester City,1,0,1,6,0,0,0,0,0,0,0,0,1,0,1,6,0,0,0,0,0,0,0,0,0,0,0,0,0,0
5150,Alan Miller,4526,[2000],Coventry City,0,0,0,0,0,0,1,0,1,67,0,0,1,0,1,67,0,0,0,0,0,0,0,0,0,0,0,0,0,0
5151,P√©ter Kurucz,4527,[2009],West Ham United,1,0,1,16,0,0,0,0,0,0,0,0,1,0,1,16,0,0,0,0,0,0,0,0,0,0,0,0,0,0
5152,Miles Addison,4528,[2007],Derby County,0,0,0,0,0,0,1,1,0,90,0,0,1,1,0,90,0,0,0,0,0,0,0,0,0,0,0,0,0,0
5153,James Horsfield,4529,[2015],Manchester City,0,0,0,0,0,0,0,0,0,0,0,0,0,0,0,0,0,0,0,0,0,0,0,0,0,0,0,0,0,0
5154,Erdal Rakip,4530,[2017],Crystal Palace,0,0,0,0,0,0,0,0,0,0,0,0,0,0,0,0,0,0,0,0,0,0,0,0,0,0,0,0,0,0
5155,Jesse Joronen,4531,[2013],Fulham FC,0,0,0,0,0,0,0,0,0,0,0,0,0,0,0,0,0,0,0,0,0,0,0,0,0,0,0,0,0,0
5156,Russell Anderson,4532,[2007],Sunderland AFC,0,0,0,0,0,0,1,0,1,28,0,0,1,0,1,28,0,0,0,0,0,0,0,0,0,0,0,0,0,0
5157,Joe Powell,4533,[2018],West Ham United,0,0,0,0,0,0,0,0,0,0,0,0,0,0,0,0,0,0,0,0,0,0,0,0,0,0,0,0,0,0
5158,Gareth Evans,4534,[2000],Leeds United,1,0,1,33,0,0,0,0,0,0,0,0,1,0,1,33,0,0,0,0,0,0,0,0,0,0,0,0,0,0
5159,Levi Lumeka,4535,[2017],Crystal Palace,0,0,0,0,0,0,1,0,1,25,0,0,1,0,1,25,0,0,0,0,0,0,0,0,0,0,0,0,0,0
5160,Curtis Good,4536,[2012],Newcastle United,0,0,0,0,0,0,0,0,0,0,0,0,0,0,0,0,0,0,0,0,0,0,0,0,0,0,0,0,0,0
5161,Blessing Kaku,4537,[2004],Bolton Wanderers,0,0,0,0,0,0,1,0,1,25,0,0,1,0,1,25,0,0,0,0,0,0,0,0,0,0,0,0,0,0
5162,Jaros≈Çaw Jach,4538,[2017],Crystal Palace,0,0,0,0,0,0,0,0,0,0,0,0,0,0,0,0,0,0,0,0,0,0,0,0,0,0,0,0,0,0
5163,Jay O‚ÄôShea,4539,[2009],Birmingham City,0,0,0,0,0,0,1,0,1,9,0,0,1,0,1,9,0,0,0,0,0,0,0,0,0,0,0,0,0,0
5164,Stefan Malz,4540,[2000],Arsenal FC,0,0,0,0,0,0,1,0,1,17,0,0,1,0,1,17,0,0,0,0,0,0,0,0,0,0,0,0,0,0
5165,Alex Cochrane,4541,[2019],Brighton & Hove Albion,0,0,0,0,0,0,0,0,0,0,0,0,0,0,0,0,0,0,0,0,0,0,0,0,0,0,0,0,0,0
5166,Diego Penny,4542,[2009],Burnley FC,1,0,1,75,0,0,0,0,0,0,0,0,1,0,1,75,0,0,0,0,0,0,0,0,0,0,0,0,0,0
5167,Rob Davies,4543,[2005],West Bromwich Albion,0,0,0,0,0,0,1,1,0,90,0,0,1,1,0,90,0,0,0,0,0,0,0,0,0,0,0,0,0,0
5168,Espen Baardsen,4544,[2002],Everton FC,0,0,0,0,0,0,1,1,0,90,0,0,1,1,0,90,0,0,0,0,0,0,0,0,0,0,0,0,0,0
5169,Max Stryjek,4545,[2016],Sunderland AFC,0,0,0,0,0,0,0,0,0,0,0,0,0,0,0,0,0,0,0,0,0,0,0,0,0,0,0,0,0,0
5170,Gary Charles,4546,[2000],West Ham United,1,0,1,45,0,0,0,0,0,0,0,0,1,0,1,45,0,0,0,0,0,0,0,0,0,0,0,0,0,0
5171,Tony Cottee,4547,[2000],Leicester City,0,0,0,0,0,0,2,0,2,24,0,0,2,0,2,24,0,0,0,0,0,0,0,0,0,0,0,0,0,0
5172,Alfie Lewis,4548,[2019],West Ham United,0,0,0,0,0,0,0,0,0,0,0,0,0,0,0,0,0,0,0,0,0,0,0,0,0,0,0,0,0,0
5173,Daniel Batty,4549,[2016],Hull City,0,0,0,0,0,0,0,0,0,0,0,0,0,0,0,0,0,0,0,0,0,0,0,0,0,0,0,0,0,0
5174,Nathan Ferguson,4550,[2017],West Bromwich Albion,0,0,0,0,0,0,0,0,0,0,0,0,0,0,0,0,0,0,0,0,0,0,0,0,0,0,0,0,0,0
5175,Riccardo Calder,4551,[2014],Aston Villa,0,0,0,0,0,0,0,0,0,0,0,0,0,0,0,0,0,0,0,0,0,0,0,0,0,0,0,0,0,0
5176,Lacina Traor√©,4552,[2013],Everton FC,0,0,0,0,0,0,1,0,1,1,0,0,1,0,1,1,0,0,0,0,0,0,0,0,0,0,0,0,0,0
5177,Sergi Can√≥s,4553,[2015],Liverpool FC,0,0,0,0,0,0,1,0,1,9,0,0,1,0,1,9,0,0,0,0,0,0,0,0,0,0,0,0,0,0
5178,Wayne Henderson,4554,[2004],Aston Villa,0,0,0,0,0,0,0,0,0,0,0,0,0,0,0,0,0,0,0,0,0,0,0,0,0,0,0,0,0,0
5179,Chris David,4555,[2013],Fulham FC,1,0,1,67,1,0,0,0,0,0,0,0,1,0,1,67,1,0,1,0,1,1,0,1,0,0,0,0,0,0
5180,George Williams,4556,[2013],Fulham FC,0,0,0,0,0,0,0,0,0,0,0,0,0,0,0,0,0,0,0,0,0,0,0,0,0,0,0,0,0,0
5181,Dave Raven,4557,[2004],Liverpool FC,0,0,0,0,0,0,1,0,1,23,0,0,1,0,1,23,0,0,0,0,0,0,0,0,0,0,0,0,0,0
5182,Daniel Kemp,4558,[2016],West Ham United,0,0,0,0,0,0,0,0,0,0,0,0,0,0,0,0,0,0,0,0,0,0,0,0,0,0,0,0,0,0
5183,Philippe Sandler,4559,[2018],Manchester City,0,0,0,0,0,0,0,0,0,0,0,0,0,0,0,0,0,0,0,0,0,0,0,0,0,0,0,0,0,0
5184,Paul Murray,4560,[2001],Southampton FC,0,0,0,0,0,0,1,0,1,8,0,0,1,0,1,8,0,0,0,0,0,0,0,0,0,0,0,0,0,0
5185,Arturo Lupoli,4561,[2005],Arsenal FC,0,0,0,0,0,0,1,0,1,8,0,0,1,0,1,8,0,0,0,0,0,0,0,0,0,0,0,0,0,0
5186,Dan N'Lundulu,4562,[2019],Southampton FC,0,0,0,0,0,0,0,0,0,0,0,0,0,0,0,0,0,0,0,0,0,0,0,0,0,0,0,0,0,0
5187,Kyle Jameson,4563,[2017],West Bromwich Albion,0,0,0,0,0,0,0,0,0,0,0,0,0,0,0,0,0,0,0,0,0,0,0,0,0,0,0,0,0,0
5188,Petter Vaagan Moen,4564,[2011],Queens Park Rangers,0,0,0,0,0,0,0,0,0,0,0,0,0,0,0,0,0,0,0,0,0,0,0,0,0,0,0,0,0,0
5189,Joe Rothwell,4565,[2015],Manchester United,0,0,0,0,0,0,0,0,0,0,0,0,0,0,0,0,0,0,0,0,0,0,0,0,0,0,0,0,0,0
5190,Luke Croll,4566,[2015],Crystal Palace,0,0,0,0,0,0,0,0,0,0,0,0,0,0,0,0,0,0,0,0,0,0,0,0,0,0,0,0,0,0
5191,Jeff Smith,4567,[2001],Bolton Wanderers,0,0,0,0,0,0,1,0,1,31,0,0,1,0,1,31,0,0,0,0,0,0,0,0,0,0,0,0,0,0
5192,Shay Logan,4568,[2008],Manchester City,0,0,0,0,0,0,1,1,0,90,0,0,1,1,0,90,0,0,0,0,0,0,0,0,0,0,0,0,0,0
5193,Jake Larkins,4569,[2010],West Ham United,0,0,0,0,0,0,0,0,0,0,0,0,0,0,0,0,0,0,0,0,0,0,0,0,0,0,0,0,0,0
5194,Steven Hewitt,4570,[2014],Burnley FC,0,0,0,0,0,0,0,0,0,0,0,0,0,0,0,0,0,0,0,0,0,0,0,0,0,0,0,0,0,0
5195,Thierry Ambrose,4571,[2014],Manchester City,0,0,0,0,0,0,0,0,0,0,0,0,0,0,0,0,0,0,0,0,0,0,0,0,0,0,0,0,0,0
5196,Ryan Garry,4572,[2002],Arsenal FC,1,1,0,90,0,0,0,0,0,0,0,0,1,1,0,90,0,0,0,0,0,0,0,0,0,0,0,0,0,0
5197,Stathis Tavlaridis,4573,[2002],Arsenal FC,1,0,1,15,0,0,0,0,0,0,0,0,1,0,1,15,0,0,0,0,0,0,0,0,0,0,0,0,0,0
5198,Marlon Beresford,4574,"[2000, 2001]",Middlesbrough FC,1,0,1,66,0,0,1,0,1,72,0,0,2,0,2,138,0,0,0,0,0,0,0,0,0,0,0,0,0,0
5199,Sebastian Usai,4575,[2011],Blackburn Rovers,0,0,0,0,0,0,0,0,0,0,0,0,0,0,0,0,0,0,0,0,0,0,0,0,0,0,0,0,0,0
5200,Shaun Byrne,4576,[2001],West Ham United,0,0,0,0,0,0,1,0,1,13,0,0,1,0,1,13,0,0,0,0,0,0,0,0,0,0,0,0,0,0
5201,Mathew Birley,4577,[2005],Birmingham City,0,0,0,0,0,0,1,0,1,25,0,0,1,0,1,25,0,0,0,0,0,0,0,0,0,0,0,0,0,0
5202,Ben Roberts,4578,[2002],Charlton Athletic,1,0,1,58,0,0,0,0,0,0,0,0,1,0,1,58,0,0,0,0,0,0,0,0,0,0,0,0,0,0
5203,Terry Dunfield,4579,[2000],Manchester City,1,0,1,58,0,0,0,0,0,0,0,0,1,0,1,58,0,0,0,0,0,0,0,0,0,0,0,0,0,0
5204,Frankie Sutherland,4580,[2014],Queens Park Rangers,0,0,0,0,0,0,0,0,0,0,0,0,0,0,0,0,0,0,0,0,0,0,0,0,0,0,0,0,0,0
5205,Cameron John,4581,[2018],Wolverhampton Wanderers,0,0,0,0,0,0,0,0,0,0,0,0,0,0,0,0,0,0,0,0,0,0,0,0,0,0,0,0,0,0
